1 2 3 4 5 -0.243902 2.134146 0.548780 -0.012695 -0.066406 -0.989258 0.000000 0.000000 0.000000 877.000000
1 2 3 4 5 -0.121951 2.073171 0.487805 -0.011719 -0.066406 -0.993652 0.000000 0.000000 0.000000 1026.000000
1 2 3 4 5 -0.060976 2.073171 0.426829 -0.011719 -0.063477 -0.992188 0.000000 0.000000 0.000000 2786.000000
1 2 3 4 5 -0.121951 2.012195 0.487805 -0.005859 -0.068359 -0.965332 0.000000 0.000000 0.000000 1070.000000
1 2 3 4 5 -0.121951 2.073171 0.487805 -0.005859 -0.069824 -0.986816 -34.800000 -141.600000 140.400000 1605.000000
1 2 3 4 5 -0.000000 2.012195 0.609756 -0.005859 -0.067871 -0.992676 0.000000 0.000000 0.000000 1856.000000
1 2 3 4 5 -0.243902 2.012195 0.487805 -0.003906 -0.067871 -0.989746 0.000000 0.000000 0.000000 2009.000000
1 2 3 4 5 -0.182927 2.073171 0.426829 -0.007324 -0.068359 -0.978516 -35.400000 -137.400000 142.800000 2708.000000
1 2 3 4 5 -0.182927 2.012195 0.426829 -0.010254 -0.061035 -0.954590 0.000000 0.000000 0.000000 1607.000000
1 2 3 4 5 -0.121951 2.012195 0.548780 -0.013672 -0.063965 -0.971680 0.000000 0.000000 0.000000 493.000000
1 2 3 4 5 -0.121951 2.134146 0.426829 -0.011230 -0.064941 -0.993164 -36.000000 -141.000000 141.000000 2511.000000
1 2 3 4 5 -0.060976 1.951220 0.426829 -0.007324 -0.066895 -0.982422 0.000000 0.000000 0.000000 1439.000000
1 2 3 4 5 -0.182927 1.951220 0.487805 -0.012207 -0.064453 -0.982910 0.000000 0.000000 0.000000 2863.000000
1 2 3 4 5 -0.182927 2.073171 0.548780 -0.009766 -0.060547 -0.965820 -34.200000 -146.400000 139.800000 349.000000
1 2 3 4 5 -0.121951 2.073171 0.487805 -0.006348 -0.061523 -0.964844 0.000000 0.000000 0.000000 499.000000
1 2 3 4 5 -0.182927 2.073171 0.548780 -0.002930 -0.075195 -0.981445 0.000000 0.000000 0.000000 2097.000000
1 2 3 4 5 -0.121951 2.012195 0.426829 -0.009766 -0.071777 -0.975586 -36.000000 -141.600000 142.200000 1665.000000
1 2 3 4 5 -0.060976 2.012195 0.426829 -0.010742 -0.067383 -0.969727 0.000000 0.000000 0.000000 948.000000
1 2 3 4 5 -0.182927 2.073171 0.548780 -0.012207 -0.070313 -0.958008 0.000000 0.000000 0.000000 1634.000000
1 2 3 4 5 -0.182927 2.012195 0.548780 -0.009766 -0.066406 -0.982910 -37.200000 -139.800000 141.000000 425.000000
1 2 3 4 5 -0.121951 2.012195 0.487805 -0.013672 -0.061523 -0.976563 0.000000 0.000000 0.000000 2592.000000
1 2 3 4 5 -0.121951 2.134146 0.548780 -0.009766 -0.063965 -0.970215 0.000000 0.000000 0.000000 5.000000
1 2 3 4 5 -0.121951 2.073171 0.487805 -0.008301 -0.071289 -0.978027 -32.400000 -142.200000 139.800000 915.000000
1 2 3 4 5 -0.121951 2.012195 0.487805 -0.009766 -0.075684 -0.975586 0.000000 0.000000 0.000000 2008.000000
1 2 3 4 5 -0.060976 2.012195 0.487805 -0.008789 -0.060547 -0.979004 0.000000 0.000000 0.000000 128.000000
1 2 3 4 5 -0.121951 2.012195 0.426829 -0.012695 -0.070313 -0.968262 -36.600000 -141.600000 141.000000 2276.000000
1 2 3 4 5 -0.060976 2.073171 0.548780 -0.012695 -0.067383 -0.981445 0.000000 0.000000 0.000000 943.000000
1 2 3 4 5 -0.060976 2.012195 0.426829 -0.016602 -0.066406 -0.988281 0.000000 0.000000 0.000000 1557.000000
1 2 3 4 5 -0.182927 1.951220 0.426829 -0.014160 -0.057617 -0.999023 -34.800000 -139.200000 139.800000 2449.000000
1 2 3 4 5 -0.182927 2.012195 0.426829 -0.012207 -0.066406 -0.977051 0.000000 0.000000 0.000000 339.000000
1 2 3 4 5 -0.060976 2.012195 0.487805 -0.008301 -0.066895 -0.977539 0.000000 0.000000 0.000000 2249.000000
1 2 3 4 5 -0.121951 2.012195 0.487805 -0.004395 -0.064941 -0.988770 -34.200000 -141.600000 141.600000 521.000000
1 2 3 4 5 -0.121951 2.073171 0.487805 -0.011719 -0.061523 -0.982422 0.000000 0.000000 0.000000 682.000000
1 2 3 4 5 -0.182927 2.012195 0.487805 -0.011719 -0.064453 -0.976563 0.000000 0.000000 0.000000 2018.000000
1 2 3 4 5 -0.182927 2.012195 0.548780 -0.017090 -0.068848 -0.980957 -36.000000 -138.600000 140.400000 661.000000
1 2 3 4 5 -0.121951 1.951220 0.487805 -0.009766 -0.065918 -0.987793 0.000000 0.000000 0.000000 1014.000000
1 2 3 4 5 -0.121951 2.012195 0.487805 -0.008789 -0.066895 -0.985352 0.000000 0.000000 0.000000 1516.000000
1 2 3 4 5 -0.121951 1.951220 0.487805 -0.008301 -0.071289 -0.985352 -34.200000 -139.800000 142.200000 863.000000
1 2 3 4 5 -0.060976 2.134146 0.487805 -0.001465 -0.071777 -0.968262 0.000000 0.000000 0.000000 2827.000000
1 2 3 4 5 -0.182927 2.012195 0.426829 -0.009766 -0.062988 -0.973145 0.000000 0.000000 0.000000 1670.000000
1 2 3 4 5 -0.121951 2.012195 0.487805 -0.012207 -0.070801 -0.964355 -33.000000 -138.000000 142.800000 1642.000000
1 2 3 4 5 -0.060976 2.012195 0.548780 -0.001953 -0.066895 -0.971191 0.000000 0.000000 0.000000 1623.000000
1 2 3 4 5 -0.182927 2.012195 0.548780 -0.011719 -0.067871 -0.976563 0.000000 0.000000 0.000000 575.000000
1 2 3 4 5 -0.304878 1.951220 0.548780 -0.012207 -0.069824 -0.982422 -31.800000 -139.800000 140.400000 2676.000000
1 2 3 4 5 -0.182927 2.134146 0.426829 -0.008301 -0.078613 -0.975098 0.000000 0.000000 0.000000 1165.000000
1 2 3 4 5 -0.000000 1.951220 0.487805 -0.004883 -0.065430 -0.968262 0.000000 0.000000 0.000000 1008.000000
1 2 3 4 5 -0.182927 1.951220 0.487805 -0.000488 -0.066406 -0.983398 -36.600000 -141.600000 141.600000 2458.000000
1 2 3 4 5 -0.121951 1.951220 0.548780 -0.005371 -0.073730 -0.973633 0.000000 0.000000 0.000000 1420.000000
1 2 3 4 5 -0.121951 2.134146 0.548780 -0.018555 -0.063965 -0.988770 0.000000 0.000000 0.000000 1953.000000
1 2 3 4 5 -0.182927 1.951220 0.426829 -0.006348 -0.070313 -0.984863 -31.800000 -139.200000 142.200000 1743.000000
1 2 3 4 5 -0.182927 2.073171 0.487805 -0.002930 -0.061523 -0.984863 0.000000 0.000000 0.000000 985.000000
1 2 3 4 5 -0.060976 2.073171 0.426829 -0.007324 -0.067383 -0.976074 0.000000 0.000000 0.000000 2637.000000
1 2 3 4 5 -0.121951 2.073171 0.548780 -0.006348 -0.071289 -0.962891 -33.600000 -138.600000 141.600000 1150.000000
1 2 3 4 5 -0.121951 2.134146 0.487805 -0.014648 -0.063965 -0.985352 0.000000 0.000000 0.000000 1312.000000
1 2 3 4 5 -0.060976 2.073171 0.487805 -0.005859 -0.066895 -0.980469 0.000000 0.000000 0.000000 1365.000000
1 2 3 4 5 -0.121951 1.951220 0.426829 -0.013672 -0.068359 -0.970215 -30.600000 -142.200000 140.400000 2101.000000
1 2 3 4 5 -0.060976 2.012195 0.487805 -0.010254 -0.067383 -0.988770 0.000000 0.000000 0.000000 2663.000000
1 2 3 4 5 -0.182927 2.073171 0.426829 -0.015625 -0.071289 -0.972656 0.000000 0.000000 0.000000 1512.000000
1 2 3 4 5 -0.121951 2.012195 0.426829 -0.010254 -0.064453 -0.983398 -36.000000 -147.000000 140.400000 1116.000000
1 2 3 4 5 -0.121951 2.134146 0.548780 -0.003906 -0.075195 -0.973633 0.000000 0.000000 0.000000 2370.000000
1 2 3 4 5 -0.182927 1.951220 0.487805 -0.012695 -0.068848 -0.985352 0.000000 0.000000 0.000000 2591.000000
1 2 3 4 5 -0.121951 2.012195 0.548780 -0.013184 -0.070801 -0.992676 -34.800000 -148.200000 142.200000 3186.000000
1 2 3 4 5 -0.121951 2.012195 0.426829 -0.005859 -0.064941 -0.982910 0.000000 0.000000 0.000000 1425.000000
1 2 3 4 5 -0.060976 2.073171 0.548780 -0.015625 -0.067871 -0.982910 0.000000 0.000000 0.000000 41.000000
1 2 3 4 5 -0.121951 2.073171 0.548780 -0.006348 -0.065918 -0.984863 -33.000000 -141.600000 139.200000 2616.000000
1 2 3 4 5 -0.060976 2.012195 0.548780 0.000488 -0.072754 -0.978027 0.000000 0.000000 0.000000 2057.000000
1 2 3 4 5 -0.182927 2.073171 0.487805 -0.011230 -0.065918 -0.993164 0.000000 0.000000 0.000000 2046.000000
1 2 3 4 5 -0.182927 2.134146 0.426829 -0.003418 -0.071289 -0.971680 -36.600000 -143.400000 139.200000 567.000000
1 2 3 4 5 -0.182927 2.012195 0.548780 -0.011230 -0.054688 -0.975586 0.000000 0.000000 0.000000 1472.000000
1 2 3 4 5 -0.121951 2.012195 0.609756 -0.002930 -0.060059 -0.975098 0.000000 0.000000 0.000000 2953.000000
1 2 3 4 5 -0.121951 2.012195 0.426829 -0.000977 -0.067871 -0.979004 -38.400000 -144.000000 140.400000 1611.000000
1 2 3 4 5 -0.121951 2.073171 0.548780 0.001465 -0.064453 -0.988770 0.000000 0.000000 0.000000 1637.000000
1 2 3 4 5 -0.182927 2.073171 0.548780 -0.005371 -0.070313 -0.981445 0.000000 0.000000 0.000000 949.000000
1 2 3 4 5 -0.121951 2.012195 0.487805 -0.008301 -0.068848 -0.978027 -33.600000 -138.600000 139.800000 2683.000000
1 2 3 4 5 -0.182927 2.134146 0.487805 -0.008789 -0.061523 -0.994141 0.000000 0.000000 0.000000 2528.000000
1 2 3 4 5 -0.060976 2.012195 0.487805 -0.017578 -0.063965 -0.980957 0.000000 0.000000 0.000000 2162.000000
1 2 3 4 5 -0.060976 2.073171 0.487805 -0.006836 -0.065430 -0.989746 -34.200000 -134.400000 141.000000 1457.000000
1 2 3 4 5 -0.121951 2.073171 0.487805 -0.009766 -0.065430 -0.975586 0.000000 0.000000 0.000000 3264.000000
1 2 3 4 5 -0.121951 2.134146 0.487805 -0.018555 -0.063477 -0.982422 0.000000 0.000000 0.000000 3078.000000
1 2 3 4 5 -0.121951 1.951220 0.426829 -0.001465 -0.060547 -0.978027 -35.400000 -142.200000 139.800000 2593.000000
1 2 3 4 5 -0.121951 2.012195 0.487805 -0.002930 -0.070313 -0.973145 0.000000 0.000000 0.000000 940.000000
1 2 3 4 5 -0.182927 1.951220 0.487805 -0.014648 -0.067383 -0.970703 0.000000 0.000000 0.000000 5158.000000
1 2 3 4 5 -0.121951 2.195122 0.548780 -0.008301 -0.067871 -0.975586 -36.000000 -141.000000 141.000000 7666.000000
1 2 3 4 5 -0.121951 2.073171 0.548780 -0.003418 -0.071289 -0.984863 0.000000 0.000000 0.000000 7415.000000
1 2 3 4 5 -0.121951 2.012195 0.487805 -0.006348 -0.072266 -0.988281 0.000000 0.000000 0.000000 3474.000000
1 2 3 4 5 -0.121951 1.951220 0.548780 -0.009766 -0.064941 -0.958008 -37.200000 -144.000000 140.400000 3509.000000
1 2 3 4 5 -0.060976 2.073171 0.548780 -0.015625 -0.063965 -0.980957 0.000000 0.000000 0.000000 4432.000000
1 2 3 4 5 -0.060976 1.951220 0.487805 -0.010254 -0.064941 -0.977051 0.000000 0.000000 0.000000 6068.000000
1 2 3 4 5 -0.182927 2.012195 0.487805 -0.008789 -0.075195 -0.976074 -35.400000 -139.800000 139.800000 4357.000000
1 2 3 4 5 -0.121951 2.073171 0.365854 -0.006836 -0.071289 -0.973145 0.000000 0.000000 0.000000 5080.000000
1 2 3 4 5 -0.243902 2.012195 0.609756 -0.007324 -0.063477 -0.976563 0.000000 0.000000 0.000000 3169.000000
1 2 3 4 5 -0.182927 2.073171 0.487805 -0.012207 -0.064453 -0.981934 -37.800000 -141.600000 141.000000 3214.000000
1 2 3 4 5 -0.121951 2.073171 0.426829 -0.014648 -0.066406 -0.975586 0.000000 0.000000 0.000000 1844.000000
1 2 3 4 5 -0.000000 2.073171 0.548780 -0.005371 -0.065918 -0.987793 0.000000 0.000000 0.000000 4104.000000
1 2 3 4 5 -0.182927 2.012195 0.426829 -0.007324 -0.070313 -0.980957 -31.800000 -139.200000 139.200000 3795.000000
1 2 3 4 5 -0.243902 2.073171 0.548780 -0.004883 -0.069824 -0.994629 0.000000 0.000000 0.000000 2084.000000
1 2 3 4 5 -0.121951 2.012195 0.548780 -0.003418 -0.067383 -0.997070 0.000000 0.000000 0.000000 3619.000000
1 2 3 4 5 -0.182927 2.012195 0.548780 -0.011230 -0.059570 -0.981934 -37.800000 -143.400000 141.000000 1860.000000
1 2 3 4 5 -0.182927 2.012195 0.487805 -0.007813 -0.064453 -0.978516 0.000000 0.000000 0.000000 1386.000000
1 2 3 4 5 -0.121951 2.012195 0.426829 -0.007813 -0.073242 -0.989258 0.000000 0.000000 0.000000 4451.000000
1 2 3 4 5 -0.182927 2.012195 0.548780 -0.013672 -0.061523 -0.975098 -33.000000 -140.400000 140.400000 2625.000000
1 2 3 4 5 -0.182927 2.012195 0.426829 -0.006836 -0.071777 -0.960938 0.000000 0.000000 0.000000 5357.000000
1 2 3 4 5 -0.121951 2.073171 0.548780 -0.006836 -0.061035 -0.985352 0.000000 0.000000 0.000000 1083.000000
1 2 3 4 5 -0.182927 2.012195 0.487805 -0.005859 -0.062988 -0.971680 -34.800000 -140.400000 141.000000 2415.000000
1 2 3 4 5 -0.121951 1.951220 0.487805 -0.007324 -0.061523 -0.981934 0.000000 0.000000 0.000000 3788.000000
1 2 3 4 5 -0.121951 2.073171 0.609756 -0.009766 -0.079102 -0.981934 0.000000 0.000000 0.000000 3749.000000
1 2 3 4 5 -0.182927 2.012195 0.487805 -0.011719 -0.064453 -0.970703 -36.000000 -142.200000 138.600000 3998.000000
1 2 3 4 5 -0.243902 2.012195 0.426829 -0.009766 -0.060547 -0.971680 0.000000 0.000000 0.000000 2017.000000
1 2 3 4 5 -0.182927 1.951220 0.487805 -0.008301 -0.072266 -0.973145 0.000000 0.000000 0.000000 2969.000000
1 2 3 4 5 -0.182927 2.073171 0.548780 -0.014648 -0.059570 -0.991699 -37.800000 -144.600000 142.200000 4505.000000
1 2 3 4 5 -0.243902 2.012195 0.548780 -0.003906 -0.061523 -0.986328 0.000000 0.000000 0.000000 2225.000000
1 2 3 4 5 -0.060976 2.012195 0.609756 -0.008301 -0.070801 -0.990234 0.000000 0.000000 0.000000 1297.000000
1 2 3 4 5 -0.060976 2.073171 0.365854 -0.014648 -0.072266 -0.976074 -32.400000 -144.000000 141.600000 2043.000000
1 2 3 4 5 -0.060976 2.073171 0.548780 -0.007324 -0.068848 -0.978516 0.000000 0.000000 0.000000 1271.000000
1 2 3 4 5 -0.121951 2.073171 0.487805 -0.014648 -0.063477 -0.980469 0.000000 0.000000 0.000000 2734.000000
1 2 3 4 5 -0.121951 2.073171 0.548780 -0.013672 -0.065430 -0.975098 -34.200000 -145.800000 142.200000 -72.000000
1 2 3 4 5 -0.121951 2.073171 0.548780 -0.009766 -0.065430 -0.984375 0.000000 0.000000 0.000000 875.000000
1 2 3 4 5 -0.182927 2.012195 0.487805 -0.006348 -0.067871 -0.984375 0.000000 0.000000 0.000000 2032.000000
1 2 3 4 5 -0.121951 2.012195 0.487805 -0.013184 -0.072754 -0.976563 -40.200000 -141.000000 141.000000 1118.000000
1 2 3 4 5 -0.060976 2.073171 0.609756 -0.001465 -0.071289 -0.995117 0.000000 0.000000 0.000000 5749.000000
1 2 3 4 5 -0.060976 2.012195 0.487805 -0.009766 -0.065918 -0.986816 0.000000 0.000000 0.000000 2861.000000
1 2 3 4 5 -0.121951 2.073171 0.487805 0.000488 -0.071289 -0.980469 -34.200000 -139.200000 139.800000 2842.000000
1 2 3 4 5 -0.243902 2.012195 0.487805 -0.012207 -0.065430 -0.994141 0.000000 0.000000 0.000000 3667.000000
1 2 3 4 5 -0.060976 2.073171 0.548780 -0.010254 -0.062988 -0.964355 0.000000 0.000000 0.000000 311.000000
1 2 3 4 5 -0.121951 1.890244 0.426829 -0.014160 -0.078125 -0.995117 -34.200000 -141.600000 141.000000 2581.000000
1 2 3 4 5 -0.060976 2.012195 0.487805 -0.007324 -0.060547 -0.983887 0.000000 0.000000 0.000000 2350.000000
1 2 3 4 5 -0.121951 2.073171 0.487805 0.005859 -0.065918 -0.983887 0.000000 0.000000 0.000000 3765.000000
1 2 3 4 5 -0.182927 2.012195 0.426829 -0.009766 -0.064941 -0.971680 -36.600000 -141.600000 144.000000 3715.000000
1 2 3 4 5 -0.182927 1.951220 0.487805 -0.006348 -0.078613 -0.979004 0.000000 0.000000 0.000000 1322.000000
1 2 3 4 5 -0.000000 2.134146 0.548780 -0.012207 -0.063477 -0.997559 0.000000 0.000000 0.000000 3488.000000
1 2 3 4 5 -0.121951 2.073171 0.426829 -0.015625 -0.067871 -0.995117 -34.800000 -140.400000 142.200000 1192.000000
1 2 3 4 5 -0.060976 2.012195 0.548780 -0.015625 -0.066406 -0.980469 0.000000 0.000000 0.000000 1536.000000
1 2 3 4 5 -0.182927 1.951220 0.426829 -0.006348 -0.068848 -0.987793 0.000000 0.000000 0.000000 3019.000000
1 2 3 4 5 -0.182927 2.012195 0.548780 -0.009766 -0.064941 -0.986328 -34.800000 -140.400000 140.400000 1890.000000
1 2 3 4 5 -0.182927 2.012195 0.426829 -0.000488 -0.063477 -0.976074 0.000000 0.000000 0.000000 1789.000000
1 2 3 4 5 -0.121951 2.012195 0.426829 -0.014648 -0.064453 -0.973145 0.000000 0.000000 0.000000 1241.000000
1 2 3 4 5 -0.060976 2.073171 0.487805 -0.018555 -0.071289 -0.986816 -36.000000 -150.600000 142.800000 1794.000000
1 2 3 4 5 -0.121951 2.134146 0.426829 -0.010742 -0.071777 -0.971680 0.000000 0.000000 0.000000 2628.000000
1 2 3 4 5 -0.121951 1.951220 0.487805 -0.016602 -0.068359 -0.984863 0.000000 0.000000 0.000000 1245.000000
1 2 3 4 5 -0.121951 2.012195 0.548780 -0.004395 -0.064941 -0.975098 -38.400000 -145.200000 139.800000 675.000000
1 2 3 4 5 -0.060976 2.134146 0.548780 -0.014160 -0.070801 -0.978027 0.000000 0.000000 0.000000 2752.000000
1 2 3 4 5 -0.121951 2.195122 0.487805 -0.007813 -0.065430 -0.993164 0.000000 0.000000 0.000000 1432.000000
1 2 3 4 5 -0.060976 2.012195 0.487805 -0.019531 -0.066895 -0.989258 -36.000000 -141.600000 142.200000 2442.000000
1 2 3 4 5 -0.121951 2.073171 0.426829 -0.005859 -0.066895 -0.983887 0.000000 0.000000 0.000000 1436.000000
1 2 3 4 5 -0.060976 2.073171 0.426829 -0.004883 -0.063477 -0.972656 0.000000 0.000000 0.000000 969.000000
1 2 3 4 5 -0.243902 2.073171 0.548780 -0.013184 -0.063477 -0.972168 -31.800000 -138.000000 141.000000 2436.000000
1 2 3 4 5 -0.182927 2.012195 0.487805 -0.005859 -0.066406 -0.977051 0.000000 0.000000 0.000000 1759.000000
1 2 3 4 5 -0.060976 1.951220 0.487805 -0.006348 -0.064941 -0.993652 0.000000 0.000000 0.000000 2734.000000
1 2 3 4 5 -0.121951 2.012195 0.487805 -0.015625 -0.075195 -0.979004 -36.600000 -143.400000 139.800000 1963.000000
1 2 3 4 5 -0.182927 2.012195 0.426829 -0.008789 -0.069824 -0.978516 0.000000 0.000000 0.000000 2649.000000
1 2 3 4 5 -0.182927 2.073171 0.487805 -0.008789 -0.073242 -0.979004 0.000000 0.000000 0.000000 2964.000000
1 2 3 4 5 -0.060976 2.073171 0.487805 -0.008301 -0.076660 -0.969727 -34.200000 -138.600000 139.800000 1093.000000
1 2 3 4 5 -0.060976 2.073171 0.487805 -0.013672 -0.059570 -0.992676 0.000000 0.000000 0.000000 1155.000000
1 2 3 4 5 -0.182927 1.951220 0.487805 -0.005859 -0.066895 -0.978027 0.000000 0.000000 0.000000 1708.000000
1 2 3 4 5 -0.060976 2.073171 0.487805 0.000977 -0.071289 -0.966797 -34.200000 -138.000000 142.200000 2736.000000
1 2 3 4 5 -0.121951 2.134146 0.548780 -0.011230 -0.069824 -0.980957 0.000000 0.000000 0.000000 3325.000000
1 2 3 4 5 -0.182927 2.073171 0.548780 -0.006836 -0.060059 -0.965332 0.000000 0.000000 0.000000 689.000000
1 2 3 4 5 -0.121951 2.134146 0.487805 -0.008789 -0.066406 -0.983887 -34.200000 -142.200000 142.800000 1266.000000
1 2 3 4 5 -0.121951 2.073171 0.487805 -0.011719 -0.064941 -0.973633 0.000000 0.000000 0.000000 2752.000000
1 2 3 4 5 -0.060976 2.012195 0.548780 -0.008301 -0.065918 -0.986328 0.000000 0.000000 0.000000 3164.000000
1 2 3 4 5 -0.121951 2.195122 0.487805 -0.013184 -0.067871 -0.986816 -35.400000 -144.000000 142.800000 3730.000000
1 2 3 4 5 -0.243902 2.012195 0.487805 -0.010742 -0.065430 -0.978516 0.000000 0.000000 0.000000 1771.000000
1 2 3 4 5 -0.121951 2.073171 0.487805 -0.005371 -0.060547 -0.989746 0.000000 0.000000 0.000000 3247.000000
1 2 3 4 5 -0.121951 2.073171 0.426829 -0.013184 -0.062988 -0.983887 -34.200000 -143.400000 141.600000 4217.000000
1 2 3 4 5 -0.182927 2.073171 0.487805 -0.012207 -0.065918 -0.987793 0.000000 0.000000 0.000000 2565.000000
1 2 3 4 5 -0.182927 2.134146 0.487805 -0.006836 -0.067383 -0.987305 0.000000 0.000000 0.000000 2005.000000
1 2 3 4 5 -0.182927 1.951220 0.426829 -0.007324 -0.070801 -0.983398 -34.800000 -138.000000 141.000000 1505.000000
1 2 3 4 5 -0.121951 2.012195 0.487805 -0.004883 -0.062012 -0.972656 0.000000 0.000000 0.000000 2288.000000
1 2 3 4 5 -0.060976 1.951220 0.548780 -0.008301 -0.059082 -0.988281 0.000000 0.000000 0.000000 1079.000000
1 2 3 4 5 -0.182927 2.073171 0.548780 -0.008301 -0.064453 -0.980469 -34.200000 -135.000000 141.600000 5842.000000
1 2 3 4 5 -0.121951 1.951220 0.548780 -0.007813 -0.066895 -0.984863 0.000000 0.000000 0.000000 13498.000000
1 2 3 4 5 -0.182927 1.951220 0.426829 -0.020020 -0.063965 -0.989746 0.000000 0.000000 0.000000 11510.000000
1 2 3 4 5 -0.121951 2.134146 0.548780 -0.013672 -0.072266 -0.984863 -34.800000 -143.400000 139.800000 12120.000000
1 2 3 4 5 -0.243902 2.073171 0.548780 -0.003906 -0.073730 -0.966309 0.000000 0.000000 0.000000 11952.000000
1 2 3 4 5 -0.060976 1.951220 0.548780 -0.006348 -0.064941 -0.959473 0.000000 0.000000 0.000000 8500.000000
1 2 3 4 5 -0.121951 2.012195 0.548780 -0.001953 -0.065430 -0.969238 -33.600000 -147.600000 139.200000 11682.000000
1 2 3 4 5 -0.182927 2.073171 0.426829 -0.013672 -0.068359 -0.990234 0.000000 0.000000 0.000000 9582.000000
1 2 3 4 5 -0.060976 2.073171 0.609756 -0.012695 -0.065430 -0.965820 0.000000 0.000000 0.000000 4837.000000
1 2 3 4 5 -0.121951 1.951220 0.609756 -0.013672 -0.065918 -0.982910 -37.800000 -138.000000 139.800000 3821.000000
1 2 3 4 5 -0.182927 2.134146 0.548780 -0.012207 -0.070801 -0.973633 0.000000 0.000000 0.000000 7512.000000
1 2 3 4 5 -0.000000 2.134146 0.365854 -0.005859 -0.066895 -0.972168 0.000000 0.000000 0.000000 7202.000000
1 2 3 4 5 -0.182927 2.012195 0.487805 -0.015137 -0.070313 -0.973633 -35.400000 -142.200000 141.000000 6040.000000
1 2 3 4 5 -0.060976 2.012195 0.548780 -0.016113 -0.058594 -0.975586 0.000000 0.000000 0.000000 9309.000000
1 2 3 4 5 -0.121951 2.012195 0.487805 -0.005859 -0.070801 -0.981445 0.000000 0.000000 0.000000 8771.000000
1 2 3 4 5 -0.121951 2.134146 0.487805 -0.008789 -0.070313 -0.977539 -34.200000 -145.800000 142.200000 11256.000000
1 2 3 4 5 -0.060976 2.134146 0.426829 -0.019531 -0.071289 -0.985352 0.000000 0.000000 0.000000 15941.000000
1 2 3 4 5 -0.243902 2.134146 0.426829 -0.007813 -0.065918 -0.982422 0.000000 0.000000 0.000000 13570.000000
1 2 3 4 5 -0.121951 2.012195 0.487805 -0.009766 -0.077148 -0.973145 -36.600000 -140.400000 140.400000 5942.000000
1 2 3 4 5 -0.121951 2.195122 0.426829 -0.009766 -0.065918 -0.977051 0.000000 0.000000 0.000000 5667.000000
1 2 3 4 5 -0.060976 2.073171 0.487805 -0.004395 -0.065918 -0.967285 0.000000 0.000000 0.000000 2631.000000
1 2 3 4 5 -0.121951 2.073171 0.487805 -0.005859 -0.065918 -0.990723 -34.800000 -147.000000 140.400000 6811.000000
1 2 3 4 5 -0.060976 2.134146 0.487805 -0.008789 -0.068359 -0.972656 0.000000 0.000000 0.000000 8640.000000
1 2 3 4 5 -0.243902 2.073171 0.548780 -0.003418 -0.065918 -0.976563 0.000000 0.000000 0.000000 8761.000000
1 2 3 4 5 -0.060976 2.073171 0.426829 -0.005859 -0.064941 -0.971191 -36.000000 -137.400000 141.600000 4477.000000
1 2 3 4 5 -0.121951 1.951220 0.487805 -0.008301 -0.063477 -0.991699 0.000000 0.000000 0.000000 3206.000000
1 2 3 4 5 -0.121951 2.073171 0.426829 -0.008301 -0.064453 -1.000000 0.000000 0.000000 0.000000 6531.000000
1 2 3 4 5 -0.121951 2.012195 0.487805 -0.003418 -0.064941 -0.981934 -35.400000 -144.000000 139.800000 2996.000000
1 2 3 4 5 -0.182927 2.012195 0.548780 -0.014648 -0.066406 -0.972656 0.000000 0.000000 0.000000 3468.000000
1 2 3 4 5 -0.121951 2.073171 0.609756 -0.012207 -0.065430 -0.984375 0.000000 0.000000 0.000000 3652.000000
1 2 3 4 5 -0.121951 2.195122 0.548780 -0.005371 -0.057129 -0.982422 -32.400000 -141.000000 143.400000 4447.000000
1 2 3 4 5 -0.182927 2.073171 0.426829 -0.006836 -0.062012 -0.988770 0.000000 0.000000 0.000000 8212.000000
1 2 3 4 5 -0.121951 2.012195 0.487805 -0.004883 -0.071777 -0.973145 0.000000 0.000000 0.000000 7164.000000
1 2 3 4 5 -0.060976 2.134146 0.426829 -0.006348 -0.061523 -0.995117 -35.400000 -138.600000 142.200000 4998.000000
1 2 3 4 5 -0.060976 2.012195 0.426829 -0.015137 -0.071289 -0.987793 0.000000 0.000000 0.000000 12466.000000
1 2 3 4 5 -0.060976 2.012195 0.487805 -0.015137 -0.056641 -0.988281 0.000000 0.000000 0.000000 8339.000000
1 2 3 4 5 -0.121951 1.951220 0.548780 -0.008301 -0.070801 -0.987305 -32.400000 -139.800000 142.200000 3777.000000
1 2 3 4 5 -0.182927 2.073171 0.426829 -0.006836 -0.063477 -0.980469 0.000000 0.000000 0.000000 2500.000000
1 2 3 4 5 -0.182927 2.073171 0.487805 -0.004883 -0.070801 -0.972656 0.000000 0.000000 0.000000 2629.000000
1 2 3 4 5 -0.182927 2.012195 0.548780 -0.001953 -0.070801 -0.977539 -39.000000 -144.000000 142.800000 4928.000000
1 2 3 4 5 -0.121951 2.012195 0.548780 -0.006348 -0.074707 -0.974121 0.000000 0.000000 0.000000 2295.000000
1 2 3 4 5 -0.182927 2.073171 0.487805 -0.010742 -0.063965 -0.978516 0.000000 0.000000 0.000000 1938.000000
1 2 3 4 5 -0.060976 2.012195 0.426829 0.004883 -0.070313 -0.977539 -36.000000 -141.600000 141.000000 2320.000000
1 2 3 4 5 -0.121951 2.012195 0.548780 -0.012207 -0.057617 -0.984375 0.000000 0.000000 0.000000 1069.000000
1 2 3 4 5 -0.060976 2.012195 0.426829 -0.007324 -0.070801 -0.983398 0.000000 0.000000 0.000000 2289.000000
1 2 3 4 5 -0.121951 2.073171 0.548780 -0.010254 -0.061523 -0.989258 -35.400000 -139.800000 141.000000 407.000000
1 2 3 4 5 -0.121951 2.012195 0.426829 -0.012207 -0.063477 -0.988281 0.000000 0.000000 0.000000 1065.000000
1 2 3 4 5 -0.182927 2.073171 0.548780 -0.003418 -0.067383 -0.976563 0.000000 0.000000 0.000000 2148.000000
1 2 3 4 5 -0.182927 2.012195 0.487805 -0.006348 -0.062988 -0.983398 -36.000000 -144.000000 139.800000 1473.000000
1 2 3 4 5 -0.121951 2.012195 0.487805 -0.006348 -0.075195 -0.978027 0.000000 0.000000 0.000000 3103.000000
1 2 3 4 5 -0.121951 2.012195 0.487805 -0.002441 -0.066406 -0.982910 0.000000 0.000000 0.000000 1374.000000
1 2 3 4 5 -0.000000 2.012195 0.487805 -0.003906 -0.065918 -0.981934 -35.400000 -137.400000 141.600000 1375.000000
1 2 3 4 5 -0.121951 2.012195 0.609756 -0.005859 -0.067871 -0.973145 0.000000 0.000000 0.000000 2346.000000
1 2 3 4 5 -0.182927 1.951220 0.487805 -0.007813 -0.062012 -0.974121 0.000000 0.000000 0.000000 1543.000000
1 2 3 4 5 -0.060976 2.012195 0.426829 -0.015625 -0.077148 -0.972168 -33.600000 -139.800000 141.600000 3662.000000
1 2 3 4 5 -0.121951 2.012195 0.426829 -0.013184 -0.064453 -0.998535 0.000000 0.000000 0.000000 3000.000000
1 2 3 4 5 -0.121951 2.012195 0.426829 -0.005859 -0.071777 -0.993164 0.000000 0.000000 0.000000 2019.000000
1 2 3 4 5 -0.060976 2.073171 0.487805 -0.009766 -0.066895 -0.979492 -33.600000 -145.200000 142.200000 3239.000000
1 2 3 4 5 -0.182927 2.073171 0.426829 -0.009766 -0.067383 -0.983887 0.000000 0.000000 0.000000 1935.000000
1 2 3 4 5 -0.121951 2.073171 0.548780 -0.008301 -0.065918 -0.984375 0.000000 0.000000 0.000000 1193.000000
1 2 3 4 5 -0.060976 1.890244 0.548780 -0.007813 -0.072266 -0.959473 -36.000000 -139.800000 142.200000 2261.000000
1 2 3 4 5 -0.182927 2.073171 0.426829 -0.009766 -0.069824 -0.992188 0.000000 0.000000 0.000000 2582.000000
1 2 3 4 5 -0.121951 2.073171 0.487805 -0.010742 -0.065918 -0.981445 0.000000 0.000000 0.000000 3091.000000
1 2 3 4 5 -0.060976 2.073171 0.487805 0.000488 -0.070801 -0.986328 -31.200000 -136.800000 141.000000 1786.000000
1 2 3 4 5 -0.182927 2.012195 0.487805 -0.013184 -0.057617 -0.973633 0.000000 0.000000 0.000000 930.000000
1 2 3 4 5 -0.121951 1.951220 0.426829 -0.012207 -0.064453 -0.959473 0.000000 0.000000 0.000000 2964.000000
1 2 3 4 5 -0.121951 2.073171 0.487805 -0.012695 -0.073730 -0.980957 -34.200000 -140.400000 140.400000 2390.000000
1 2 3 4 5 -0.000000 2.012195 0.487805 -0.004395 -0.064453 -0.987305 0.000000 0.000000 0.000000 3156.000000
1 2 3 4 5 -0.121951 2.012195 0.609756 -0.011719 -0.080566 -0.975098 0.000000 0.000000 0.000000 878.000000
1 2 3 4 5 -0.182927 2.134146 0.487805 -0.013184 -0.071289 -0.988281 -32.400000 -142.200000 142.200000 1343.000000
1 2 3 4 5 -0.182927 2.134146 0.487805 -0.013672 -0.062988 -0.961914 0.000000 0.000000 0.000000 1963.000000
1 2 3 4 5 -0.182927 2.012195 0.487805 -0.000488 -0.067383 -0.969727 0.000000 0.000000 0.000000 1847.000000
1 2 3 4 5 -0.121951 2.073171 0.487805 -0.014648 -0.068848 -0.980957 -30.600000 -146.400000 141.000000 2390.000000
1 2 3 4 5 -0.243902 2.012195 0.548780 -0.007813 -0.065430 -0.986816 0.000000 0.000000 0.000000 1615.000000
1 2 3 4 5 -0.182927 2.134146 0.487805 -0.012695 -0.067871 -0.976563 0.000000 0.000000 0.000000 2601.000000
1 2 3 4 5 -0.121951 2.073171 0.548780 -0.006348 -0.058594 -0.976074 -36.600000 -140.400000 139.800000 2963.000000
1 2 3 4 5 -0.182927 2.073171 0.487805 -0.019531 -0.066406 -0.965820 0.000000 0.000000 0.000000 1837.000000
1 2 3 4 5 -0.121951 2.073171 0.365854 -0.011719 -0.070313 -0.975586 0.000000 0.000000 0.000000 3830.000000
1 2 3 4 5 -0.182927 2.073171 0.426829 -0.005371 -0.059082 -0.988770 -37.200000 -142.200000 142.200000 2674.000000
1 2 3 4 5 -0.182927 2.134146 0.487805 -0.014648 -0.079590 -0.985352 0.000000 0.000000 0.000000 4842.000000
1 2 3 4 5 -0.121951 1.951220 0.487805 -0.011719 -0.070313 -0.976074 0.000000 0.000000 0.000000 3894.000000
1 2 3 4 5 -0.121951 2.012195 0.487805 0.000977 -0.066895 -0.972656 -36.600000 -139.200000 142.200000 4314.000000
1 2 3 4 5 -0.121951 2.012195 0.426829 0.003418 -0.070801 -0.970703 0.000000 0.000000 0.000000 4007.000000
1 2 3 4 5 -0.182927 2.134146 0.487805 -0.006348 -0.061035 -0.980469 0.000000 0.000000 0.000000 3870.000000
1 2 3 4 5 -0.121951 2.073171 0.487805 -0.011230 -0.064453 -0.973633 -31.800000 -145.200000 138.600000 4425.000000
1 2 3 4 5 -0.182927 2.012195 0.487805 -0.006348 -0.062012 -0.973145 0.000000 0.000000 0.000000 1952.000000
1 2 3 4 5 -0.121951 1.951220 0.487805 -0.005371 -0.058105 -0.970215 0.000000 0.000000 0.000000 2496.000000
1 2 3 4 5 -0.121951 2.073171 0.426829 -0.006836 -0.067383 -0.973145 -40.200000 -141.000000 142.800000 1469.000000
1 2 3 4 5 -0.121951 2.012195 0.487805 -0.003418 -0.070801 -0.997070 0.000000 0.000000 0.000000 2689.000000
1 2 3 4 5 -0.121951 2.073171 0.487805 -0.013184 -0.066406 -0.966309 0.000000 0.000000 0.000000 3117.000000
1 2 3 4 5 -0.000000 2.012195 0.487805 -0.006348 -0.060547 -0.980469 -31.800000 -141.000000 139.200000 2631.000000
1 2 3 4 5 -0.182927 2.134146 0.426829 -0.015137 -0.066406 -0.961426 0.000000 0.000000 0.000000 1553.000000
1 2 3 4 5 -0.060976 2.134146 0.487805 -0.012207 -0.065918 -0.975098 0.000000 0.000000 0.000000 2372.000000
1 2 3 4 5 -0.121951 2.073171 0.487805 -0.013184 -0.069824 -0.990234 -35.400000 -145.200000 142.800000 2169.000000
1 2 3 4 5 -0.121951 2.073171 0.487805 -0.006836 -0.070313 -0.982910 0.000000 0.000000 0.000000 2223.000000
1 2 3 4 5 -0.121951 2.073171 0.487805 -0.012207 -0.071289 -0.987793 0.000000 0.000000 0.000000 1567.000000
1 2 3 4 5 -0.060976 2.012195 0.487805 -0.014160 -0.067871 -0.966309 -34.200000 -148.200000 142.800000 1250.000000
1 2 3 4 5 -0.121951 2.012195 0.487805 -0.011230 -0.063477 -0.977051 0.000000 0.000000 0.000000 2933.000000
1 2 3 4 5 -0.060976 2.012195 0.487805 -0.014160 -0.071289 -0.975098 0.000000 0.000000 0.000000 1536.000000
1 2 3 4 5 -0.121951 2.073171 0.487805 -0.007813 -0.068359 -0.983398 -34.200000 -141.000000 142.800000 1609.000000
1 2 3 4 5 -0.121951 2.073171 0.548780 -0.000977 -0.071289 -0.979492 0.000000 0.000000 0.000000 2769.000000
1 2 3 4 5 -0.060976 2.195122 0.487805 -0.008301 -0.075684 -0.997070 0.000000 0.000000 0.000000 2024.000000
1 2 3 4 5 -0.121951 2.012195 0.487805 -0.007324 -0.064941 -0.964355 -36.000000 -143.400000 141.600000 3075.000000
1 2 3 4 5 -0.121951 1.951220 0.487805 -0.007813 -0.064941 -0.974121 0.000000 0.000000 0.000000 936.000000
1 2 3 4 5 -0.121951 2.134146 0.487805 -0.004395 -0.065918 -0.983398 0.000000 0.000000 0.000000 1280.000000
1 2 3 4 5 -0.121951 1.951220 0.548780 -0.002441 -0.065918 -0.980957 -38.400000 -141.600000 144.000000 1993.000000
1 2 3 4 5 -0.060976 1.951220 0.609756 -0.013672 -0.067871 -0.976563 0.000000 0.000000 0.000000 1965.000000
1 2 3 4 5 -0.121951 1.951220 0.548780 -0.013184 -0.062012 -0.986816 0.000000 0.000000 0.000000 2490.000000
1 2 3 4 5 -0.060976 1.951220 0.487805 -0.003906 -0.062012 -0.969727 -37.200000 -142.200000 143.400000 144.000000
1 2 3 4 5 -0.182927 2.012195 0.487805 -0.009766 -0.070313 -0.960938 0.000000 0.000000 0.000000 1405.000000
1 2 3 4 5 -0.060976 1.951220 0.609756 -0.013184 -0.077637 -0.977539 0.000000 0.000000 0.000000 2111.000000
1 2 3 4 5 -0.121951 2.073171 0.426829 -0.011230 -0.066406 -0.986816 -36.000000 -143.400000 139.200000 1528.000000
1 2 3 4 5 -0.182927 2.012195 0.426829 -0.012207 -0.068359 -0.973633 0.000000 0.000000 0.000000 1652.000000
1 2 3 4 5 -0.182927 2.012195 0.548780 -0.001953 -0.066406 -0.994629 0.000000 0.000000 0.000000 1168.000000
1 2 3 4 5 -0.121951 2.073171 0.426829 -0.014160 -0.061035 -0.994141 -36.000000 -144.600000 142.800000 839.000000
1 2 3 4 5 -0.060976 1.951220 0.426829 -0.008789 -0.067871 -0.978516 0.000000 0.000000 0.000000 2345.000000
1 2 3 4 5 -0.121951 2.073171 0.548780 -0.004395 -0.066406 -0.986328 0.000000 0.000000 0.000000 529.000000
1 2 3 4 5 -0.182927 1.951220 0.548780 -0.010742 -0.067383 -0.974121 -34.200000 -138.600000 140.400000 1431.000000
1 2 3 4 5 -0.121951 2.073171 0.487805 -0.011719 -0.072266 -0.977051 0.000000 0.000000 0.000000 2342.000000
1 2 3 4 5 -0.182927 2.073171 0.548780 -0.011230 -0.071777 -0.973633 0.000000 0.000000 0.000000 1157.000000
1 2 3 4 5 -0.121951 2.012195 0.548780 -0.009766 -0.066406 -0.986816 -34.800000 -138.000000 140.400000 3317.000000
1 2 3 4 5 -0.121951 2.073171 0.487805 -0.008301 -0.063477 -0.965820 0.000000 0.000000 0.000000 484.000000
1 2 3 4 5 -0.121951 2.073171 0.548780 -0.006836 -0.075195 -0.977051 0.000000 0.000000 0.000000 919.000000
1 2 3 4 5 -0.121951 2.012195 0.548780 -0.002441 -0.071777 -0.972168 -37.200000 -144.000000 140.400000 2783.000000
1 2 3 4 5 -0.121951 2.073171 0.487805 -0.015625 -0.071289 -0.970703 0.000000 0.000000 0.000000 449.000000
1 2 3 4 5 -0.060976 1.890244 0.487805 -0.006836 -0.069824 -0.983398 0.000000 0.000000 0.000000 2764.000000
1 2 3 4 5 -0.121951 2.134146 0.548780 -0.008789 -0.061523 -0.982910 -32.400000 -142.200000 141.600000 455.000000
1 2 3 4 5 -0.121951 2.012195 0.426829 -0.011230 -0.060547 -0.984863 0.000000 0.000000 0.000000 970.000000
1 2 3 4 5 -0.060976 2.073171 0.487805 -0.016602 -0.058594 -0.979492 0.000000 0.000000 0.000000 2044.000000
1 2 3 4 5 -0.121951 2.012195 0.548780 -0.013672 -0.072266 -0.971680 -38.400000 -141.000000 142.800000 -34.000000
1 2 3 4 5 -0.182927 2.134146 0.487805 -0.014648 -0.076660 -0.973633 0.000000 0.000000 0.000000 1360.000000
1 2 3 4 5 -0.182927 2.012195 0.487805 -0.007813 -0.068848 -0.970215 0.000000 0.000000 0.000000 1187.000000
1 2 3 4 5 -0.121951 2.012195 0.487805 -0.010254 -0.077637 -0.983398 -32.400000 -145.200000 143.400000 1053.000000
1 2 3 4 5 -0.121951 2.012195 0.426829 -0.015625 -0.066406 -0.990234 0.000000 0.000000 0.000000 2459.000000
1 2 3 4 5 -0.182927 2.073171 0.609756 -0.006836 -0.072754 -0.977051 0.000000 0.000000 0.000000 648.000000
1 2 3 4 5 -0.121951 2.073171 0.487805 -0.010742 -0.064453 -0.970215 -34.800000 -138.000000 144.600000 660.000000
1 2 3 4 5 -0.182927 2.134146 0.548780 -0.012207 -0.068359 -0.975586 0.000000 0.000000 0.000000 1936.000000
1 2 3 4 5 -0.182927 2.073171 0.426829 -0.000488 -0.068848 -0.987793 0.000000 0.000000 0.000000 1317.000000
1 2 3 4 5 -0.121951 2.073171 0.548780 -0.015137 -0.067871 -0.993652 -34.200000 -140.400000 142.200000 2906.000000
1 2 3 4 5 -0.182927 2.134146 0.487805 -0.003418 -0.067871 -0.985352 0.000000 0.000000 0.000000 1323.000000
1 2 3 4 5 -0.121951 2.134146 0.487805 -0.010254 -0.066406 -0.979492 0.000000 0.000000 0.000000 1332.000000
1 2 3 4 5 -0.121951 2.073171 0.487805 -0.015137 -0.064453 -0.984863 -36.000000 -143.400000 143.400000 2417.000000
1 2 3 4 5 -0.121951 2.134146 0.426829 -0.007324 -0.071777 -0.984375 0.000000 0.000000 0.000000 2091.000000
1 2 3 4 5 -0.182927 2.073171 0.548780 -0.005859 -0.068848 -0.983398 0.000000 0.000000 0.000000 3405.000000
1 2 3 4 5 -0.060976 2.012195 0.609756 -0.008789 -0.058594 -0.986816 -34.200000 -143.400000 141.000000 1384.000000
1 2 3 4 5 -0.121951 2.073171 0.487805 -0.014160 -0.077148 -0.979492 0.000000 0.000000 0.000000 1162.000000
1 2 3 4 5 -0.000000 2.073171 0.487805 -0.011719 -0.063477 -0.976563 0.000000 0.000000 0.000000 1792.000000
1 2 3 4 5 -0.060976 1.951220 0.426829 -0.008789 -0.062988 -0.975586 -34.800000 -143.400000 143.400000 1630.000000
1 2 3 4 5 0.060976 2.012195 0.548780 -0.008789 -0.067383 -0.969727 0.000000 0.000000 0.000000 2182.000000
1 2 3 4 5 -0.060976 2.012195 0.548780 -0.006348 -0.070313 -0.982910 0.000000 0.000000 0.000000 744.000000
1 2 3 4 5 -0.060976 2.073171 0.426829 -0.011719 -0.076660 -0.979004 -33.600000 -141.000000 141.600000 1962.000000
1 2 3 4 5 -0.121951 2.012195 0.548780 -0.006836 -0.062988 -0.970215 0.000000 0.000000 0.000000 1658.000000
1 2 3 4 5 -0.182927 1.951220 0.487805 -0.004883 -0.066895 -0.970703 0.000000 0.000000 0.000000 1559.000000
1 2 3 4 5 -0.060976 1.951220 0.426829 -0.010254 -0.071777 -0.973633 -36.000000 -143.400000 139.800000 2708.000000
1 2 3 4 5 -0.121951 2.012195 0.487805 -0.017090 -0.062012 -0.980469 0.000000 0.000000 0.000000 2590.000000
1 2 3 4 5 -0.182927 1.951220 0.487805 -0.016113 -0.066406 -1.004883 0.000000 0.000000 0.000000 2947.000000
1 2 3 4 5 -0.121951 1.951220 0.487805 -0.004883 -0.068359 -0.976074 -36.000000 -142.200000 142.200000 4312.000000
1 2 3 4 5 -0.243902 2.073171 0.487805 -0.010254 -0.065918 -0.990723 0.000000 0.000000 0.000000 2923.000000
1 2 3 4 5 -0.182927 2.073171 0.609756 -0.012695 -0.066895 -0.987305 0.000000 0.000000 0.000000 2091.000000
1 2 3 4 5 -0.121951 2.073171 0.548780 -0.014648 -0.054688 -0.981445 -39.000000 -141.000000 141.600000 2523.000000
1 2 3 4 5 -0.121951 2.012195 0.548780 -0.011719 -0.061035 -0.998047 0.000000 0.000000 0.000000 2497.000000
1 2 3 4 5 -0.121951 2.012195 0.487805 -0.005859 -0.071289 -0.982910 0.000000 0.000000 0.000000 2405.000000
1 2 3 4 5 -0.243902 2.012195 0.426829 -0.002930 -0.064453 -0.981934 -37.800000 -140.400000 141.600000 1461.000000
1 2 3 4 5 -0.121951 2.012195 0.487805 -0.003418 -0.067383 -0.975586 0.000000 0.000000 0.000000 2436.000000
1 2 3 4 5 -0.121951 2.073171 0.426829 -0.005371 -0.062012 -0.979492 0.000000 0.000000 0.000000 2611.000000
1 2 3 4 5 -0.121951 2.012195 0.487805 -0.013184 -0.072754 -0.990723 -37.200000 -141.000000 139.800000 2551.000000
1 2 3 4 5 -0.060976 2.012195 0.487805 -0.004883 -0.063965 -0.970215 0.000000 0.000000 0.000000 3162.000000
1 2 3 4 5 -0.182927 1.951220 0.487805 -0.010742 -0.064453 -0.971680 0.000000 0.000000 0.000000 2145.000000
1 2 3 4 5 -0.121951 2.134146 0.487805 -0.012207 -0.063965 -0.982422 -34.200000 -144.600000 142.200000 3099.000000
1 2 3 4 5 -0.121951 1.951220 0.548780 -0.002930 -0.063965 -0.986328 0.000000 0.000000 0.000000 3082.000000
1 2 3 4 5 -0.060976 2.012195 0.548780 -0.006348 -0.077637 -0.987793 0.000000 0.000000 0.000000 2292.000000
1 2 3 4 5 -0.060976 1.951220 0.548780 -0.002930 -0.068848 -0.978027 -38.400000 -144.000000 141.600000 1914.000000
1 2 3 4 5 -0.121951 1.951220 0.548780 -0.013672 -0.064453 -0.986816 0.000000 0.000000 0.000000 2244.000000
1 2 3 4 5 -0.060976 2.073171 0.609756 -0.005371 -0.073242 -0.967773 0.000000 0.000000 0.000000 3547.000000
1 2 3 4 5 -0.121951 2.012195 0.548780 -0.003906 -0.060059 -0.978027 -36.000000 -146.400000 141.000000 2681.000000
1 2 3 4 5 -0.182927 1.951220 0.487805 -0.003418 -0.063477 -0.980469 0.000000 0.000000 0.000000 1908.000000
1 2 3 4 5 -0.121951 2.012195 0.548780 -0.006348 -0.066895 -0.986328 0.000000 0.000000 0.000000 2992.000000
1 2 3 4 5 -0.182927 2.134146 0.487805 -0.008789 -0.074707 -0.982910 -36.600000 -141.600000 141.600000 3119.000000
1 2 3 4 5 -0.243902 2.073171 0.487805 -0.008789 -0.062988 -1.000488 0.000000 0.000000 0.000000 4096.000000
1 2 3 4 5 -0.182927 2.073171 0.487805 -0.002930 -0.066895 -0.981934 0.000000 0.000000 0.000000 1605.000000
1 2 3 4 5 -0.121951 2.012195 0.487805 -0.004395 -0.055664 -0.979004 -32.400000 -142.200000 138.600000 2599.000000
1 2 3 4 5 -0.000000 2.073171 0.426829 -0.003418 -0.073242 -0.973633 0.000000 0.000000 0.000000 3105.000000
1 2 3 4 5 -0.182927 2.073171 0.548780 -0.008789 -0.072266 -0.983398 0.000000 0.000000 0.000000 3540.000000
1 2 3 4 5 -0.121951 1.951220 0.548780 -0.001953 -0.073730 -0.983887 -37.800000 -145.800000 142.200000 2581.000000
1 2 3 4 5 -0.182927 2.073171 0.426829 -0.005371 -0.067383 -0.972656 0.000000 0.000000 0.000000 1545.000000
1 2 3 4 5 -0.243902 2.134146 0.487805 -0.010742 -0.066406 -0.970215 0.000000 0.000000 0.000000 1368.000000
1 2 3 4 5 -0.060976 1.951220 0.426829 -0.004395 -0.066895 -0.982422 -32.400000 -144.000000 142.800000 2720.000000
1 2 3 4 5 -0.182927 2.134146 0.487805 -0.003418 -0.063965 -0.983887 0.000000 0.000000 0.000000 2289.000000
1 2 3 4 5 -0.060976 2.012195 0.609756 -0.012207 -0.069824 -0.982910 0.000000 0.000000 0.000000 2679.000000
1 2 3 4 5 -0.182927 2.012195 0.487805 0.003418 -0.067871 -0.979492 -37.800000 -141.600000 142.200000 1258.000000
1 2 3 4 5 -0.000000 2.073171 0.487805 -0.007324 -0.072754 -0.982422 0.000000 0.000000 0.000000 407.000000
1 2 3 4 5 -0.121951 2.012195 0.487805 -0.007324 -0.068848 -0.980957 0.000000 0.000000 0.000000 2881.000000
1 2 3 4 5 -0.121951 2.012195 0.487805 -0.000488 -0.064453 -0.967773 -36.000000 -139.200000 139.800000 391.000000
1 2 3 4 5 -0.243902 2.073171 0.487805 -0.003906 -0.065430 -0.984863 0.000000 0.000000 0.000000 1969.000000
1 2 3 4 5 -0.121951 2.134146 0.426829 -0.013184 -0.066895 -0.989746 0.000000 0.000000 0.000000 2528.000000
1 2 3 4 5 -0.182927 2.012195 0.487805 -0.007324 -0.073242 -0.980469 -34.800000 -135.000000 141.600000 1731.000000
1 2 3 4 5 -0.243902 2.195122 0.548780 -0.017090 -0.072266 -0.984375 0.000000 0.000000 0.000000 2982.000000
1 2 3 4 5 -0.243902 2.073171 0.487805 -0.006836 -0.072754 -0.987305 0.000000 0.000000 0.000000 74.000000
1 2 3 4 5 -0.121951 2.012195 0.487805 -0.007324 -0.072754 -0.995605 -34.200000 -138.000000 140.400000 1122.000000
1 2 3 4 5 -0.060976 2.012195 0.548780 -0.000488 -0.068848 -0.978027 0.000000 0.000000 0.000000 2421.000000
1 2 3 4 5 -0.060976 2.012195 0.426829 -0.006348 -0.060547 -0.971680 0.000000 0.000000 0.000000 1006.000000
1 2 3 4 5 -0.121951 2.012195 0.426829 -0.010254 -0.060547 -0.982422 -36.000000 -143.400000 141.600000 3370.000000
1 2 3 4 5 -0.121951 2.012195 0.487805 -0.007324 -0.071289 -0.979004 0.000000 0.000000 0.000000 414.000000
1 2 3 4 5 -0.182927 2.012195 0.487805 -0.007324 -0.067871 -0.969238 0.000000 0.000000 0.000000 1127.000000
1 2 3 4 5 -0.000000 2.134146 0.487805 -0.018555 -0.068359 -1.001465 -34.200000 -141.600000 141.000000 2428.000000
1 2 3 4 5 -0.121951 2.073171 0.426829 -0.017578 -0.063477 -0.991699 0.000000 0.000000 0.000000 906.000000
1 2 3 4 5 -0.182927 2.073171 0.487805 -0.013184 -0.056152 -0.977539 0.000000 0.000000 0.000000 1608.000000
1 2 3 4 5 -0.060976 2.073171 0.487805 -0.006836 -0.062012 -0.968262 -33.600000 -137.400000 139.800000 1392.000000
1 2 3 4 5 -0.182927 2.012195 0.487805 -0.016113 -0.060547 -0.975098 0.000000 0.000000 0.000000 975.000000
1 2 3 4 5 -0.121951 1.951220 0.548780 -0.008789 -0.072754 -0.970215 0.000000 0.000000 0.000000 2761.000000
1 2 3 4 5 -0.243902 2.073171 0.487805 0.004883 -0.065430 -0.988770 -36.000000 -138.000000 142.800000 263.000000
1 2 3 4 5 -0.121951 2.012195 0.548780 -0.005859 -0.071777 -0.979492 0.000000 0.000000 0.000000 616.000000
1 2 3 4 5 -0.121951 2.012195 0.487805 -0.013672 -0.061523 -0.986328 0.000000 0.000000 0.000000 2061.000000
1 2 3 4 5 -0.121951 2.134146 0.426829 -0.006348 -0.059570 -0.983398 -34.200000 -143.400000 141.000000 413.000000
1 2 3 4 5 -0.182927 2.134146 0.487805 -0.009766 -0.062012 -0.987793 0.000000 0.000000 0.000000 2825.000000
1 2 3 4 5 -0.182927 1.951220 0.487805 -0.006836 -0.065430 -0.998535 0.000000 0.000000 0.000000 1052.000000
1 2 3 4 5 -0.121951 2.012195 0.548780 -0.008301 -0.066406 -0.993164 -33.000000 -141.600000 142.200000 1276.000000
1 2 3 4 5 -0.121951 2.012195 0.426829 -0.007813 -0.060059 -0.982422 0.000000 0.000000 0.000000 2196.000000
1 2 3 4 5 -0.182927 1.951220 0.426829 -0.010742 -0.061523 -0.986816 0.000000 0.000000 0.000000 529.000000
1 2 3 4 5 -0.182927 1.951220 0.548780 -0.009766 -0.070801 -0.988281 -40.200000 -141.000000 141.000000 3180.000000
1 2 3 4 5 -0.121951 1.951220 0.365854 -0.003906 -0.063965 -0.981445 0.000000 0.000000 0.000000 485.000000
1 2 3 4 5 -0.121951 2.012195 0.548780 -0.005371 -0.059570 -0.973145 0.000000 0.000000 0.000000 1037.000000
1 2 3 4 5 -0.121951 1.951220 0.426829 -0.015625 -0.064453 -0.972656 -35.400000 -134.400000 141.600000 2412.000000
1 2 3 4 5 -0.121951 1.890244 0.548780 -0.002930 -0.063477 -0.980469 0.000000 0.000000 0.000000 1534.000000
1 2 3 4 5 -0.121951 1.951220 0.487805 -0.008301 -0.066895 -0.982422 0.000000 0.000000 0.000000 1841.000000
1 2 3 4 5 -0.060976 2.073171 0.426829 -0.012207 -0.067871 -0.987793 -37.800000 -139.200000 139.800000 1759.000000
1 2 3 4 5 -0.060976 2.073171 0.548780 -0.005859 -0.064453 -0.983398 0.000000 0.000000 0.000000 1994.000000
1 2 3 4 5 -0.060976 2.012195 0.426829 -0.004395 -0.060547 -0.958008 0.000000 0.000000 0.000000 2185.000000
1 2 3 4 5 -0.060976 2.256098 0.548780 -0.013184 -0.070313 -0.995117 -34.200000 -144.600000 143.400000 2636.000000
1 2 3 4 5 -0.121951 2.073171 0.548780 -0.006836 -0.071289 -1.041016 0.000000 0.000000 0.000000 2293.000000
1 2 3 4 5 -0.121951 2.073171 0.487805 -0.005859 -0.062988 -0.992676 0.000000 0.000000 0.000000 1400.000000
1 2 3 4 5 -0.304878 1.707317 0.487805 -0.013184 -0.068848 -0.966797 -31.800000 -136.800000 142.200000 982.000000
1 2 3 4 5 -0.060976 1.951220 0.426829 -0.006348 -0.083984 -0.997559 0.000000 0.000000 0.000000 1508.000000
1 2 3 4 5 -0.000000 2.317073 0.487805 -0.005859 -0.081543 -0.978027 0.000000 0.000000 0.000000 2210.000000
1 2 3 4 5 -0.060976 2.073171 0.548780 -0.012207 -0.072266 -0.975586 -33.600000 -142.200000 140.400000 2055.000000
1 2 3 4 5 -0.121951 1.951220 0.487805 -0.005371 -0.070313 -0.987793 0.000000 0.000000 0.000000 3491.000000
1 2 3 4 5 -0.121951 1.829268 0.792683 -0.008789 -0.096191 -0.969238 0.000000 0.000000 0.000000 3382.000000
1 2 3 4 5 -0.670732 1.280488 2.012195 -0.017578 -0.003418 -0.928711 -38.400000 -143.400000 142.800000 3121.000000
1 2 3 4 5 0.609756 3.292683 1.280488 -0.005371 -0.002930 -1.078613 0.000000 0.000000 0.000000 2149.000000
1 2 3 4 5 -0.060976 2.195122 1.463415 -0.011719 -0.019043 -1.017090 0.000000 0.000000 0.000000 469.000000
1 2 3 4 5 0.060976 2.500000 0.182927 0.001465 0.063965 -1.022461 -35.400000 -144.000000 141.000000 3106.000000
1 2 3 4 5 0.121951 2.256098 -0.304878 -0.000488 -0.065430 -1.023926 0.000000 0.000000 0.000000 1608.000000
1 2 3 4 5 -0.304878 0.609756 -1.036585 -0.003906 -0.030273 -0.956055 0.000000 0.000000 0.000000 1614.000000
1 2 3 4 5 -0.365854 1.036585 -5.914634 -0.145996 0.046875 -0.969727 -31.800000 -144.000000 141.600000 2512.000000
1 2 3 4 5 -0.487805 0.914634 -13.048780 0.069336 -0.184082 -1.012695 0.000000 0.000000 0.000000 1825.000000
1 2 3 4 5 -9.634146 -7.439024 -13.963415 0.122070 -0.005859 -1.153809 0.000000 0.000000 0.000000 3527.000000
1 2 3 4 5 -10.121951 -25.548780 -19.390244 -0.485840 0.069824 -1.483398 -36.000000 -143.400000 143.400000 1590.000000
1 2 3 4 5 -29.329268 -55.548780 -25.121951 -0.270996 0.286133 -1.379883 0.000000 0.000000 0.000000 2168.000000
1 2 3 4 5 -18.597561 -69.634146 -37.865854 -0.229980 0.092285 -1.362305 0.000000 0.000000 0.000000 1410.000000
1 2 3 4 5 -31.707317 -59.878049 -50.792683 -0.260254 0.087891 -0.618652 -31.200000 -140.400000 141.000000 3321.000000
1 2 3 4 5 -30.487805 10.060976 -55.487805 -0.139648 0.029785 -0.740723 0.000000 0.000000 0.000000 3352.000000
1 2 3 4 5 -69.024390 77.743902 -54.451220 -0.170898 0.062988 -0.972656 0.000000 0.000000 0.000000 1502.000000
1 2 3 4 5 -145.182927 111.341463 -45.914634 -0.094727 0.176758 -1.246582 -30.000000 -144.600000 144.600000 1159.000000
1 2 3 4 5 -205.670732 108.780488 -49.207317 -0.041016 0.181641 -1.458496 0.000000 0.000000 0.000000 2796.000000
1 2 3 4 5 -249.024390 88.231707 -65.365854 -0.113770 0.457031 -1.473633 0.000000 0.000000 0.000000 4114.000000
1 2 3 4 5 -80.853659 111.524390 -70.975610 -0.076660 0.255371 -0.878906 -30.000000 -144.000000 142.800000 3678.000000
1 2 3 4 5 -67.926829 153.536585 -66.280488 0.187012 0.445801 -0.490723 0.000000 0.000000 0.000000 2389.000000
1 2 3 4 5 -62.073171 221.524390 -86.890244 0.206543 0.459961 -0.424805 0.000000 0.000000 0.000000 1126.000000
1 2 3 4 5 -58.658537 271.646341 -104.085366 0.694336 0.567871 -0.429199 -36.600000 -157.800000 142.200000 2345.000000
1 2 3 4 5 -35.853659 291.341463 -102.804878 0.549805 0.290039 -0.752930 0.000000 0.000000 0.000000 2174.000000
1 2 3 4 5 8.841463 255.914634 -102.256098 0.763184 0.601074 -1.267090 0.000000 0.000000 0.000000 1432.000000
1 2 3 4 5 72.682927 179.695122 -125.670732 0.694824 0.466797 -0.950684 -42.000000 -160.800000 139.200000 1701.000000
1 2 3 4 5 99.939024 133.414634 -131.280488 0.543945 0.594727 -0.569336 0.000000 0.000000 0.000000 2208.000000
1 2 3 4 5 107.378049 138.719512 -131.402439 0.689941 0.350098 -0.072754 0.000000 0.000000 0.000000 2755.000000
1 2 3 4 5 64.756098 153.597561 -119.512195 0.533203 0.427246 -0.020508 -66.000000 -159.000000 135.000000 2275.000000
1 2 3 4 5 -36.585366 133.719512 -84.329268 0.470215 0.367188 -0.274414 0.000000 0.000000 0.000000 1426.000000
1 2 3 4 5 -1.097561 104.573171 -78.841463 0.461914 0.325684 -0.553711 0.000000 0.000000 0.000000 1428.000000
1 2 3 4 5 14.268293 50.914634 -55.670732 0.660645 0.177246 -0.513184 -77.400000 -148.800000 133.800000 1630.000000
1 2 3 4 5 -23.048780 10.243902 -32.865854 0.531738 0.302246 -0.578613 0.000000 0.000000 0.000000 1286.000000
1 2 3 4 5 -17.804878 -11.036585 -34.085366 0.427246 0.418945 -0.607910 0.000000 0.000000 0.000000 1297.000000
1 2 3 4 5 7.378049 6.585366 -49.817073 0.495117 0.344238 -0.288574 -86.400000 -148.200000 132.000000 1838.000000
1 2 3 4 5 -9.573171 48.109756 -44.695122 0.552734 0.338379 -0.559082 0.000000 0.000000 0.000000 1673.000000
1 2 3 4 5 12.378049 34.207317 -32.865854 0.620605 0.410645 -0.884277 0.000000 0.000000 0.000000 2562.000000
1 2 3 4 5 24.939024 13.048780 -30.731707 0.594727 0.527344 -0.616211 -81.600000 -145.800000 135.600000 1874.000000
1 2 3 4 5 7.439024 29.634146 -35.609756 0.574707 0.577637 -0.520020 0.000000 0.000000 0.000000 1698.000000
1 2 3 4 5 2.560976 41.707317 -36.463415 0.592773 0.591797 -0.705078 0.000000 0.000000 0.000000 2400.000000
1 2 3 4 5 24.024390 35.243902 -33.719512 0.618652 0.661133 -0.570313 -90.000000 -146.400000 136.800000 2105.000000
1 2 3 4 5 21.585366 37.378049 -33.170732 0.648438 0.617188 -0.507324 0.000000 0.000000 0.000000 2986.000000
1 2 3 4 5 6.951220 35.792683 -28.658537 0.669922 0.640137 -0.632813 0.000000 0.000000 0.000000 672.000000
1 2 3 4 5 13.780488 26.829268 -25.000000 0.574219 0.809570 -0.625000 -86.400000 -148.200000 135.000000 825.000000
1 2 3 4 5 9.756098 29.329268 -24.451220 0.698242 0.647461 -0.615234 0.000000 0.000000 0.000000 2399.000000
1 2 3 4 5 10.304878 30.426829 -23.414634 0.768066 0.688477 -0.603516 0.000000 0.000000 0.000000 1881.000000
1 2 3 4 5 22.500000 37.621951 -35.365854 0.723633 0.968750 -0.478027 -90.000000 -144.000000 137.400000 2612.000000
1 2 3 4 5 50.548780 56.219512 -76.768293 0.720215 1.488770 -0.541992 0.000000 0.000000 0.000000 860.000000
1 2 3 4 5 155.853659 82.682927 -163.841463 0.026855 3.170898 -0.234863 0.000000 0.000000 0.000000 1253.000000
1 2 3 4 5 250.975610 245.243902 -333.292683 -0.828125 5.294922 3.935547 -91.800000 -150.000000 135.600000 3959.000000
1 2 3 4 5 -322.804878 144.268293 -99.268293 0.866211 3.665039 -2.943848 0.000000 0.000000 0.000000 1662.000000
1 2 3 4 5 -501.341463 -736.280488 496.890244 2.753906 1.298340 -0.977051 0.000000 0.000000 0.000000 3645.000000
1 2 3 4 5 -445.426829 -1207.012195 1163.292683 3.607422 -0.995605 -1.463379 -97.800000 -135.000000 136.800000 15743.000000
1 2 3 4 5 -185.487805 -796.280488 1279.756098 -4.447266 5.976563 1.939941 0.000000 0.000000 0.000000 27362.000000
1 2 3 4 5 44.756098 -92.865854 503.048780 -4.211426 -0.638672 -2.516113 0.000000 0.000000 0.000000 6930.000000
1 2 3 4 5 112.134146 9.695122 60.365854 -2.046875 0.026855 -0.621582 -81.600000 -151.200000 137.400000 -367.000000
1 2 3 4 5 -181.280488 193.841463 -215.548780 -0.567383 -0.536621 0.411621 0.000000 0.000000 0.000000 13040.000000
1 2 3 4 5 -114.329268 214.146341 -165.182927 0.135254 -0.266602 -1.182129 0.000000 0.000000 0.000000 1432.000000
1 2 3 4 5 19.817073 50.182927 -93.475610 0.260742 -0.104980 0.096191 -60.000000 -181.200000 145.200000 -534.000000
1 2 3 4 5 -17.073171 10.731707 -31.280488 0.310547 0.210449 0.023438 0.000000 0.000000 0.000000 2792.000000
1 2 3 4 5 -34.390244 -20.975610 -11.402439 0.277344 0.112793 -0.405762 0.000000 0.000000 0.000000 2243.000000
1 2 3 4 5 0.548780 -37.987805 0.731707 0.156250 0.156250 -0.358398 -66.000000 -189.600000 142.800000 2308.000000
1 2 3 4 5 9.207317 -14.634146 -12.256098 0.144531 0.238281 -0.286133 0.000000 0.000000 0.000000 1903.000000
1 2 3 4 5 -2.134146 15.304878 -42.865854 0.142578 0.188965 -0.395996 0.000000 0.000000 0.000000 -38.000000
1 2 3 4 5 -14.817073 19.268293 -59.268293 0.145996 -0.026855 -0.729980 -64.200000 -189.600000 142.800000 2739.000000
1 2 3 4 5 62.073171 -1.585366 -57.012195 0.157715 0.113281 -0.721680 0.000000 0.000000 0.000000 17167.000000
1 2 3 4 5 121.158537 -12.743902 -57.804878 0.226563 0.106445 -0.531738 0.000000 0.000000 0.000000 10056.000000
1 2 3 4 5 119.024390 -11.341463 -56.646341 0.215332 0.077637 -0.428223 -64.200000 -190.800000 144.000000 12310.000000
1 2 3 4 5 58.719512 -11.829268 -61.158537 0.251465 0.095215 -0.555664 0.000000 0.000000 0.000000 3625.000000
1 2 3 4 5 16.280488 -31.646341 -68.475610 0.284180 0.015137 -0.874512 0.000000 0.000000 0.000000 982.000000
1 2 3 4 5 35.243902 -72.682927 -74.695122 0.301758 0.243652 -0.922852 -60.000000 -181.200000 142.800000 1427.000000
1 2 3 4 5 71.585366 -90.670732 -90.304878 0.375488 0.246094 -0.699707 0.000000 0.000000 0.000000 -104.000000
1 2 3 4 5 59.451220 -76.951220 -98.109756 0.503418 0.169434 -0.535156 0.000000 0.000000 0.000000 2618.000000
1 2 3 4 5 37.073171 -57.378049 -93.353659 0.404297 0.239258 -0.797852 -61.200000 -172.200000 140.400000 1668.000000
1 2 3 4 5 41.646341 -60.304878 -87.804878 0.381348 0.388184 -0.874512 0.000000 0.000000 0.000000 2315.000000
1 2 3 4 5 62.621951 -66.463415 -81.158537 0.592773 0.330078 -0.889160 0.000000 0.000000 0.000000 1200.000000
1 2 3 4 5 54.146341 -73.963415 -62.195122 0.585449 0.338867 -1.132813 -52.800000 -168.000000 140.400000 2450.000000
1 2 3 4 5 39.451220 -91.036585 -40.609756 0.413574 0.608398 -1.439941 0.000000 0.000000 0.000000 3906.000000
1 2 3 4 5 93.170732 -89.390244 -34.512195 0.505371 0.534668 -1.146973 0.000000 0.000000 0.000000 1353.000000
1 2 3 4 5 124.451220 -85.731707 -18.475610 0.488281 0.392578 -1.333496 -44.400000 -156.600000 141.600000 874.000000
1 2 3 4 5 103.048780 -87.378049 0.609756 0.340332 0.533203 -1.191895 0.000000 0.000000 0.000000 2607.000000
1 2 3 4 5 66.341463 -65.304878 9.817073 0.235352 0.503906 -1.093262 0.000000 0.000000 0.000000 923.000000
1 2 3 4 5 79.085366 -43.719512 27.500000 0.243652 0.284180 -1.321289 -40.800000 -158.400000 140.400000 3404.000000
1 2 3 4 5 110.609756 -50.243902 53.048780 0.194336 0.272461 -1.367188 0.000000 0.000000 0.000000 736.000000
1 2 3 4 5 86.097561 -54.939024 60.670732 0.135254 0.377441 -1.205078 0.000000 0.000000 0.000000 1744.000000
1 2 3 4 5 48.353659 -44.085366 46.097561 0.006836 0.283203 -1.160156 -36.600000 -152.400000 139.800000 2993.000000
1 2 3 4 5 34.817073 -34.512195 36.341463 -0.051270 0.183594 -1.132813 0.000000 0.000000 0.000000 1761.000000
1 2 3 4 5 34.939024 -19.390244 28.536585 0.018555 0.103027 -0.939941 0.000000 0.000000 0.000000 1138.000000
1 2 3 4 5 3.109756 -1.219512 25.731707 -0.019043 0.033203 -1.056641 -32.400000 -137.400000 142.800000 1194.000000
1 2 3 4 5 -23.719512 -7.195122 32.560976 -0.041016 0.038086 -1.260254 0.000000 0.000000 0.000000 2126.000000
1 2 3 4 5 -20.853659 -31.524390 32.804878 -0.066895 0.155273 -1.141602 0.000000 0.000000 0.000000 2119.000000
1 2 3 4 5 4.939024 -33.597561 18.902439 -0.065918 0.086426 -1.023438 -29.400000 -138.000000 142.800000 494.000000
1 2 3 4 5 41.646341 -15.975610 12.682927 -0.052734 -0.115723 -0.859375 0.000000 0.000000 0.000000 1139.000000
1 2 3 4 5 24.512195 15.609756 19.390244 -0.005859 -0.070801 -0.788086 0.000000 0.000000 0.000000 1961.000000
1 2 3 4 5 -15.000000 17.317073 29.451220 -0.064941 0.059082 -1.048340 -30.000000 -139.800000 143.400000 2295.000000
1 2 3 4 5 -2.012195 0.487805 21.646341 -0.090332 0.009277 -1.207520 0.000000 0.000000 0.000000 2533.000000
1 2 3 4 5 5.731707 -21.707317 22.926829 -0.103027 -0.023926 -1.072754 0.000000 0.000000 0.000000 1435.000000
1 2 3 4 5 23.902439 -31.097561 24.085366 -0.177734 -0.018555 -0.914063 -25.200000 -144.600000 144.600000 2091.000000
1 2 3 4 5 33.963415 -20.853659 19.451220 -0.115723 -0.005859 -0.843262 0.000000 0.000000 0.000000 2498.000000
1 2 3 4 5 21.097561 -3.963415 20.487805 -0.118164 -0.074707 -0.902832 0.000000 0.000000 0.000000 1933.000000
1 2 3 4 5 7.804878 8.658537 25.365854 -0.083496 -0.070801 -0.888184 -27.600000 -141.600000 143.400000 1711.000000
1 2 3 4 5 1.524390 14.634146 20.304878 -0.051270 -0.045898 -0.995605 0.000000 0.000000 0.000000 1109.000000
1 2 3 4 5 -5.000000 8.780488 11.646341 -0.090332 -0.048828 -1.052246 0.000000 0.000000 0.000000 1085.000000
1 2 3 4 5 -1.341463 -4.207317 5.548780 -0.065430 -0.061523 -1.046387 -27.600000 -142.200000 146.400000 2106.000000
1 2 3 4 5 -8.048780 -14.695122 7.865854 -0.097656 -0.067383 -0.997559 0.000000 0.000000 0.000000 1718.000000
1 2 3 4 5 -18.597561 -22.378049 12.560976 -0.140137 -0.033203 -0.961914 0.000000 0.000000 0.000000 1695.000000
1 2 3 4 5 -15.060976 -23.719512 12.926829 -0.093262 -0.006348 -1.016113 -30.000000 -144.600000 144.600000 1088.000000
1 2 3 4 5 7.926829 4.268293 11.097561 -0.159180 -0.091309 -0.754395 0.000000 0.000000 0.000000 3276.000000
1 2 3 4 5 -0.853659 -2.743902 19.146341 -0.113770 -0.031738 -0.899902 0.000000 0.000000 0.000000 2574.000000
1 2 3 4 5 11.402439 10.426829 7.682927 -0.202148 -0.052246 -0.992188 -28.200000 -144.600000 144.600000 665.000000
1 2 3 4 5 -5.000000 9.268293 10.487805 -0.131836 -0.042969 -1.117676 0.000000 0.000000 0.000000 1323.000000
1 2 3 4 5 -5.182927 6.707317 9.146341 -0.114258 -0.016602 -0.987305 0.000000 0.000000 0.000000 1645.000000
1 2 3 4 5 -2.560976 7.500000 9.390244 -0.097656 -0.007813 -0.964844 -29.400000 -141.600000 144.600000 2251.000000
1 2 3 4 5 -4.695122 7.500000 9.146341 -0.012695 -0.197266 -1.228516 0.000000 0.000000 0.000000 1657.000000
1 2 3 4 5 16.219512 6.097561 9.939024 -0.104492 0.039551 -0.908691 0.000000 0.000000 0.000000 1168.000000
1 2 3 4 5 7.743902 8.353659 8.963415 -0.046875 -0.028320 -0.847656 -25.800000 -147.600000 144.000000 2414.000000
1 2 3 4 5 -8.048780 14.573171 6.768293 -0.061523 0.019531 -0.958984 0.000000 0.000000 0.000000 3016.000000
1 2 3 4 5 -13.536585 15.914634 4.146341 -0.107910 0.074219 -1.025391 0.000000 0.000000 0.000000 2582.000000
1 2 3 4 5 9.817073 11.890244 1.402439 -0.091797 0.094727 -0.983398 -31.800000 -148.200000 146.400000 1586.000000
1 2 3 4 5 8.109756 10.243902 -3.719512 -0.057617 -0.062988 -1.056641 0.000000 0.000000 0.000000 976.000000
1 2 3 4 5 3.658537 7.195122 -3.414634 -0.087402 -0.065430 -1.026855 0.000000 0.000000 0.000000 2365.000000
1 2 3 4 5 5.853659 5.548780 -1.768293 -0.094727 -0.034180 -0.952637 -31.200000 -151.200000 144.000000 2376.000000
1 2 3 4 5 0.304878 7.500000 -2.195122 -0.062012 -0.015137 -0.916504 0.000000 0.000000 0.000000 1064.000000
1 2 3 4 5 -3.658537 9.756098 -3.780488 -0.090820 -0.049316 -0.984863 0.000000 0.000000 0.000000 730.000000
1 2 3 4 5 -0.792683 10.792683 -2.621951 -0.126465 -0.030762 -0.938477 -31.200000 -151.200000 145.800000 685.000000
1 2 3 4 5 6.158537 13.109756 -0.731707 -0.040039 -0.097168 -1.018066 0.000000 0.000000 0.000000 2376.000000
1 2 3 4 5 1.158537 14.207317 1.158537 -0.029785 -0.072266 -0.987305 0.000000 0.000000 0.000000 2484.000000
1 2 3 4 5 2.560976 11.829268 0.731707 -0.039551 -0.023438 -1.047363 -29.400000 -148.200000 145.800000 1129.000000
1 2 3 4 5 7.317073 7.134146 0.182927 -0.055664 -0.074707 -1.056641 0.000000 0.000000 0.000000 1541.000000
1 2 3 4 5 4.390244 2.682927 2.073171 -0.053711 -0.071289 -1.028320 0.000000 0.000000 0.000000 585.000000
1 2 3 4 5 3.841463 1.097561 3.048780 -0.054199 -0.050293 -0.975586 -31.800000 -144.600000 142.800000 3247.000000
1 2 3 4 5 7.560976 2.195122 2.256098 -0.046875 -0.021484 -0.915039 0.000000 0.000000 0.000000 476.000000
1 2 3 4 5 4.146341 6.219512 0.670732 -0.056641 -0.052246 -0.900391 0.000000 0.000000 0.000000 1835.000000
1 2 3 4 5 -4.329268 9.329268 1.219512 -0.046875 -0.100098 -0.974121 -35.400000 -146.400000 142.800000 2531.000000
1 2 3 4 5 -0.304878 9.939024 2.621951 -0.039063 -0.064941 -1.021484 0.000000 0.000000 0.000000 1630.000000
1 2 3 4 5 3.780488 8.109756 2.195122 -0.035645 -0.057617 -0.981445 0.000000 0.000000 0.000000 2444.000000
1 2 3 4 5 1.768293 8.719512 1.524390 -0.037598 -0.041992 -0.938965 -32.400000 -145.200000 141.600000 541.000000
1 2 3 4 5 -0.060976 11.036585 0.975610 -0.050293 -0.067383 -0.964355 0.000000 0.000000 0.000000 1281.000000
1 2 3 4 5 -2.073171 11.890244 1.524390 -0.020508 -0.125977 -0.985352 0.000000 0.000000 0.000000 2177.000000
1 2 3 4 5 3.658537 10.426829 2.073171 -0.037598 -0.067383 -1.001953 -33.000000 -144.600000 141.000000 855.000000
1 2 3 4 5 1.646341 10.000000 2.256098 -0.029785 -0.056641 -0.995605 0.000000 0.000000 0.000000 1704.000000
1 2 3 4 5 1.646341 9.146341 2.378049 -0.028809 -0.072266 -1.012695 0.000000 0.000000 0.000000 739.000000
1 2 3 4 5 1.646341 7.621951 2.743902 -0.020508 -0.050781 -0.996094 -30.000000 -145.200000 141.000000 1073.000000
1 2 3 4 5 1.829268 6.402439 1.524390 -0.011230 -0.015625 -0.978516 0.000000 0.000000 0.000000 2635.000000
1 2 3 4 5 2.621951 6.219512 -0.304878 -0.020508 -0.041992 -0.964355 0.000000 0.000000 0.000000 986.000000
1 2 3 4 5 2.256098 6.768293 0.060976 -0.021973 -0.086426 -0.960449 -34.200000 -140.400000 141.600000 1635.000000
1 2 3 4 5 2.560976 7.500000 1.890244 -0.012207 -0.079102 -0.981934 0.000000 0.000000 0.000000 1999.000000
1 2 3 4 5 2.378049 7.195122 2.560976 -0.013184 -0.029785 -1.005859 0.000000 0.000000 0.000000 244.000000
1 2 3 4 5 2.743902 6.097561 1.707317 -0.003418 -0.061035 -1.012207 -33.000000 -150.000000 139.200000 2639.000000
1 2 3 4 5 1.951220 3.780488 1.768293 -0.020020 -0.038086 -1.008301 0.000000 0.000000 0.000000 1029.000000
1 2 3 4 5 0.792683 2.682927 0.975610 0.000488 -0.072754 -0.987305 0.000000 0.000000 0.000000 912.000000
1 2 3 4 5 0.487805 2.500000 0.487805 -0.017090 -0.070801 -0.967285 -33.000000 -147.000000 142.200000 2850.000000
1 2 3 4 5 0.853659 2.743902 0.548780 -0.009766 -0.059082 -0.981445 0.000000 0.000000 0.000000 496.000000
1 2 3 4 5 0.304878 2.439024 0.426829 -0.003906 -0.077637 -0.978516 0.000000 0.000000 0.000000 3560.000000
1 2 3 4 5 0.243902 2.317073 0.426829 -0.015625 -0.046875 -0.988281 -34.200000 -143.400000 141.000000 1648.000000
1 2 3 4 5 0.426829 2.439024 0.304878 -0.001465 -0.063965 -0.981445 0.000000 0.000000 0.000000 1493.000000
1 2 3 4 5 0.243902 2.621951 0.182927 0.003418 -0.078125 -0.973633 0.000000 0.000000 0.000000 2590.000000
1 2 3 4 5 0.365854 2.560976 0.487805 -0.002441 -0.058594 -0.977051 -33.000000 -148.200000 139.800000 744.000000
1 2 3 4 5 0.182927 2.378049 0.487805 -0.011230 -0.077637 -1.008789 0.000000 0.000000 0.000000 1660.000000
1 2 3 4 5 -0.000000 1.951220 0.487805 0.025879 -0.114746 -0.958984 0.000000 0.000000 0.000000 1393.000000
1 2 3 4 5 -0.182927 1.890244 0.487805 -0.003906 -0.056641 -0.971191 -31.800000 -144.000000 140.400000 1585.000000
1 2 3 4 5 -0.121951 1.951220 0.548780 -0.011230 -0.062988 -0.966797 0.000000 0.000000 0.000000 2849.000000
1 2 3 4 5 -0.121951 2.012195 0.548780 -0.012207 -0.056152 -0.980469 0.000000 0.000000 0.000000 1410.000000
1 2 3 4 5 -0.121951 2.012195 0.548780 -0.005371 -0.064453 -0.966309 -37.200000 -144.000000 141.600000 1988.000000
1 2 3 4 5 -0.060976 2.073171 0.548780 -0.007324 -0.064453 -0.977051 0.000000 0.000000 0.000000 1199.000000
1 2 3 4 5 -0.243902 2.134146 0.487805 -0.004883 -0.065430 -0.982422 0.000000 0.000000 0.000000 2345.000000
1 2 3 4 5 -0.182927 2.012195 0.487805 -0.010742 -0.062988 -0.983398 -34.800000 -144.600000 140.400000 2784.000000
1 2 3 4 5 -0.182927 2.012195 0.487805 -0.010742 -0.073242 -0.983887 0.000000 0.000000 0.000000 1741.000000
1 2 3 4 5 -0.182927 2.073171 0.487805 -0.007324 -0.073242 -0.993164 0.000000 0.000000 0.000000 898.000000
1 2 3 4 5 -0.121951 2.073171 0.609756 -0.009766 -0.064941 -0.982910 -34.800000 -141.600000 141.000000 2717.000000
1 2 3 4 5 -0.243902 2.012195 0.548780 -0.007324 -0.071777 -0.966797 0.000000 0.000000 0.000000 2330.000000
1 2 3 4 5 -0.060976 2.012195 0.548780 -0.013184 -0.063965 -0.986328 0.000000 0.000000 0.000000 3089.000000
1 2 3 4 5 -0.182927 2.195122 0.487805 -0.012207 -0.065430 -0.978516 -33.600000 -139.800000 140.400000 1334.000000
1 2 3 4 5 -0.182927 2.012195 0.548780 -0.007324 -0.062012 -0.972168 0.000000 0.000000 0.000000 1773.000000
1 2 3 4 5 -0.121951 2.012195 0.487805 -0.010742 -0.065430 -0.958008 0.000000 0.000000 0.000000 2502.000000
1 2 3 4 5 -0.060976 2.073171 0.548780 -0.007324 -0.074219 -0.986816 -36.000000 -147.600000 141.000000 2043.000000
1 2 3 4 5 -0.121951 2.073171 0.548780 -0.007813 -0.063477 -0.989746 0.000000 0.000000 0.000000 2316.000000
1 2 3 4 5 -0.060976 2.073171 0.548780 -0.007813 -0.064453 -0.978027 0.000000 0.000000 0.000000 1059.000000
1 2 3 4 5 -0.060976 2.073171 0.548780 -0.007324 -0.070801 -0.973633 -37.200000 -147.600000 139.800000 2172.000000
1 2 3 4 5 -0.182927 2.012195 0.548780 -0.008789 -0.058594 -0.964355 0.000000 0.000000 0.000000 3007.000000
1 2 3 4 5 -0.121951 1.951220 0.548780 -0.007813 -0.066895 -0.991699 0.000000 0.000000 0.000000 2456.000000
1 2 3 4 5 -0.000000 2.073171 0.548780 -0.012207 -0.071289 -0.997070 -34.200000 -148.200000 139.800000 2505.000000
1 2 3 4 5 -0.060976 2.073171 0.487805 -0.003906 -0.072754 -0.962891 0.000000 0.000000 0.000000 2078.000000
1 2 3 4 5 -0.060976 1.951220 0.609756 -0.005371 -0.071289 -0.979492 0.000000 0.000000 0.000000 2332.000000
1 2 3 4 5 -0.121951 2.012195 0.548780 -0.007324 -0.062012 -0.977051 -34.200000 -145.800000 142.200000 2230.000000
1 2 3 4 5 -0.121951 2.012195 0.548780 -0.006348 -0.067383 -0.982422 0.000000 0.000000 0.000000 1270.000000
1 2 3 4 5 -0.121951 2.073171 0.548780 -0.006348 -0.062012 -0.979004 0.000000 0.000000 0.000000 2464.000000
1 2 3 4 5 -0.060976 2.073171 0.426829 -0.013672 -0.070801 -0.984863 -36.000000 -146.400000 140.400000 3081.000000
1 2 3 4 5 -0.121951 2.073171 0.548780 -0.007324 -0.065430 -0.970215 0.000000 0.000000 0.000000 3117.000000
1 2 3 4 5 -0.060976 2.073171 0.426829 -0.005859 -0.067383 -0.980957 0.000000 0.000000 0.000000 2997.000000
1 2 3 4 5 -0.121951 1.890244 0.487805 -0.014648 -0.058594 -0.983887 -34.800000 -145.800000 140.400000 1629.000000
1 2 3 4 5 -0.182927 2.134146 0.487805 -0.005371 -0.058105 -0.980469 0.000000 0.000000 0.000000 1642.000000
1 2 3 4 5 -0.182927 2.195122 0.487805 -0.011230 -0.073730 -0.988770 0.000000 0.000000 0.000000 2531.000000
1 2 3 4 5 -0.060976 2.073171 0.609756 -0.009766 -0.072266 -0.978516 -35.400000 -146.400000 139.800000 2410.000000
1 2 3 4 5 -0.121951 2.012195 0.548780 -0.008789 -0.066895 -0.976563 0.000000 0.000000 0.000000 1599.000000
1 2 3 4 5 -0.121951 2.134146 0.487805 -0.011230 -0.074219 -0.971680 0.000000 0.000000 0.000000 1922.000000
1 2 3 4 5 -0.060976 2.134146 0.487805 -0.012207 -0.069824 -0.974121 -36.600000 -138.000000 142.200000 2970.000000
1 2 3 4 5 -0.182927 2.073171 0.548780 -0.012695 -0.061035 -0.986328 0.000000 0.000000 0.000000 2903.000000
1 2 3 4 5 -0.121951 2.073171 0.548780 -0.011719 -0.060547 -0.973145 0.000000 0.000000 0.000000 1899.000000
1 2 3 4 5 -0.060976 2.073171 0.609756 -0.001465 -0.077148 -1.003906 -37.200000 -147.600000 142.800000 1194.000000
1 2 3 4 5 -0.121951 2.012195 0.487805 -0.003906 -0.064453 -0.980957 0.000000 0.000000 0.000000 1087.000000
1 2 3 4 5 -0.182927 2.134146 0.548780 -0.006348 -0.071777 -0.975098 0.000000 0.000000 0.000000 2474.000000
1 2 3 4 5 -0.121951 2.134146 0.548780 -0.008789 -0.073730 -0.982422 -36.600000 -144.600000 140.400000 2041.000000
1 2 3 4 5 -0.182927 2.134146 0.548780 -0.009766 -0.058105 -0.988770 0.000000 0.000000 0.000000 973.000000
1 2 3 4 5 -0.121951 2.073171 0.609756 -0.010742 -0.063477 -0.983398 0.000000 0.000000 0.000000 4185.000000
1 2 3 4 5 -0.121951 2.195122 0.487805 -0.004395 -0.060059 -0.983887 -34.200000 -142.200000 138.000000 3778.000000
1 2 3 4 5 -0.121951 1.951220 0.426829 -0.009766 -0.075684 -0.982422 0.000000 0.000000 0.000000 3650.000000
1 2 3 4 5 -0.182927 2.012195 0.548780 -0.004883 -0.070801 -0.985352 0.000000 0.000000 0.000000 1603.000000
1 2 3 4 5 -0.000000 2.012195 0.609756 -0.004883 -0.072266 -0.979492 -39.000000 -147.600000 142.200000 759.000000
1 2 3 4 5 -0.060976 2.134146 0.548780 -0.013184 -0.061523 -0.991699 0.000000 0.000000 0.000000 2795.000000
1 2 3 4 5 -0.182927 2.012195 0.548780 -0.002441 -0.068359 -0.966797 0.000000 0.000000 0.000000 2319.000000
1 2 3 4 5 -0.121951 2.012195 0.548780 -0.013184 -0.063477 -0.972656 -37.200000 -144.000000 141.600000 3573.000000
1 2 3 4 5 -0.121951 2.012195 0.487805 -0.009766 -0.066406 -0.984863 0.000000 0.000000 0.000000 1044.000000
1 2 3 4 5 -0.121951 2.195122 0.548780 -0.013184 -0.062988 -0.980469 0.000000 0.000000 0.000000 1931.000000
1 2 3 4 5 -0.060976 2.134146 0.548780 -0.015137 -0.064941 -0.986816 -36.600000 -145.800000 138.600000 4849.000000
1 2 3 4 5 -0.121951 2.073171 0.487805 -0.004395 -0.071289 -0.997070 0.000000 0.000000 0.000000 3145.000000
1 2 3 4 5 -0.182927 2.012195 0.487805 -0.012207 -0.060059 -0.986328 0.000000 0.000000 0.000000 2890.000000
1 2 3 4 5 -0.121951 2.012195 0.548780 -0.013184 -0.065430 -0.956543 -34.800000 -148.200000 138.600000 517.000000
1 2 3 4 5 -0.182927 2.012195 0.548780 -0.008789 -0.060059 -0.969727 0.000000 0.000000 0.000000 144.000000
1 2 3 4 5 -0.243902 2.012195 0.487805 -0.010742 -0.060547 -0.978027 0.000000 0.000000 0.000000 2082.000000
1 2 3 4 5 -0.121951 2.073171 0.548780 -0.007813 -0.059082 -0.973633 -34.800000 -145.800000 142.200000 893.000000
1 2 3 4 5 -0.000000 2.012195 0.487805 -0.005859 -0.059570 -0.979492 0.000000 0.000000 0.000000 2968.000000
1 2 3 4 5 -0.121951 2.012195 0.487805 -0.004883 -0.065430 -0.974121 0.000000 0.000000 0.000000 1255.000000
1 2 3 4 5 -0.121951 2.012195 0.548780 -0.011719 -0.062012 -1.002930 -34.200000 -142.200000 139.200000 1236.000000
1 2 3 4 5 -0.121951 2.012195 0.548780 -0.013184 -0.069824 -0.981445 0.000000 0.000000 0.000000 4014.000000
1 2 3 4 5 -0.060976 2.012195 0.487805 -0.006836 -0.068359 -0.983398 0.000000 0.000000 0.000000 1161.000000
1 2 3 4 5 -0.121951 2.073171 0.548780 -0.007324 -0.065430 -0.988281 -32.400000 -145.200000 140.400000 3077.000000
1 2 3 4 5 -0.121951 2.012195 0.487805 -0.003906 -0.072754 -0.990234 0.000000 0.000000 0.000000 2012.000000
1 2 3 4 5 -0.121951 2.134146 0.487805 -0.007813 -0.059082 -0.977539 0.000000 0.000000 0.000000 412.000000
1 2 3 4 5 -0.182927 2.012195 0.487805 -0.004883 -0.065918 -0.984375 -33.600000 -144.000000 139.800000 4302.000000
1 2 3 4 5 -0.121951 2.073171 0.487805 -0.001465 -0.066895 -0.988770 0.000000 0.000000 0.000000 2926.000000
1 2 3 4 5 -0.121951 2.195122 0.548780 -0.000977 -0.063477 -0.981934 0.000000 0.000000 0.000000 3645.000000
1 2 3 4 5 -0.060976 1.951220 0.487805 -0.003906 -0.067871 -0.994141 -36.600000 -148.200000 141.000000 3276.000000
1 2 3 4 5 -0.182927 2.073171 0.487805 -0.005859 -0.068359 -0.971191 0.000000 0.000000 0.000000 1609.000000
1 2 3 4 5 -0.060976 2.073171 0.426829 -0.019531 -0.065430 -0.983398 0.000000 0.000000 0.000000 2890.000000
1 2 3 4 5 -0.182927 2.012195 0.609756 -0.004883 -0.062012 -0.974121 -37.200000 -144.000000 140.400000 1745.000000
1 2 3 4 5 -0.182927 2.012195 0.548780 -0.007324 -0.064941 -0.984375 0.000000 0.000000 0.000000 1373.000000
1 2 3 4 5 -0.121951 2.012195 0.487805 -0.008789 -0.057129 -0.971191 0.000000 0.000000 0.000000 3158.000000
1 2 3 4 5 -0.121951 1.951220 0.487805 0.002441 -0.066406 -0.956543 -36.000000 -143.400000 141.000000 790.000000
1 2 3 4 5 -0.182927 2.012195 0.426829 0.001953 -0.067383 -0.984375 0.000000 0.000000 0.000000 2819.000000
1 2 3 4 5 -0.182927 2.012195 0.548780 -0.004883 -0.070801 -0.983887 0.000000 0.000000 0.000000 1197.000000
1 2 3 4 5 -0.000000 2.012195 0.548780 -0.009766 -0.068359 -0.992188 -37.200000 -145.200000 138.600000 1060.000000
1 2 3 4 5 -0.121951 2.012195 0.548780 -0.003906 -0.070801 -0.982910 0.000000 0.000000 0.000000 2411.000000
1 2 3 4 5 -0.182927 2.073171 0.548780 -0.005859 -0.069824 -0.979492 0.000000 0.000000 0.000000 1769.000000
1 2 3 4 5 -0.121951 2.134146 0.548780 -0.004395 -0.072754 -0.970703 -32.400000 -147.600000 139.200000 1539.000000
1 2 3 4 5 -0.121951 2.073171 0.487805 -0.011719 -0.061035 -0.983887 0.000000 0.000000 0.000000 2864.000000
1 2 3 4 5 -0.121951 2.134146 0.487805 -0.002441 -0.065918 -0.988281 0.000000 0.000000 0.000000 840.000000
1 2 3 4 5 -0.121951 1.951220 0.548780 -0.013184 -0.063477 -0.974121 -34.800000 -144.600000 141.000000 2978.000000
1 2 3 4 5 -0.000000 1.951220 0.548780 -0.010254 -0.066406 -0.986816 0.000000 0.000000 0.000000 1407.000000
1 2 3 4 5 -0.121951 2.073171 0.548780 -0.010742 -0.068848 -0.977051 0.000000 0.000000 0.000000 853.000000
1 2 3 4 5 -0.121951 2.012195 0.487805 -0.008301 -0.066895 -0.980957 -31.200000 -144.600000 142.200000 2281.000000
1 2 3 4 5 -0.060976 2.134146 0.487805 -0.014648 -0.065430 -0.978516 0.000000 0.000000 0.000000 2106.000000
1 2 3 4 5 -0.121951 2.134146 0.426829 -0.010742 -0.077148 -0.993652 0.000000 0.000000 0.000000 2852.000000
1 2 3 4 5 -0.060976 1.951220 0.548780 -0.011230 -0.066895 -0.978516 -36.000000 -147.000000 138.600000 1807.000000
1 2 3 4 5 -0.060976 1.951220 0.548780 -0.010254 -0.071777 -0.986816 0.000000 0.000000 0.000000 815.000000
1 2 3 4 5 -0.121951 2.073171 0.548780 -0.011719 -0.070313 -0.976563 0.000000 0.000000 0.000000 3174.000000
1 2 3 4 5 -0.121951 2.073171 0.548780 -0.007813 -0.062988 -0.954102 -36.000000 -144.000000 140.400000 1212.000000
1 2 3 4 5 -0.121951 1.951220 0.487805 -0.008301 -0.068359 -0.960938 0.000000 0.000000 0.000000 1731.000000
1 2 3 4 5 -0.304878 2.073171 0.487805 -0.005859 -0.052734 -0.982422 0.000000 0.000000 0.000000 1237.000000
1 2 3 4 5 -0.304878 2.134146 0.609756 -0.002441 -0.066895 -1.015625 -34.200000 -141.600000 141.600000 1936.000000
1 2 3 4 5 -0.000000 2.317073 0.487805 -0.007324 -0.084473 -0.982910 0.000000 0.000000 0.000000 2032.000000
1 2 3 4 5 -0.060976 2.317073 0.487805 -0.009766 -0.059570 -0.990723 0.000000 0.000000 0.000000 -6.000000
1 2 3 4 5 -0.121951 2.317073 0.487805 -0.000977 -0.074219 -1.033691 -35.400000 -141.000000 141.000000 1182.000000
1 2 3 4 5 -0.121951 2.012195 0.426829 -0.010254 -0.064453 -0.987793 0.000000 0.000000 0.000000 2647.000000
1 2 3 4 5 -0.182927 1.951220 0.487805 -0.023438 -0.053223 -0.955566 0.000000 0.000000 0.000000 3019.000000
1 2 3 4 5 -0.182927 2.195122 0.548780 -0.004883 -0.049316 -0.960449 -37.200000 -146.400000 141.000000 3149.000000
1 2 3 4 5 -0.243902 2.073171 0.426829 -0.008789 -0.057129 -0.956055 0.000000 0.000000 0.000000 1607.000000
1 2 3 4 5 -0.121951 2.073171 0.548780 -0.007324 -0.059082 -0.976074 0.000000 0.000000 0.000000 639.000000
1 2 3 4 5 -0.060976 2.073171 0.487805 -0.013184 -0.072266 -0.987305 -37.200000 -142.200000 139.200000 1289.000000
1 2 3 4 5 -0.060976 2.073171 0.487805 -0.014648 -0.074707 -0.993164 0.000000 0.000000 0.000000 1861.000000
1 2 3 4 5 -0.182927 2.073171 0.487805 -0.005859 -0.067871 -0.985352 0.000000 0.000000 0.000000 1631.000000
1 2 3 4 5 -0.121951 2.073171 0.487805 -0.004395 -0.070313 -0.982910 -33.600000 -151.800000 138.600000 834.000000
1 2 3 4 5 -0.182927 1.951220 0.609756 -0.013184 -0.065918 -0.973145 0.000000 0.000000 0.000000 1500.000000
1 2 3 4 5 -0.121951 2.073171 0.609756 -0.004395 -0.066406 -0.987793 0.000000 0.000000 0.000000 1686.000000
1 2 3 4 5 -0.182927 2.073171 0.487805 -0.012207 -0.072266 -0.990723 -35.400000 -142.200000 140.400000 2277.000000
1 2 3 4 5 -0.060976 2.012195 0.548780 -0.012207 -0.068359 -0.963867 0.000000 0.000000 0.000000 1899.000000
1 2 3 4 5 -0.060976 1.890244 0.487805 0.005859 -0.070313 -0.965332 0.000000 0.000000 0.000000 999.000000
1 2 3 4 5 -0.060976 2.073171 0.487805 -0.010742 -0.054199 -0.978516 -40.200000 -146.400000 139.200000 1322.000000
1 2 3 4 5 -0.182927 1.951220 0.548780 -0.012207 -0.064941 -0.990234 0.000000 0.000000 0.000000 1661.000000
1 2 3 4 5 -0.121951 2.012195 0.487805 -0.015625 -0.059570 -0.979492 0.000000 0.000000 0.000000 1300.000000
1 2 3 4 5 -0.060976 2.134146 0.487805 -0.005859 -0.045898 -0.975098 -32.400000 -148.800000 140.400000 1667.000000
1 2 3 4 5 -0.121951 2.134146 0.487805 -0.008789 -0.070313 -0.976563 0.000000 0.000000 0.000000 2109.000000
1 2 3 4 5 -0.121951 2.012195 0.487805 -0.014160 -0.066895 -0.978027 0.000000 0.000000 0.000000 3199.000000
1 2 3 4 5 -0.121951 2.012195 0.487805 -0.003418 -0.070801 -0.965332 -33.600000 -139.800000 141.000000 2129.000000
1 2 3 4 5 -0.121951 2.134146 0.426829 -0.003418 -0.068359 -0.978027 0.000000 0.000000 0.000000 1393.000000
1 2 3 4 5 -0.121951 2.073171 0.487805 -0.006836 -0.073242 -0.975098 0.000000 0.000000 0.000000 1299.000000
1 2 3 4 5 -0.121951 2.073171 0.487805 -0.011719 -0.071777 -0.984375 -33.600000 -147.600000 139.200000 1459.000000
1 2 3 4 5 -0.000000 2.134146 0.548780 -0.012207 -0.062012 -0.983398 0.000000 0.000000 0.000000 1829.000000
1 2 3 4 5 -0.121951 2.073171 0.426829 -0.017578 -0.066895 -0.980957 0.000000 0.000000 0.000000 613.000000
1 2 3 4 5 -0.121951 2.134146 0.487805 -0.006836 -0.062988 -0.971680 -37.200000 -146.400000 139.800000 1328.000000
1 2 3 4 5 -0.182927 1.890244 0.487805 -0.011719 -0.066895 -0.992676 0.000000 0.000000 0.000000 2869.000000
1 2 3 4 5 -0.000000 2.012195 0.609756 -0.005371 -0.059082 -0.982422 0.000000 0.000000 0.000000 2750.000000
1 2 3 4 5 -0.060976 2.073171 0.426829 -0.005859 -0.063477 -0.986328 -35.400000 -145.200000 142.200000 3352.000000
1 2 3 4 5 -0.060976 2.012195 0.548780 -0.004883 -0.074219 -0.975098 0.000000 0.000000 0.000000 1754.000000
1 2 3 4 5 -0.182927 2.073171 0.548780 -0.004883 -0.065430 -0.981445 0.000000 0.000000 0.000000 -52.000000
1 2 3 4 5 -0.121951 2.012195 0.548780 -0.013672 -0.060547 -0.976074 -33.000000 -144.600000 139.200000 2305.000000
1 2 3 4 5 -0.182927 2.012195 0.487805 -0.005371 -0.054199 -0.983398 0.000000 0.000000 0.000000 750.000000
1 2 3 4 5 -0.182927 2.012195 0.487805 -0.015137 -0.059570 -0.975586 0.000000 0.000000 0.000000 1331.000000
1 2 3 4 5 -0.182927 2.073171 0.487805 -0.008789 -0.064941 -0.978516 -37.200000 -144.000000 140.400000 851.000000
1 2 3 4 5 -0.121951 2.012195 0.487805 -0.008789 -0.070801 -0.980957 0.000000 0.000000 0.000000 371.000000
1 2 3 4 5 -0.121951 2.073171 0.487805 -0.009766 -0.071289 -0.983887 0.000000 0.000000 0.000000 2145.000000
1 2 3 4 5 -0.121951 2.012195 0.609756 0.003906 -0.077148 -0.961914 -34.800000 -143.400000 139.200000 438.000000
1 2 3 4 5 -0.121951 1.890244 0.487805 -0.008789 -0.062012 -0.966309 0.000000 0.000000 0.000000 750.000000
1 2 3 4 5 -0.121951 2.012195 0.609756 -0.011230 -0.062988 -0.979004 0.000000 0.000000 0.000000 2082.000000
1 2 3 4 5 -0.121951 2.073171 0.487805 -0.006348 -0.054688 -0.980469 -31.800000 -144.600000 139.200000 1310.000000
1 2 3 4 5 -0.060976 2.073171 0.548780 -0.010742 -0.067871 -0.978516 0.000000 0.000000 0.000000 2253.000000
1 2 3 4 5 -0.060976 2.134146 0.548780 -0.011230 -0.063477 -0.971680 0.000000 0.000000 0.000000 237.000000
1 2 3 4 5 -0.121951 2.012195 0.609756 -0.013184 -0.068359 -0.982910 -39.000000 -141.000000 136.800000 1507.000000
1 2 3 4 5 -0.121951 2.012195 0.548780 -0.017090 -0.065430 -0.982910 0.000000 0.000000 0.000000 1666.000000
1 2 3 4 5 -0.060976 2.012195 0.426829 -0.011230 -0.070313 -0.972168 0.000000 0.000000 0.000000 198.000000
1 2 3 4 5 -0.060976 2.073171 0.609756 -0.007813 -0.072266 -0.982910 -40.200000 -145.200000 138.600000 1982.000000
1 2 3 4 5 -0.121951 1.951220 0.487805 -0.002441 -0.070801 -0.993652 0.000000 0.000000 0.000000 1164.000000
1 2 3 4 5 -0.060976 2.012195 0.487805 -0.011719 -0.066895 -0.986328 0.000000 0.000000 0.000000 1039.000000
1 2 3 4 5 -0.182927 2.073171 0.548780 -0.014648 -0.068359 -0.974121 -34.800000 -144.600000 139.800000 3059.000000
1 2 3 4 5 -0.182927 2.073171 0.548780 -0.005859 -0.053711 -0.970215 0.000000 0.000000 0.000000 1806.000000
1 2 3 4 5 -0.121951 2.012195 0.426829 -0.007813 -0.059082 -0.972656 0.000000 0.000000 0.000000 420.000000
1 2 3 4 5 -0.060976 2.073171 0.487805 -0.005859 -0.061523 -0.986816 -40.200000 -146.400000 139.200000 2448.000000
1 2 3 4 5 -0.121951 2.134146 0.426829 -0.009766 -0.072266 -0.986816 0.000000 0.000000 0.000000 263.000000
1 2 3 4 5 -0.121951 2.134146 0.548780 -0.005371 -0.066895 -0.975586 0.000000 0.000000 0.000000 2461.000000
1 2 3 4 5 -0.000000 2.012195 0.548780 -0.004395 -0.067871 -0.983887 -37.200000 -144.000000 139.800000 457.000000
1 2 3 4 5 -0.182927 2.012195 0.487805 -0.017578 -0.062988 -0.969727 0.000000 0.000000 0.000000 420.000000
1 2 3 4 5 -0.121951 1.951220 0.609756 -0.012207 -0.061523 -0.980469 0.000000 0.000000 0.000000 2963.000000
1 2 3 4 5 -0.060976 2.012195 0.548780 -0.012207 -0.066406 -0.973145 -36.600000 -147.000000 141.600000 1676.000000
1 2 3 4 5 -0.182927 2.134146 0.548780 -0.004395 -0.064453 -0.979004 0.000000 0.000000 0.000000 2015.000000
1 2 3 4 5 -0.121951 2.012195 0.548780 -0.001953 -0.068848 -0.971680 0.000000 0.000000 0.000000 947.000000
1 2 3 4 5 -0.182927 2.012195 0.426829 -0.008301 -0.056152 -0.983398 -39.000000 -142.200000 138.600000 710.000000
1 2 3 4 5 -0.121951 2.012195 0.548780 0.001465 -0.067871 -0.984863 0.000000 0.000000 0.000000 3276.000000
1 2 3 4 5 -0.243902 1.951220 0.426829 -0.009766 -0.064941 -0.966309 0.000000 0.000000 0.000000 128.000000
1 2 3 4 5 -0.060976 2.073171 0.487805 -0.009766 -0.058105 -0.989258 -34.800000 -143.400000 140.400000 2272.000000
1 2 3 4 5 -0.060976 2.012195 0.487805 -0.003418 -0.064941 -0.969238 0.000000 0.000000 0.000000 1866.000000
1 2 3 4 5 -0.060976 1.951220 0.609756 -0.001953 -0.063965 -0.983887 0.000000 0.000000 0.000000 1420.000000
1 2 3 4 5 -0.060976 2.012195 0.609756 -0.004883 -0.063965 -0.967285 -34.200000 -147.000000 141.600000 2690.000000
1 2 3 4 5 -0.243902 2.073171 0.487805 -0.009766 -0.062012 -0.964844 0.000000 0.000000 0.000000 913.000000
1 2 3 4 5 -0.121951 2.073171 0.487805 -0.004395 -0.063965 -0.988281 0.000000 0.000000 0.000000 1213.000000
1 2 3 4 5 -0.060976 2.134146 0.548780 0.000488 -0.067871 -0.969238 -34.800000 -147.000000 142.200000 1427.000000
1 2 3 4 5 -0.121951 2.073171 0.487805 -0.007324 -0.067383 -0.977539 0.000000 0.000000 0.000000 1761.000000
1 2 3 4 5 -0.121951 2.073171 0.548780 0.006836 -0.066895 -0.976563 0.000000 0.000000 0.000000 2522.000000
1 2 3 4 5 -0.243902 2.012195 0.487805 -0.005371 -0.061523 -0.976563 -35.400000 -141.000000 139.200000 1513.000000
1 2 3 4 5 -0.060976 2.012195 0.548780 -0.005371 -0.065430 -0.982910 0.000000 0.000000 0.000000 1790.000000
1 2 3 4 5 -0.121951 2.073171 0.365854 -0.010254 -0.068359 -0.983398 0.000000 0.000000 0.000000 2135.000000
1 2 3 4 5 -0.121951 2.073171 0.548780 -0.009766 -0.064453 -0.962891 -34.200000 -147.600000 138.600000 2017.000000
1 2 3 4 5 -0.121951 2.012195 0.487805 -0.006836 -0.066895 -0.976563 0.000000 0.000000 0.000000 2478.000000
1 2 3 4 5 -0.182927 2.073171 0.487805 -0.001953 -0.059082 -0.976074 0.000000 0.000000 0.000000 1837.000000
1 2 3 4 5 -0.060976 2.073171 0.426829 -0.002930 -0.060547 -0.997559 -36.600000 -139.200000 141.600000 844.000000
1 2 3 4 5 -0.121951 2.134146 0.487805 -0.005859 -0.071289 -0.981934 0.000000 0.000000 0.000000 2302.000000
1 2 3 4 5 -0.121951 2.012195 0.548780 0.001953 -0.067383 -0.973145 0.000000 0.000000 0.000000 2587.000000
1 2 3 4 5 -0.060976 2.134146 0.548780 0.001465 -0.068848 -0.968262 -35.400000 -146.400000 139.800000 2861.000000
1 2 3 4 5 -0.243902 2.012195 0.548780 -0.017090 -0.058105 -0.993164 0.000000 0.000000 0.000000 1421.000000
1 2 3 4 5 -0.121951 2.134146 0.548780 -0.005859 -0.062988 -0.986816 0.000000 0.000000 0.000000 1347.000000
1 2 3 4 5 -0.182927 1.951220 0.426829 -0.007813 -0.060059 -0.967285 -34.800000 -145.800000 140.400000 1220.000000
1 2 3 4 5 -0.121951 2.012195 0.487805 -0.011719 -0.068848 -0.966309 0.000000 0.000000 0.000000 2804.000000
1 2 3 4 5 -0.060976 2.134146 0.487805 -0.001465 -0.073242 -0.981445 0.000000 0.000000 0.000000 2775.000000
1 2 3 4 5 -0.060976 2.012195 0.548780 -0.003906 -0.067383 -0.981934 -36.000000 -146.400000 141.000000 314.000000
1 2 3 4 5 -0.060976 2.012195 0.548780 -0.015137 -0.052246 -0.988281 0.000000 0.000000 0.000000 3370.000000
1 2 3 4 5 -0.182927 2.012195 0.670732 -0.018555 -0.058105 -0.966309 0.000000 0.000000 0.000000 2419.000000
1 2 3 4 5 -0.182927 1.951220 0.609756 -0.013672 -0.064453 -0.988281 -34.800000 -143.400000 138.600000 2434.000000
1 2 3 4 5 -0.121951 2.073171 0.548780 -0.007813 -0.072266 -0.965820 0.000000 0.000000 0.000000 1038.000000
1 2 3 4 5 -0.121951 2.134146 0.487805 -0.001465 -0.077637 -0.980469 0.000000 0.000000 0.000000 1208.000000
1 2 3 4 5 -0.304878 1.951220 0.487805 -0.005859 -0.078125 -0.984375 -33.600000 -146.400000 139.200000 3809.000000
1 2 3 4 5 -0.121951 1.951220 0.487805 -0.005859 -0.063477 -0.971191 0.000000 0.000000 0.000000 3281.000000
1 2 3 4 5 -0.182927 2.073171 0.487805 -0.009766 -0.054199 -0.958008 0.000000 0.000000 0.000000 1396.000000
1 2 3 4 5 -0.121951 2.073171 0.487805 -0.015137 -0.067871 -0.981934 -34.800000 -145.800000 141.600000 2004.000000
1 2 3 4 5 -0.121951 2.073171 0.426829 -0.008789 -0.073730 -0.993652 0.000000 0.000000 0.000000 1828.000000
1 2 3 4 5 -0.060976 2.012195 0.487805 -0.003418 -0.067871 -0.971191 0.000000 0.000000 0.000000 3598.000000
1 2 3 4 5 -0.121951 2.073171 0.548780 -0.013672 -0.063477 -0.979492 -34.200000 -147.000000 138.000000 2072.000000
1 2 3 4 5 -0.121951 2.073171 0.548780 -0.005859 -0.070801 -0.973633 0.000000 0.000000 0.000000 1191.000000
1 2 3 4 5 -0.060976 2.012195 0.426829 -0.006836 -0.064453 -0.974121 0.000000 0.000000 0.000000 1200.000000
1 2 3 4 5 -0.060976 2.073171 0.670732 -0.001953 -0.067871 -0.975586 -38.400000 -150.000000 139.800000 1588.000000
1 2 3 4 5 -0.182927 2.012195 0.487805 -0.010742 -0.067383 -0.976074 0.000000 0.000000 0.000000 2207.000000
1 2 3 4 5 -0.000000 2.073171 0.487805 -0.007813 -0.062988 -0.984863 0.000000 0.000000 0.000000 1459.000000
1 2 3 4 5 -0.060976 2.012195 0.548780 -0.001953 -0.062988 -0.973145 -37.200000 -146.400000 141.600000 72.000000
1 2 3 4 5 -0.182927 2.073171 0.548780 -0.011230 -0.073242 -0.994629 0.000000 0.000000 0.000000 2609.000000
1 2 3 4 5 -0.060976 2.134146 0.487805 -0.001465 -0.063477 -0.966309 0.000000 0.000000 0.000000 1398.000000
1 2 3 4 5 -0.182927 2.012195 0.609756 -0.002441 -0.061035 -0.961426 -37.800000 -147.000000 141.600000 1389.000000
1 2 3 4 5 -0.060976 2.073171 0.487805 -0.002930 -0.066895 -0.986328 0.000000 0.000000 0.000000 1584.000000
1 2 3 4 5 -0.060976 2.012195 0.304878 -0.004395 -0.065918 -0.988770 0.000000 0.000000 0.000000 1661.000000
1 2 3 4 5 -0.182927 2.073171 0.548780 -0.002930 -0.063965 -0.982910 -35.400000 -144.000000 141.600000 2897.000000
1 2 3 4 5 -0.060976 2.012195 0.548780 -0.000977 -0.067383 -0.971191 0.000000 0.000000 0.000000 1007.000000
1 2 3 4 5 -0.121951 2.012195 0.548780 -0.010742 -0.070801 -0.992676 0.000000 0.000000 0.000000 1269.000000
1 2 3 4 5 -0.121951 2.012195 0.487805 -0.007324 -0.068359 -0.976563 -39.000000 -138.600000 141.000000 2864.000000
1 2 3 4 5 -0.121951 2.073171 0.548780 0.006836 -0.068359 -0.978516 0.000000 0.000000 0.000000 2432.000000
