1 2 3 4 5 -0.121951 1.951220 0.304878 0.004883 -0.084473 -0.967285 0.000000 0.000000 0.000000 2196.000000
1 2 3 4 5 -0.121951 2.012195 0.365854 -0.016602 -0.074707 -0.984375 0.000000 0.000000 0.000000 3292.000000
1 2 3 4 5 -0.060976 2.012195 0.365854 -0.003418 -0.077148 -0.980957 0.000000 0.000000 0.000000 2576.000000
1 2 3 4 5 -0.121951 1.951220 0.365854 -0.007324 -0.074707 -0.976074 15.600000 -70.200000 50.400000 2518.000000
1 2 3 4 5 -0.121951 2.134146 0.426829 -0.001465 -0.075684 -0.976074 0.000000 0.000000 0.000000 1147.000000
1 2 3 4 5 -0.182927 2.134146 0.182927 -0.010742 -0.084473 -0.971680 0.000000 0.000000 0.000000 2023.000000
1 2 3 4 5 -0.060976 2.073171 0.426829 0.000488 -0.087402 -0.970215 14.400000 -67.200000 52.200000 1983.000000
1 2 3 4 5 -0.060976 2.073171 0.365854 -0.013672 -0.086426 -0.963867 0.000000 0.000000 0.000000 556.000000
1 2 3 4 5 -0.000000 2.012195 0.304878 -0.002930 -0.080078 -0.967773 0.000000 0.000000 0.000000 2110.000000
1 2 3 4 5 -0.000000 1.951220 0.487805 0.003418 -0.064941 -0.980469 15.000000 -73.200000 54.000000 2044.000000
1 2 3 4 5 -0.000000 2.073171 0.426829 -0.005371 -0.079102 -0.989258 0.000000 0.000000 0.000000 2273.000000
1 2 3 4 5 -0.182927 2.073171 0.365854 -0.005859 -0.079590 -0.961914 0.000000 0.000000 0.000000 2235.000000
1 2 3 4 5 -0.121951 1.890244 0.365854 -0.000977 -0.070801 -0.984375 15.600000 -72.000000 54.600000 1220.000000
1 2 3 4 5 -0.121951 2.073171 0.304878 -0.006836 -0.081543 -0.988281 0.000000 0.000000 0.000000 1601.000000
1 2 3 4 5 -0.121951 2.012195 0.487805 0.005371 -0.073730 -0.966309 0.000000 0.000000 0.000000 1962.000000
1 2 3 4 5 -0.121951 1.890244 0.365854 0.002441 -0.075684 -0.977051 17.400000 -74.400000 56.400000 2078.000000
1 2 3 4 5 -0.121951 2.012195 0.304878 0.000977 -0.077148 -0.977539 0.000000 0.000000 0.000000 1962.000000
1 2 3 4 5 -0.121951 1.951220 0.304878 -0.004883 -0.070313 -0.982910 0.000000 0.000000 0.000000 881.000000
1 2 3 4 5 -0.060976 1.951220 0.243902 -0.001465 -0.078613 -0.978027 16.800000 -74.400000 52.800000 2537.000000
1 2 3 4 5 -0.121951 2.012195 0.426829 0.000977 -0.070313 -0.983887 0.000000 0.000000 0.000000 2221.000000
1 2 3 4 5 -0.000000 2.073171 0.365854 -0.003906 -0.086914 -0.984375 0.000000 0.000000 0.000000 2769.000000
1 2 3 4 5 -0.060976 2.012195 0.426829 -0.003906 -0.079102 -0.977539 18.000000 -69.600000 54.000000 2012.000000
1 2 3 4 5 -0.000000 2.012195 0.304878 -0.000977 -0.087402 -0.969727 0.000000 0.000000 0.000000 2214.000000
1 2 3 4 5 -0.121951 2.073171 0.365854 -0.009766 -0.078125 -0.979492 0.000000 0.000000 0.000000 2981.000000
1 2 3 4 5 -0.060976 2.073171 0.304878 0.000488 -0.083496 -0.973145 15.000000 -70.800000 55.800000 2285.000000
1 2 3 4 5 -0.121951 2.012195 0.365854 -0.007324 -0.082031 -0.974121 0.000000 0.000000 0.000000 1543.000000
1 2 3 4 5 -0.060976 1.951220 0.487805 -0.002930 -0.076660 -0.970215 0.000000 0.000000 0.000000 1831.000000
1 2 3 4 5 -0.060976 1.890244 0.365854 -0.003906 -0.067871 -0.979492 17.400000 -69.000000 57.000000 1320.000000
1 2 3 4 5 -0.121951 1.951220 0.243902 -0.004883 -0.074707 -0.977051 0.000000 0.000000 0.000000 2459.000000
1 2 3 4 5 -0.243902 2.012195 0.304878 -0.008789 -0.078125 -0.980469 0.000000 0.000000 0.000000 1586.000000
1 2 3 4 5 -0.182927 2.073171 0.365854 0.003418 -0.068359 -0.981445 18.600000 -69.000000 55.200000 2344.000000
1 2 3 4 5 -0.060976 2.073171 0.426829 -0.003418 -0.079102 -0.973633 0.000000 0.000000 0.000000 3286.000000
1 2 3 4 5 -0.182927 2.012195 0.304878 -0.013184 -0.078613 -0.993164 0.000000 0.000000 0.000000 3118.000000
1 2 3 4 5 -0.060976 1.890244 0.304878 -0.006836 -0.082031 -0.983887 16.200000 -67.200000 54.000000 2947.000000
1 2 3 4 5 -0.060976 2.073171 0.426829 -0.004883 -0.090820 -0.966797 0.000000 0.000000 0.000000 1295.000000
1 2 3 4 5 -0.121951 1.951220 0.304878 -0.000977 -0.083496 -0.972656 0.000000 0.000000 0.000000 1047.000000
1 2 3 4 5 -0.121951 2.073171 0.426829 0.001465 -0.079102 -0.962402 15.000000 -66.600000 52.200000 2218.000000
1 2 3 4 5 -0.000000 2.012195 0.304878 -0.001953 -0.072754 -0.984375 0.000000 0.000000 0.000000 2139.000000
1 2 3 4 5 -0.121951 2.073171 0.365854 -0.003906 -0.073730 -0.986328 0.000000 0.000000 0.000000 1864.000000
1 2 3 4 5 -0.121951 2.012195 0.365854 -0.000488 -0.084961 -0.981445 15.600000 -73.200000 54.000000 462.000000
1 2 3 4 5 -0.121951 2.012195 0.365854 -0.011230 -0.076660 -0.992676 0.000000 0.000000 0.000000 649.000000
1 2 3 4 5 -0.182927 2.012195 0.365854 -0.005371 -0.074707 -0.999512 0.000000 0.000000 0.000000 2216.000000
1 2 3 4 5 -0.121951 2.012195 0.426829 -0.006836 -0.083496 -0.964355 17.400000 -69.000000 53.400000 907.000000
1 2 3 4 5 -0.121951 1.890244 0.365854 -0.003906 -0.080078 -0.972168 0.000000 0.000000 0.000000 848.000000
1 2 3 4 5 -0.121951 2.073171 0.304878 -0.001953 -0.087891 -0.980957 0.000000 0.000000 0.000000 1306.000000
1 2 3 4 5 -0.060976 2.012195 0.365854 -0.011230 -0.077637 -0.979004 13.200000 -72.000000 54.600000 430.000000
1 2 3 4 5 -0.121951 2.012195 0.426829 -0.008301 -0.077637 -0.970703 0.000000 0.000000 0.000000 2108.000000
1 2 3 4 5 -0.000000 2.012195 0.365854 -0.002930 -0.075195 -0.979004 0.000000 0.000000 0.000000 455.000000
1 2 3 4 5 -0.060976 1.951220 0.304878 -0.006836 -0.082031 -0.982422 15.000000 -72.600000 55.200000 955.000000
1 2 3 4 5 -0.121951 2.073171 0.365854 -0.003418 -0.075684 -0.991699 0.000000 0.000000 0.000000 2017.000000
1 2 3 4 5 -0.060976 1.951220 0.365854 -0.001465 -0.075195 -0.982910 0.000000 0.000000 0.000000 -467.000000
1 2 3 4 5 -0.121951 1.890244 0.365854 0.008301 -0.069824 -0.973145 19.800000 -70.800000 53.400000 1866.000000
1 2 3 4 5 -0.121951 2.012195 0.304878 -0.007324 -0.076660 -0.973145 0.000000 0.000000 0.000000 424.000000
1 2 3 4 5 -0.121951 2.073171 0.365854 -0.003418 -0.078613 -0.977051 0.000000 0.000000 0.000000 810.000000
1 2 3 4 5 -0.000000 2.012195 0.487805 -0.007324 -0.072266 -0.975586 16.200000 -70.800000 55.200000 1576.000000
1 2 3 4 5 -0.182927 2.012195 0.426829 0.001465 -0.075195 -0.983887 0.000000 0.000000 0.000000 95.000000
1 2 3 4 5 -0.060976 2.012195 0.426829 -0.011719 -0.083496 -0.970215 0.000000 0.000000 0.000000 1877.000000
1 2 3 4 5 -0.182927 2.073171 0.365854 -0.002930 -0.074707 -0.961914 18.000000 -75.000000 54.000000 715.000000
1 2 3 4 5 -0.121951 2.012195 0.426829 -0.000977 -0.077637 -0.995117 0.000000 0.000000 0.000000 795.000000
1 2 3 4 5 -0.060976 2.012195 0.304878 -0.002441 -0.071777 -0.992188 0.000000 0.000000 0.000000 1456.000000
1 2 3 4 5 -0.121951 2.073171 0.304878 -0.007324 -0.082031 -0.956055 16.800000 -69.000000 54.600000 223.000000
1 2 3 4 5 -0.121951 2.012195 0.365854 -0.010742 -0.078125 -0.986328 0.000000 0.000000 0.000000 326.000000
1 2 3 4 5 -0.060976 2.073171 0.304878 -0.002441 -0.079102 -0.971191 0.000000 0.000000 0.000000 1376.000000
1 2 3 4 5 -0.121951 2.012195 0.365854 -0.001953 -0.080078 -0.984863 17.400000 -67.800000 53.400000 945.000000
1 2 3 4 5 -0.000000 1.951220 0.304878 0.002930 -0.081543 -0.974121 0.000000 0.000000 0.000000 1708.000000
1 2 3 4 5 -0.060976 2.012195 0.304878 0.000977 -0.072266 -0.968262 0.000000 0.000000 0.000000 911.000000
1 2 3 4 5 -0.121951 2.012195 0.426829 -0.004883 -0.076660 -0.973633 15.000000 -76.800000 55.200000 523.000000
1 2 3 4 5 -0.121951 1.951220 0.304878 -0.006348 -0.077148 -0.977539 0.000000 0.000000 0.000000 2915.000000
1 2 3 4 5 -0.060976 2.012195 0.304878 -0.007813 -0.077637 -0.979492 0.000000 0.000000 0.000000 764.000000
1 2 3 4 5 -0.060976 2.012195 0.426829 -0.005859 -0.072754 -0.987793 16.200000 -72.600000 51.000000 1602.000000
1 2 3 4 5 -0.182927 1.951220 0.304878 0.002441 -0.074219 -0.969238 0.000000 0.000000 0.000000 930.000000
1 2 3 4 5 -0.121951 2.012195 0.365854 -0.020508 -0.078613 -0.970215 0.000000 0.000000 0.000000 1350.000000
1 2 3 4 5 -0.000000 1.890244 0.426829 -0.004883 -0.078613 -0.979004 18.000000 -72.600000 55.200000 1792.000000
1 2 3 4 5 -0.060976 1.951220 0.365854 0.000977 -0.072266 -0.977539 0.000000 0.000000 0.000000 1225.000000
1 2 3 4 5 -0.060976 1.890244 0.426829 -0.007324 -0.076660 -0.978027 0.000000 0.000000 0.000000 2227.000000
1 2 3 4 5 -0.182927 1.951220 0.365854 -0.007813 -0.075195 -0.979004 19.800000 -69.000000 54.600000 1193.000000
1 2 3 4 5 -0.121951 2.012195 0.304878 0.000488 -0.083496 -0.976563 0.000000 0.000000 0.000000 1665.000000
1 2 3 4 5 -0.243902 2.073171 0.365854 0.008301 -0.080078 -0.975586 0.000000 0.000000 0.000000 1926.000000
1 2 3 4 5 -0.121951 2.012195 0.365854 -0.014648 -0.080078 -0.982422 16.800000 -74.400000 54.600000 1966.000000
1 2 3 4 5 -0.182927 2.073171 0.304878 -0.001465 -0.070313 -0.984375 0.000000 0.000000 0.000000 2536.000000
1 2 3 4 5 -0.000000 2.012195 0.487805 -0.008789 -0.072754 -0.989258 0.000000 0.000000 0.000000 2705.000000
1 2 3 4 5 -0.060976 2.073171 0.365854 -0.003418 -0.079590 -0.983887 19.800000 -68.400000 54.000000 2936.000000
1 2 3 4 5 -0.000000 2.012195 0.304878 0.003906 -0.075195 -0.977051 0.000000 0.000000 0.000000 3315.000000
1 2 3 4 5 -0.060976 1.951220 0.426829 -0.008789 -0.085449 -0.978027 0.000000 0.000000 0.000000 1145.000000
1 2 3 4 5 -0.060976 2.012195 0.365854 -0.001953 -0.090820 -0.973633 19.200000 -69.600000 52.800000 833.000000
1 2 3 4 5 -0.182927 2.012195 0.304878 -0.003906 -0.074707 -0.972656 0.000000 0.000000 0.000000 2189.000000
1 2 3 4 5 -0.121951 1.951220 0.548780 0.000977 -0.086426 -0.979004 0.000000 0.000000 0.000000 2285.000000
1 2 3 4 5 -0.121951 2.134146 0.304878 -0.007324 -0.083496 -0.983398 14.400000 -70.800000 53.400000 1918.000000
1 2 3 4 5 -0.060976 2.134146 0.243902 -0.005371 -0.074219 -0.977539 0.000000 0.000000 0.000000 941.000000
1 2 3 4 5 -0.121951 2.012195 0.304878 0.000977 -0.079590 -0.970215 0.000000 0.000000 0.000000 1407.000000
1 2 3 4 5 -0.000000 2.012195 0.304878 -0.012695 -0.073242 -0.982910 16.200000 -73.800000 54.000000 2747.000000
1 2 3 4 5 -0.121951 2.073171 0.365854 -0.000488 -0.075684 -0.982910 0.000000 0.000000 0.000000 2184.000000
1 2 3 4 5 -0.121951 2.073171 0.426829 0.005371 -0.085938 -0.978027 0.000000 0.000000 0.000000 2124.000000
1 2 3 4 5 -0.121951 2.012195 0.365854 0.003906 -0.082031 -0.992676 16.200000 -73.800000 52.800000 1531.000000
1 2 3 4 5 -0.060976 1.890244 0.426829 0.004883 -0.077148 -0.983398 0.000000 0.000000 0.000000 2129.000000
1 2 3 4 5 -0.000000 1.951220 0.304878 -0.006836 -0.075684 -0.960938 0.000000 0.000000 0.000000 2327.000000
1 2 3 4 5 -0.121951 1.951220 0.365854 -0.006836 -0.073242 -0.981445 20.400000 -75.600000 54.600000 1854.000000
1 2 3 4 5 -0.060976 1.951220 0.365854 -0.007324 -0.079102 -0.988770 0.000000 0.000000 0.000000 2327.000000
1 2 3 4 5 -0.121951 2.012195 0.365854 0.003906 -0.084961 -0.980957 0.000000 0.000000 0.000000 3135.000000
1 2 3 4 5 -0.182927 2.073171 0.365854 -0.009766 -0.078613 -0.959473 13.200000 -69.000000 54.600000 3944.000000
1 2 3 4 5 -0.182927 2.012195 0.426829 0.000977 -0.075684 -0.973145 0.000000 0.000000 0.000000 3933.000000
1 2 3 4 5 -0.121951 2.012195 0.365854 -0.006836 -0.075195 -0.986328 0.000000 0.000000 0.000000 2049.000000
1 2 3 4 5 -0.060976 2.073171 0.365854 -0.006836 -0.085449 -0.980957 18.600000 -73.200000 55.200000 4695.000000
1 2 3 4 5 -0.121951 2.073171 0.304878 -0.004883 -0.073730 -0.967773 0.000000 0.000000 0.000000 3359.000000
1 2 3 4 5 -0.060976 1.951220 0.426829 0.004395 -0.073730 -0.984863 0.000000 0.000000 0.000000 3631.000000
1 2 3 4 5 -0.121951 1.951220 0.304878 -0.002441 -0.074219 -0.971191 15.600000 -75.600000 54.000000 2764.000000
1 2 3 4 5 -0.121951 2.073171 0.304878 -0.002930 -0.077637 -0.971191 0.000000 0.000000 0.000000 2464.000000
1 2 3 4 5 -0.060976 2.012195 0.426829 -0.006836 -0.075195 -0.968262 0.000000 0.000000 0.000000 2621.000000
1 2 3 4 5 -0.060976 1.951220 0.426829 -0.006836 -0.070313 -0.994141 18.000000 -72.600000 54.600000 3350.000000
1 2 3 4 5 -0.121951 2.073171 0.243902 0.002441 -0.087402 -0.985352 0.000000 0.000000 0.000000 3707.000000
1 2 3 4 5 -0.060976 1.951220 0.426829 -0.007813 -0.078613 -0.971191 0.000000 0.000000 0.000000 1656.000000
1 2 3 4 5 -0.182927 1.890244 0.365854 -0.001465 -0.068359 -0.974121 14.400000 -73.800000 52.800000 1525.000000
1 2 3 4 5 -0.121951 2.073171 0.426829 -0.003418 -0.073730 -0.964844 0.000000 0.000000 0.000000 2748.000000
1 2 3 4 5 -0.121951 2.012195 0.243902 0.003906 -0.081543 -0.985352 0.000000 0.000000 0.000000 1929.000000
1 2 3 4 5 -0.060976 2.012195 0.365854 0.006836 -0.078613 -0.976074 16.800000 -75.600000 52.800000 1473.000000
1 2 3 4 5 -0.182927 1.951220 0.304878 -0.008301 -0.080566 -0.979004 0.000000 0.000000 0.000000 2430.000000
1 2 3 4 5 -0.060976 2.012195 0.304878 -0.010254 -0.077148 -0.969238 0.000000 0.000000 0.000000 2337.000000
1 2 3 4 5 -0.060976 1.951220 0.426829 -0.009766 -0.087891 -0.989746 18.000000 -70.800000 54.000000 3418.000000
1 2 3 4 5 -0.121951 1.951220 0.365854 -0.004883 -0.075195 -0.980469 0.000000 0.000000 0.000000 2245.000000
1 2 3 4 5 -0.060976 2.012195 0.426829 0.002441 -0.075684 -0.983887 0.000000 0.000000 0.000000 1263.000000
1 2 3 4 5 -0.243902 2.012195 0.426829 -0.003906 -0.073242 -0.976563 19.200000 -68.400000 52.200000 2868.000000
1 2 3 4 5 -0.060976 1.890244 0.365854 -0.004883 -0.082031 -0.980469 0.000000 0.000000 0.000000 398.000000
1 2 3 4 5 -0.121951 2.012195 0.487805 -0.004883 -0.079102 -0.978516 0.000000 0.000000 0.000000 3216.000000
1 2 3 4 5 -0.060976 2.012195 0.304878 -0.002930 -0.075684 -0.980957 15.600000 -73.200000 52.800000 902.000000
1 2 3 4 5 -0.182927 1.951220 0.365854 -0.006836 -0.080078 -0.984375 0.000000 0.000000 0.000000 1285.000000
1 2 3 4 5 -0.000000 1.951220 0.365854 -0.006836 -0.075684 -0.982910 0.000000 0.000000 0.000000 2576.000000
1 2 3 4 5 -0.121951 2.012195 0.365854 -0.003418 -0.076660 -0.978516 13.800000 -75.600000 50.400000 1782.000000
1 2 3 4 5 -0.121951 2.073171 0.304878 -0.007324 -0.073242 -0.982422 0.000000 0.000000 0.000000 2535.000000
1 2 3 4 5 -0.060976 2.012195 0.365854 -0.002441 -0.090820 -0.980469 0.000000 0.000000 0.000000 -75.000000
1 2 3 4 5 -0.121951 1.951220 0.304878 -0.006836 -0.080078 -0.978027 16.800000 -74.400000 52.200000 846.000000
1 2 3 4 5 -0.121951 1.951220 0.365854 -0.005859 -0.064453 -0.975098 0.000000 0.000000 0.000000 2932.000000
1 2 3 4 5 -0.121951 2.012195 0.365854 -0.000488 -0.075684 -0.982422 0.000000 0.000000 0.000000 1849.000000
1 2 3 4 5 -0.121951 2.012195 0.304878 -0.005859 -0.078613 -0.970215 16.200000 -75.000000 52.200000 2066.000000
1 2 3 4 5 -0.121951 2.134146 0.365854 -0.004883 -0.081543 -0.986328 0.000000 0.000000 0.000000 361.000000
1 2 3 4 5 -0.182927 2.073171 0.365854 -0.001465 -0.084961 -0.978027 0.000000 0.000000 0.000000 208.000000
1 2 3 4 5 -0.182927 2.012195 0.365854 0.000977 -0.075684 -0.976563 16.200000 -70.800000 54.000000 2458.000000
1 2 3 4 5 -0.060976 2.012195 0.365854 0.001465 -0.075195 -0.968262 0.000000 0.000000 0.000000 799.000000
1 2 3 4 5 -0.121951 2.073171 0.304878 -0.008301 -0.078125 -0.984863 0.000000 0.000000 0.000000 1479.000000
1 2 3 4 5 -0.243902 2.012195 0.304878 -0.004883 -0.087891 -0.987793 18.600000 -72.000000 56.400000 1740.000000
1 2 3 4 5 -0.182927 2.134146 0.365854 0.001465 -0.073730 -0.988281 0.000000 0.000000 0.000000 1161.000000
1 2 3 4 5 -0.060976 1.951220 0.365854 -0.010742 -0.080078 -0.975586 0.000000 0.000000 0.000000 1802.000000
1 2 3 4 5 -0.060976 2.012195 0.365854 -0.008789 -0.083496 -0.981934 15.000000 -73.200000 57.000000 1199.000000
1 2 3 4 5 -0.000000 2.012195 0.304878 -0.003906 -0.083496 -0.979492 0.000000 0.000000 0.000000 1321.000000
1 2 3 4 5 -0.121951 1.890244 0.304878 -0.003906 -0.075684 -0.979492 0.000000 0.000000 0.000000 2673.000000
1 2 3 4 5 -0.121951 2.134146 0.304878 0.002441 -0.079102 -0.966309 16.200000 -72.600000 52.800000 168.000000
1 2 3 4 5 -0.121951 2.012195 0.365854 -0.003418 -0.077637 -0.982422 0.000000 0.000000 0.000000 2971.000000
1 2 3 4 5 -0.060976 2.012195 0.365854 -0.004395 -0.086426 -0.975586 0.000000 0.000000 0.000000 1594.000000
1 2 3 4 5 -0.000000 2.012195 0.426829 -0.000977 -0.076660 -0.982422 24.000000 -72.600000 53.400000 1636.000000
1 2 3 4 5 -0.060976 1.951220 0.304878 -0.001953 -0.077148 -0.970215 0.000000 0.000000 0.000000 2633.000000
1 2 3 4 5 -0.060976 2.012195 0.487805 -0.003906 -0.075684 -0.971680 0.000000 0.000000 0.000000 1079.000000
1 2 3 4 5 -0.000000 2.073171 0.304878 -0.006836 -0.074707 -0.972656 16.200000 -69.600000 52.800000 3089.000000
1 2 3 4 5 -0.000000 2.012195 0.365854 0.008789 -0.088379 -0.977539 0.000000 0.000000 0.000000 2415.000000
1 2 3 4 5 -0.121951 1.951220 0.426829 -0.003418 -0.083496 -0.973633 0.000000 0.000000 0.000000 1470.000000
1 2 3 4 5 -0.121951 1.951220 0.304878 -0.004883 -0.079590 -0.987305 12.600000 -68.400000 56.400000 3089.000000
1 2 3 4 5 -0.121951 2.012195 0.487805 -0.003906 -0.078125 -0.978516 0.000000 0.000000 0.000000 311.000000
1 2 3 4 5 0.060976 2.012195 0.365854 -0.002441 -0.074707 -0.986816 0.000000 0.000000 0.000000 1953.000000
1 2 3 4 5 -0.121951 1.951220 0.365854 -0.000488 -0.083984 -0.978516 19.800000 -73.200000 54.000000 2032.000000
1 2 3 4 5 -0.121951 1.890244 0.365854 0.000488 -0.087891 -0.980957 0.000000 0.000000 0.000000 2494.000000
1 2 3 4 5 -0.000000 1.951220 0.304878 -0.002441 -0.081055 -0.983398 0.000000 0.000000 0.000000 2657.000000
1 2 3 4 5 -0.121951 1.951220 0.426829 0.000977 -0.077637 -0.978027 15.600000 -75.600000 52.800000 1185.000000
1 2 3 4 5 -0.121951 2.073171 0.426829 -0.005859 -0.071289 -0.988281 0.000000 0.000000 0.000000 836.000000
1 2 3 4 5 -0.060976 1.890244 0.365854 0.000488 -0.083496 -0.979004 0.000000 0.000000 0.000000 2611.000000
1 2 3 4 5 -0.182927 2.073171 0.243902 -0.002930 -0.082031 -0.984863 17.400000 -67.800000 54.600000 1894.000000
1 2 3 4 5 -0.060976 1.890244 0.365854 0.004395 -0.090820 -0.971680 0.000000 0.000000 0.000000 2527.000000
1 2 3 4 5 -0.060976 2.012195 0.426829 0.003906 -0.083496 -0.979492 0.000000 0.000000 0.000000 952.000000
1 2 3 4 5 -0.060976 2.134146 0.365854 -0.005859 -0.086914 -0.987793 17.400000 -70.200000 52.800000 1352.000000
1 2 3 4 5 -0.121951 2.012195 0.365854 -0.005859 -0.069824 -0.970703 0.000000 0.000000 0.000000 3235.000000
1 2 3 4 5 -0.060976 2.073171 0.426829 -0.005859 -0.079102 -0.962891 0.000000 0.000000 0.000000 2263.000000
1 2 3 4 5 -0.121951 1.890244 0.426829 0.008301 -0.079590 -0.990234 19.800000 -68.400000 54.000000 3255.000000
1 2 3 4 5 -0.060976 2.012195 0.365854 -0.007324 -0.079102 -0.984375 0.000000 0.000000 0.000000 1315.000000
1 2 3 4 5 -0.060976 2.012195 0.487805 -0.002930 -0.083984 -0.982422 0.000000 0.000000 0.000000 4087.000000
1 2 3 4 5 -0.121951 2.134146 0.365854 -0.003906 -0.085449 -0.981934 17.400000 -69.600000 54.000000 4625.000000
1 2 3 4 5 -0.060976 2.012195 0.365854 -0.002930 -0.082031 -0.973633 0.000000 0.000000 0.000000 3195.000000
1 2 3 4 5 -0.182927 2.012195 0.365854 -0.007813 -0.081543 -0.977539 0.000000 0.000000 0.000000 3508.000000
1 2 3 4 5 -0.121951 2.012195 0.243902 -0.001465 -0.071289 -0.972656 18.600000 -73.200000 54.000000 1626.000000
1 2 3 4 5 -0.121951 1.890244 0.365854 -0.001953 -0.081055 -0.987793 0.000000 0.000000 0.000000 3206.000000
1 2 3 4 5 -0.060976 2.073171 0.426829 0.002930 -0.080566 -0.987793 0.000000 0.000000 0.000000 2593.000000
1 2 3 4 5 -0.121951 1.951220 0.304878 0.000488 -0.085449 -0.986816 19.800000 -70.800000 52.800000 3058.000000
1 2 3 4 5 -0.182927 2.073171 0.304878 -0.002441 -0.083984 -0.980957 0.000000 0.000000 0.000000 3188.000000
1 2 3 4 5 -0.182927 1.951220 0.304878 -0.002930 -0.083984 -0.989746 0.000000 0.000000 0.000000 2400.000000
1 2 3 4 5 -0.182927 1.951220 0.365854 -0.007324 -0.073242 -0.977051 13.800000 -70.200000 52.200000 4660.000000
1 2 3 4 5 -0.060976 1.951220 0.365854 -0.005371 -0.078613 -0.983398 0.000000 0.000000 0.000000 3054.000000
1 2 3 4 5 -0.121951 1.951220 0.304878 -0.006836 -0.073730 -0.967285 0.000000 0.000000 0.000000 3376.000000
1 2 3 4 5 -0.060976 2.073171 0.365854 0.002930 -0.079102 -0.973145 20.400000 -72.000000 54.000000 1616.000000
1 2 3 4 5 -0.121951 2.012195 0.365854 -0.010742 -0.079590 -0.972656 0.000000 0.000000 0.000000 2820.000000
1 2 3 4 5 -0.121951 1.951220 0.365854 -0.005859 -0.071777 -0.981445 0.000000 0.000000 0.000000 2531.000000
1 2 3 4 5 -0.182927 1.951220 0.365854 -0.013672 -0.078125 -0.973145 15.600000 -66.600000 54.600000 1947.000000
1 2 3 4 5 -0.060976 2.073171 0.426829 -0.000488 -0.084473 -0.967285 0.000000 0.000000 0.000000 799.000000
1 2 3 4 5 -0.182927 2.012195 0.365854 -0.008789 -0.080078 -0.970215 0.000000 0.000000 0.000000 3527.000000
1 2 3 4 5 -0.060976 2.134146 0.365854 -0.000488 -0.086914 -0.980957 18.000000 -75.000000 54.000000 3304.000000
1 2 3 4 5 -0.121951 1.951220 0.365854 -0.016113 -0.073242 -0.971680 0.000000 0.000000 0.000000 3205.000000
1 2 3 4 5 -0.121951 2.012195 0.365854 -0.008789 -0.075684 -0.981934 0.000000 0.000000 0.000000 1612.000000
1 2 3 4 5 -0.060976 1.829268 0.304878 0.000977 -0.074707 -0.983887 16.800000 -69.000000 54.000000 2526.000000
1 2 3 4 5 -0.121951 2.073171 0.365854 -0.010254 -0.080566 -0.980957 0.000000 0.000000 0.000000 2336.000000
1 2 3 4 5 -0.121951 2.012195 0.365854 -0.006348 -0.071289 -0.974121 0.000000 0.000000 0.000000 3123.000000
1 2 3 4 5 -0.121951 2.012195 0.243902 -0.002930 -0.080078 -0.974121 17.400000 -73.800000 52.800000 736.000000
1 2 3 4 5 -0.243902 2.073171 0.426829 -0.001953 -0.084961 -0.994629 0.000000 0.000000 0.000000 2273.000000
1 2 3 4 5 -0.121951 2.012195 0.365854 -0.002441 -0.076660 -0.971191 0.000000 0.000000 0.000000 1682.000000
1 2 3 4 5 -0.121951 2.073171 0.304878 0.000977 -0.091797 -1.003418 15.600000 -69.000000 53.400000 3226.000000
1 2 3 4 5 -0.182927 2.073171 0.365854 -0.001465 -0.079590 -0.966309 0.000000 0.000000 0.000000 2735.000000
1 2 3 4 5 -0.121951 1.951220 0.365854 -0.001465 -0.079590 -0.994629 0.000000 0.000000 0.000000 975.000000
1 2 3 4 5 -0.060976 2.073171 0.365854 -0.003906 -0.081543 -0.985352 18.000000 -64.200000 52.800000 2610.000000
1 2 3 4 5 -0.121951 2.012195 0.304878 -0.004395 -0.078613 -0.981934 0.000000 0.000000 0.000000 2320.000000
1 2 3 4 5 -0.121951 1.951220 0.426829 -0.003906 -0.082520 -0.969727 0.000000 0.000000 0.000000 2773.000000
1 2 3 4 5 -0.060976 1.951220 0.304878 -0.004883 -0.074707 -0.975586 15.600000 -79.800000 52.200000 1429.000000
1 2 3 4 5 -0.182927 2.073171 0.304878 -0.004883 -0.081543 -0.968262 0.000000 0.000000 0.000000 742.000000
1 2 3 4 5 -0.000000 2.073171 0.304878 -0.001465 -0.076660 -0.977051 0.000000 0.000000 0.000000 2167.000000
1 2 3 4 5 -0.060976 2.012195 0.365854 0.000977 -0.074219 -0.966797 21.000000 -67.200000 54.600000 1809.000000
1 2 3 4 5 -0.182927 2.073171 0.365854 -0.005859 -0.080078 -0.969727 0.000000 0.000000 0.000000 2548.000000
1 2 3 4 5 -0.121951 1.951220 0.304878 0.000977 -0.079590 -0.980469 0.000000 0.000000 0.000000 2547.000000
1 2 3 4 5 -0.060976 2.012195 0.304878 -0.006836 -0.076660 -0.972656 19.200000 -68.400000 54.000000 3683.000000
1 2 3 4 5 -0.121951 2.012195 0.243902 0.001953 -0.079102 -0.981934 0.000000 0.000000 0.000000 4455.000000
1 2 3 4 5 -0.182927 2.073171 0.426829 -0.004395 -0.075195 -0.958984 0.000000 0.000000 0.000000 1986.000000
1 2 3 4 5 -0.000000 2.073171 0.365854 0.002441 -0.074219 -0.987793 15.600000 -72.000000 53.400000 3364.000000
1 2 3 4 5 -0.121951 2.073171 0.365854 0.002930 -0.079102 -0.989746 0.000000 0.000000 0.000000 3251.000000
1 2 3 4 5 -0.121951 2.073171 0.365854 -0.005859 -0.070313 -0.975586 0.000000 0.000000 0.000000 3392.000000
1 2 3 4 5 -0.121951 1.951220 0.426829 -0.005371 -0.071777 -0.973145 19.800000 -66.600000 54.600000 3425.000000
1 2 3 4 5 -0.060976 2.012195 0.304878 -0.001465 -0.080078 -0.965332 0.000000 0.000000 0.000000 1738.000000
1 2 3 4 5 -0.121951 2.134146 0.365854 -0.002930 -0.083496 -0.964844 0.000000 0.000000 0.000000 3735.000000
1 2 3 4 5 -0.121951 1.890244 0.304878 0.003418 -0.083496 -0.979004 18.600000 -69.000000 51.600000 4091.000000
1 2 3 4 5 -0.060976 2.073171 0.365854 -0.006836 -0.065430 -0.979492 0.000000 0.000000 0.000000 2498.000000
1 2 3 4 5 -0.121951 1.951220 0.365854 -0.004883 -0.082520 -0.980957 0.000000 0.000000 0.000000 4498.000000
1 2 3 4 5 -0.121951 2.012195 0.304878 0.007813 -0.080566 -0.978027 15.600000 -73.200000 54.600000 1899.000000
1 2 3 4 5 -0.182927 2.073171 0.304878 -0.005371 -0.075195 -0.968262 0.000000 0.000000 0.000000 2535.000000
1 2 3 4 5 -0.182927 1.951220 0.365854 -0.001953 -0.082031 -0.987305 0.000000 0.000000 0.000000 3589.000000
1 2 3 4 5 -0.060976 1.951220 0.365854 -0.004883 -0.076660 -0.975586 16.800000 -70.200000 55.800000 2084.000000
1 2 3 4 5 -0.121951 1.951220 0.365854 -0.006348 -0.066895 -0.979004 0.000000 0.000000 0.000000 3971.000000
1 2 3 4 5 -0.000000 2.012195 0.304878 -0.003418 -0.074707 -0.983398 0.000000 0.000000 0.000000 1945.000000
1 2 3 4 5 -0.121951 2.012195 0.365854 -0.008301 -0.078125 -0.976563 18.000000 -75.000000 54.600000 2065.000000
1 2 3 4 5 -0.182927 2.073171 0.487805 0.005859 -0.092773 -0.975098 0.000000 0.000000 0.000000 5663.000000
1 2 3 4 5 -0.121951 1.951220 0.365854 -0.007813 -0.079102 -0.977051 0.000000 0.000000 0.000000 2018.000000
1 2 3 4 5 -0.000000 1.951220 0.304878 -0.010254 -0.080566 -0.977051 15.000000 -73.200000 54.000000 3953.000000
1 2 3 4 5 -0.000000 1.951220 0.426829 -0.002441 -0.081543 -0.967773 0.000000 0.000000 0.000000 2443.000000
1 2 3 4 5 -0.060976 2.012195 0.365854 -0.002930 -0.080078 -0.978027 0.000000 0.000000 0.000000 2170.000000
1 2 3 4 5 -0.060976 2.073171 0.365854 -0.008301 -0.081543 -0.986328 19.800000 -70.200000 54.000000 3431.000000
1 2 3 4 5 -0.182927 2.012195 0.365854 -0.004883 -0.080078 -0.975586 0.000000 0.000000 0.000000 3760.000000
1 2 3 4 5 -0.121951 2.012195 0.426829 -0.003906 -0.075684 -0.985352 0.000000 0.000000 0.000000 3067.000000
1 2 3 4 5 -0.121951 2.012195 0.426829 -0.004395 -0.078613 -0.984375 16.800000 -75.600000 51.600000 3974.000000
1 2 3 4 5 -0.060976 2.073171 0.304878 0.005371 -0.074707 -0.973145 0.000000 0.000000 0.000000 1411.000000
1 2 3 4 5 -0.060976 2.012195 0.304878 0.002441 -0.070313 -0.977051 0.000000 0.000000 0.000000 2836.000000
1 2 3 4 5 -0.182927 2.073171 0.365854 -0.000977 -0.080566 -0.975098 15.000000 -73.800000 53.400000 1168.000000
1 2 3 4 5 -0.060976 1.890244 0.304878 -0.002441 -0.077637 -0.970215 0.000000 0.000000 0.000000 3449.000000
1 2 3 4 5 -0.060976 2.073171 0.426829 -0.006836 -0.075195 -0.976563 0.000000 0.000000 0.000000 5952.000000
1 2 3 4 5 -0.121951 2.012195 0.365854 -0.006836 -0.079590 -0.961426 15.000000 -72.000000 55.800000 2829.000000
1 2 3 4 5 -0.060976 2.073171 0.426829 -0.009766 -0.074219 -0.984863 0.000000 0.000000 0.000000 3322.000000
1 2 3 4 5 -0.060976 2.134146 0.487805 -0.003418 -0.083496 -0.982910 0.000000 0.000000 0.000000 1811.000000
1 2 3 4 5 -0.060976 2.073171 0.365854 -0.011230 -0.086426 -0.981934 18.600000 -72.000000 55.800000 2223.000000
1 2 3 4 5 -0.060976 1.951220 0.365854 -0.007813 -0.077637 -0.970215 0.000000 0.000000 0.000000 4138.000000
1 2 3 4 5 -0.121951 1.951220 0.304878 -0.001465 -0.075684 -0.964355 0.000000 0.000000 0.000000 2939.000000
1 2 3 4 5 -0.060976 1.951220 0.365854 -0.016602 -0.083496 -0.989746 14.400000 -72.600000 54.600000 4154.000000
1 2 3 4 5 -0.182927 2.012195 0.426829 -0.008789 -0.078125 -0.982422 0.000000 0.000000 0.000000 2889.000000
1 2 3 4 5 -0.060976 2.012195 0.365854 -0.006836 -0.079102 -0.977051 0.000000 0.000000 0.000000 1910.000000
1 2 3 4 5 -0.121951 2.073171 0.365854 -0.005371 -0.077637 -0.979492 18.000000 -69.600000 53.400000 2981.000000
1 2 3 4 5 -0.060976 2.012195 0.243902 -0.007324 -0.083984 -0.970215 0.000000 0.000000 0.000000 1267.000000
1 2 3 4 5 -0.182927 2.073171 0.365854 -0.001953 -0.080566 -0.994141 0.000000 0.000000 0.000000 1504.000000
1 2 3 4 5 -0.182927 2.073171 0.426829 -0.003906 -0.079102 -0.993652 17.400000 -69.600000 55.200000 2438.000000
1 2 3 4 5 -0.182927 2.012195 0.365854 -0.003906 -0.070313 -0.984375 0.000000 0.000000 0.000000 2535.000000
1 2 3 4 5 -0.121951 2.012195 0.365854 -0.002441 -0.072754 -0.971191 0.000000 0.000000 0.000000 2588.000000
1 2 3 4 5 -0.060976 1.951220 0.304878 -0.014160 -0.079102 -0.975586 15.000000 -67.800000 54.000000 1755.000000
1 2 3 4 5 -0.060976 2.012195 0.304878 0.000488 -0.080566 -0.979492 0.000000 0.000000 0.000000 1377.000000
1 2 3 4 5 -0.060976 1.951220 0.365854 0.000488 -0.075195 -0.970703 0.000000 0.000000 0.000000 2400.000000
1 2 3 4 5 -0.060976 2.012195 0.426829 -0.003906 -0.078125 -0.970703 14.400000 -73.800000 53.400000 2375.000000
1 2 3 4 5 0.060976 2.134146 0.365854 -0.011230 -0.086914 -0.974121 0.000000 0.000000 0.000000 2411.000000
1 2 3 4 5 -0.060976 2.012195 0.426829 0.004883 -0.073242 -0.973145 0.000000 0.000000 0.000000 457.000000
1 2 3 4 5 -0.060976 2.012195 0.365854 -0.005371 -0.081055 -0.991699 22.200000 -73.200000 55.800000 1326.000000
1 2 3 4 5 -0.060976 2.012195 0.304878 0.003906 -0.081543 -0.988281 0.000000 0.000000 0.000000 1890.000000
1 2 3 4 5 -0.060976 2.073171 0.243902 -0.002930 -0.078125 -0.982422 0.000000 0.000000 0.000000 1478.000000
1 2 3 4 5 -0.121951 1.951220 0.365854 -0.005371 -0.081055 -0.975586 16.200000 -70.800000 54.000000 1458.000000
1 2 3 4 5 -0.060976 1.890244 0.365854 -0.004883 -0.077637 -0.975098 0.000000 0.000000 0.000000 606.000000
1 2 3 4 5 -0.060976 1.951220 0.365854 -0.011230 -0.079590 -0.975098 0.000000 0.000000 0.000000 2223.000000
1 2 3 4 5 -0.060976 2.073171 0.304878 -0.004395 -0.073730 -0.976074 19.200000 -75.000000 54.000000 2027.000000
1 2 3 4 5 -0.121951 2.134146 0.304878 -0.002441 -0.075684 -0.988281 0.000000 0.000000 0.000000 1109.000000
1 2 3 4 5 -0.121951 2.012195 0.365854 -0.003418 -0.083496 -0.982910 0.000000 0.000000 0.000000 1435.000000
1 2 3 4 5 -0.060976 2.073171 0.487805 0.001465 -0.075195 -0.978027 15.000000 -69.600000 52.800000 2068.000000
1 2 3 4 5 -0.060976 2.012195 0.365854 -0.003418 -0.086914 -0.992676 0.000000 0.000000 0.000000 1986.000000
1 2 3 4 5 -0.060976 2.012195 0.365854 -0.004883 -0.082031 -0.984375 0.000000 0.000000 0.000000 1710.000000
1 2 3 4 5 -0.121951 2.073171 0.365854 -0.006836 -0.077637 -0.966797 17.400000 -69.600000 52.200000 645.000000
1 2 3 4 5 -0.182927 1.951220 0.304878 -0.007324 -0.073242 -0.986816 0.000000 0.000000 0.000000 1995.000000
1 2 3 4 5 -0.121951 2.073171 0.365854 -0.008301 -0.079102 -0.972168 0.000000 0.000000 0.000000 1970.000000
1 2 3 4 5 -0.182927 2.012195 0.365854 -0.007813 -0.073730 -0.989258 17.400000 -68.400000 54.000000 1889.000000
1 2 3 4 5 -0.000000 1.951220 0.365854 -0.002930 -0.077637 -0.987305 0.000000 0.000000 0.000000 1018.000000
1 2 3 4 5 -0.121951 2.012195 0.426829 -0.010254 -0.084473 -0.970703 0.000000 0.000000 0.000000 1332.000000
1 2 3 4 5 -0.000000 2.012195 0.426829 0.000977 -0.077637 -0.973633 15.600000 -66.600000 52.200000 1793.000000
1 2 3 4 5 -0.121951 2.073171 0.365854 0.003906 -0.078613 -0.990723 0.000000 0.000000 0.000000 1906.000000
1 2 3 4 5 -0.182927 2.073171 0.365854 -0.007813 -0.075195 -0.975098 0.000000 0.000000 0.000000 1840.000000
1 2 3 4 5 -0.121951 2.012195 0.426829 -0.005371 -0.073730 -0.985352 16.800000 -69.000000 51.000000 1357.000000
1 2 3 4 5 -0.121951 2.012195 0.304878 0.005371 -0.079590 -0.988770 0.000000 0.000000 0.000000 699.000000
1 2 3 4 5 -0.243902 2.012195 0.365854 -0.004883 -0.085938 -0.972656 0.000000 0.000000 0.000000 2307.000000
1 2 3 4 5 -0.060976 1.951220 0.304878 0.004395 -0.074707 -0.997559 17.400000 -70.800000 54.600000 1841.000000
1 2 3 4 5 -0.060976 2.073171 0.304878 -0.001465 -0.080078 -0.975586 0.000000 0.000000 0.000000 1071.000000
1 2 3 4 5 -0.060976 1.951220 0.426829 -0.008301 -0.085449 -0.987305 0.000000 0.000000 0.000000 1283.000000
1 2 3 4 5 -0.121951 2.073171 0.426829 -0.000488 -0.075684 -0.976074 17.400000 -73.800000 54.000000 100.000000
1 2 3 4 5 -0.060976 2.012195 0.365854 -0.008301 -0.077637 -0.975586 0.000000 0.000000 0.000000 2019.000000
1 2 3 4 5 -0.000000 1.951220 0.365854 0.002441 -0.082520 -0.984375 0.000000 0.000000 0.000000 1400.000000
1 2 3 4 5 -0.121951 2.134146 0.426829 0.009766 -0.073242 -0.973633 20.400000 -74.400000 52.800000 866.000000
1 2 3 4 5 -0.121951 2.073171 0.243902 -0.003418 -0.083496 -1.000000 0.000000 0.000000 0.000000 2239.000000
1 2 3 4 5 -0.121951 2.012195 0.426829 -0.001465 -0.077637 -0.981934 0.000000 0.000000 0.000000 807.000000
1 2 3 4 5 -0.060976 2.012195 0.365854 -0.013672 -0.070313 -0.982910 16.800000 -70.200000 55.200000 2302.000000
1 2 3 4 5 -0.121951 2.012195 0.365854 -0.003418 -0.079102 -0.965820 0.000000 0.000000 0.000000 212.000000
1 2 3 4 5 -0.182927 2.012195 0.304878 -0.010254 -0.082520 -0.984863 0.000000 0.000000 0.000000 155.000000
1 2 3 4 5 -0.000000 1.890244 0.365854 0.008301 -0.116211 -1.042969 17.400000 -72.600000 54.000000 2064.000000
1 2 3 4 5 8.719512 -4.756098 1.585366 -0.002930 -0.055664 -1.117188 0.000000 0.000000 0.000000 724.000000
1 2 3 4 5 -0.853659 2.621951 0.304878 -0.032227 -0.064941 -1.071777 0.000000 0.000000 0.000000 3432.000000
1 2 3 4 5 -0.426829 2.378049 0.548780 -0.008789 -0.099121 -1.034668 19.800000 -70.200000 52.200000 1097.000000
1 2 3 4 5 2.134146 -0.731707 0.975610 -0.007324 -0.107422 -1.041016 0.000000 0.000000 0.000000 1448.000000
1 2 3 4 5 1.890244 -6.402439 3.719512 -0.004395 -0.052734 -1.105469 0.000000 0.000000 0.000000 2020.000000
1 2 3 4 5 2.865854 -9.878049 -0.731707 -0.102051 0.125977 -0.979492 18.000000 -76.200000 52.800000 1448.000000
1 2 3 4 5 20.670732 -14.451220 -15.426829 -0.146973 0.298340 -1.319824 0.000000 0.000000 0.000000 909.000000
1 2 3 4 5 25.243902 -35.853659 -37.378049 -0.030762 0.129883 -1.235840 0.000000 0.000000 0.000000 2299.000000
1 2 3 4 5 35.670732 -51.463415 -43.536585 0.034668 -0.194824 -1.160156 16.800000 -70.200000 52.800000 229.000000
1 2 3 4 5 25.060976 -62.743902 -37.073171 -0.010254 -0.087402 -0.922363 0.000000 0.000000 0.000000 3226.000000
1 2 3 4 5 17.195122 -62.500000 -36.646341 -0.042480 -0.144531 -0.982910 0.000000 0.000000 0.000000 1340.000000
1 2 3 4 5 29.512195 -59.207317 -34.085366 -0.114746 -0.218262 -0.941895 16.200000 -69.600000 56.400000 2149.000000
1 2 3 4 5 46.341463 -55.731707 -31.402439 -0.149902 -0.219727 -0.917969 0.000000 0.000000 0.000000 3363.000000
1 2 3 4 5 31.890244 -61.585366 -26.646341 -0.129395 -0.128906 -1.012207 0.000000 0.000000 0.000000 1537.000000
1 2 3 4 5 -16.829268 -80.975610 -28.414634 -0.167480 -0.174316 -1.121094 27.600000 -59.400000 56.400000 3142.000000
1 2 3 4 5 -45.000000 -96.707317 -25.000000 -0.119141 -0.201660 -1.325195 0.000000 0.000000 0.000000 2500.000000
1 2 3 4 5 -43.231707 -103.841463 -30.426829 -0.131836 0.052734 -0.917480 0.000000 0.000000 0.000000 1405.000000
1 2 3 4 5 -20.914634 -99.817073 -34.390244 -0.160156 -0.387207 -1.088867 29.400000 -55.200000 60.000000 3463.000000
1 2 3 4 5 -25.426829 -93.109756 -25.792683 -0.363281 -0.089355 -0.774414 0.000000 0.000000 0.000000 -161.000000
1 2 3 4 5 -93.048780 -102.195122 -38.170732 -0.416504 0.021973 -0.683105 0.000000 0.000000 0.000000 2618.000000
1 2 3 4 5 -127.560976 -95.060976 -46.768293 -0.516602 -0.078125 -1.127930 39.000000 -50.400000 63.000000 1364.000000
1 2 3 4 5 -136.341463 -95.000000 -40.792683 -0.397461 -0.458984 -0.909668 0.000000 0.000000 0.000000 1286.000000
1 2 3 4 5 -146.341463 -85.060976 7.073171 -0.586914 -0.713379 -0.757813 0.000000 0.000000 0.000000 3403.000000
1 2 3 4 5 -72.987805 -24.573171 17.621951 -0.745117 0.379883 -0.346680 45.600000 -57.000000 73.800000 755.000000
1 2 3 4 5 -13.170732 45.914634 -55.121951 -0.908691 0.500488 -0.883301 0.000000 0.000000 0.000000 1786.000000
1 2 3 4 5 47.682927 57.195122 -127.743902 -0.780762 -0.037109 -1.060547 0.000000 0.000000 0.000000 979.000000
1 2 3 4 5 29.451220 53.841463 -146.341463 -0.706543 -0.441406 -0.773438 49.800000 -60.000000 75.600000 752.000000
1 2 3 4 5 -47.317073 71.097561 -113.231707 -0.402832 -0.692871 -0.784668 0.000000 0.000000 0.000000 2508.000000
1 2 3 4 5 -96.036585 67.682927 -61.036585 -0.132324 -0.311035 -0.932129 0.000000 0.000000 0.000000 545.000000
1 2 3 4 5 -132.621951 12.500000 -45.853659 -0.042969 -0.141602 -1.314941 52.200000 -62.400000 73.800000 719.000000
1 2 3 4 5 -186.768293 -74.878049 -52.134146 -0.193848 -0.132813 -0.483887 0.000000 0.000000 0.000000 3285.000000
1 2 3 4 5 -256.646341 -115.243902 -71.707317 -0.301270 0.163086 -0.657715 0.000000 0.000000 0.000000 1830.000000
1 2 3 4 5 -285.243902 -134.268293 -105.975610 -0.516113 0.264648 -0.447266 41.400000 -39.600000 72.600000 2631.000000
1 2 3 4 5 -242.378049 -76.890244 -109.329268 -0.746582 0.205566 -0.263672 0.000000 0.000000 0.000000 1624.000000
1 2 3 4 5 -147.317073 -3.170732 -87.621951 -0.641602 0.454102 -0.423828 0.000000 0.000000 0.000000 827.000000
1 2 3 4 5 -101.280488 31.402439 -80.914634 -0.614258 0.615234 -0.607910 46.800000 -43.800000 73.800000 2782.000000
1 2 3 4 5 -109.695122 38.170732 -93.719512 -0.542969 0.692383 -0.630371 0.000000 0.000000 0.000000 1320.000000
1 2 3 4 5 -132.560976 40.548780 -109.512195 -0.449707 0.478516 -0.509766 0.000000 0.000000 0.000000 2481.000000
1 2 3 4 5 -140.182927 48.536585 -103.292683 -0.437988 0.428711 -0.588379 52.800000 -48.600000 75.600000 1783.000000
1 2 3 4 5 -134.268293 48.597561 -99.573171 -0.435547 0.398438 -0.572754 0.000000 0.000000 0.000000 1739.000000
1 2 3 4 5 -137.012195 50.060976 -100.243902 -0.537109 0.450684 -0.649414 0.000000 0.000000 0.000000 3127.000000
1 2 3 4 5 -120.548780 49.329268 -102.195122 -0.589355 0.532715 -0.557129 49.200000 -44.400000 71.400000 2194.000000
1 2 3 4 5 -76.829268 53.231707 -100.975610 -0.632813 0.475098 -0.648438 0.000000 0.000000 0.000000 2816.000000
1 2 3 4 5 -45.609756 62.378049 -95.853659 -0.503418 0.419434 -0.578125 0.000000 0.000000 0.000000 1534.000000
1 2 3 4 5 -31.829268 82.682927 -100.731707 -0.213379 0.403809 -0.571289 43.200000 -36.000000 67.200000 1264.000000
1 2 3 4 5 -24.695122 94.207317 -125.548780 -0.089355 0.346191 -0.815430 0.000000 0.000000 0.000000 2136.000000
1 2 3 4 5 -14.268293 70.853659 -164.024390 -0.158203 0.220215 -1.009277 0.000000 0.000000 0.000000 697.000000
1 2 3 4 5 -49.024390 42.012195 -197.743902 -0.119629 0.000488 -0.870117 33.600000 -33.600000 65.400000 1669.000000
1 2 3 4 5 -97.317073 31.829268 -210.060976 -0.200684 0.070313 -0.805176 0.000000 0.000000 0.000000 2228.000000
1 2 3 4 5 -112.439024 20.975610 -223.963415 -0.350098 0.084961 -0.835938 0.000000 0.000000 0.000000 2329.000000
1 2 3 4 5 -112.439024 13.658537 -226.219512 -0.487305 0.138672 -0.692871 25.200000 -20.400000 58.800000 2319.000000
1 2 3 4 5 -96.768293 25.914634 -232.012195 -0.520508 0.097168 -0.641602 0.000000 0.000000 0.000000 531.000000
1 2 3 4 5 -82.560976 30.548780 -231.829268 -0.563965 -0.124023 -0.880371 0.000000 0.000000 0.000000 1722.000000
1 2 3 4 5 -91.829268 14.268293 -213.109756 -0.716797 -0.145508 -0.912598 18.600000 -18.600000 59.400000 2689.000000
1 2 3 4 5 -116.158537 1.402439 -210.975610 -0.825684 0.031738 -0.787598 0.000000 0.000000 0.000000 2089.000000
1 2 3 4 5 -87.256098 1.158537 -218.902439 -0.813477 -0.111816 -0.875488 0.000000 0.000000 0.000000 2128.000000
1 2 3 4 5 -68.597561 -6.951220 -193.475610 -0.737305 -0.417480 -0.927246 7.800000 -15.600000 55.800000 1087.000000
1 2 3 4 5 -83.719512 -8.048780 -160.853659 -0.848633 -0.281250 -0.744141 0.000000 0.000000 0.000000 1956.000000
1 2 3 4 5 -74.268293 1.768293 -171.280488 -0.883301 -0.174805 -0.724609 0.000000 0.000000 0.000000 2125.000000
1 2 3 4 5 -39.634146 8.048780 -190.914634 -0.873535 -0.388184 -0.793457 -1.800000 -16.200000 52.800000 2669.000000
1 2 3 4 5 -19.329268 -0.731707 -200.487805 -1.013672 -0.307129 -0.771973 0.000000 0.000000 0.000000 2634.000000
1 2 3 4 5 -10.914634 -14.939024 -217.073171 -1.390625 -0.376465 -0.446777 0.000000 0.000000 0.000000 1396.000000
1 2 3 4 5 40.426829 16.707317 -211.463415 -2.242188 -0.515137 0.113770 -1.800000 -15.600000 49.200000 3758.000000
1 2 3 4 5 147.439024 8.963415 -41.829268 -4.409180 -2.137207 -0.718262 0.000000 0.000000 0.000000 3487.000000
1 2 3 4 5 74.085366 -236.280488 396.158537 -6.762207 -2.089844 0.270020 0.000000 0.000000 0.000000 9294.000000
1 2 3 4 5 279.573171 -317.317073 1048.292683 -5.506836 -5.044434 3.155762 -14.400000 -16.200000 48.600000 7895.000000
1 2 3 4 5 494.024390 -73.048780 1634.207317 -6.201660 -4.676758 -0.401855 0.000000 0.000000 0.000000 6984.000000
1 2 3 4 5 887.439024 12.500000 1552.560976 -7.792480 -4.383789 -0.053711 0.000000 0.000000 0.000000 -4070.000000
1 2 3 4 5 873.231707 344.634146 1366.890244 -3.083984 -7.768555 0.740723 -4.200000 -7.200000 53.400000 -4009.000000
1 2 3 4 5 174.085366 163.902439 988.475610 -0.477539 -5.977539 -0.673340 0.000000 0.000000 0.000000 14380.000000
1 2 3 4 5 -178.109756 -85.182927 527.195122 -0.426270 -3.977051 0.846680 0.000000 0.000000 0.000000 17213.000000
1 2 3 4 5 -223.109756 -76.219512 104.512195 -0.315430 -2.818848 -0.040039 34.800000 -60.600000 63.600000 11278.000000
1 2 3 4 5 -316.646341 -52.500000 -98.536585 0.314453 -1.459961 -0.257813 0.000000 0.000000 0.000000 1919.000000
1 2 3 4 5 -195.487805 -48.475610 -149.573171 0.665527 -0.407715 -0.674805 0.000000 0.000000 0.000000 852.000000
1 2 3 4 5 -58.475610 -82.317073 -100.548780 0.751953 -0.235352 -0.720215 10.800000 -101.400000 55.200000 397.000000
1 2 3 4 5 -56.524390 -82.500000 -27.439024 0.507324 0.303711 -0.535156 0.000000 0.000000 0.000000 3965.000000
1 2 3 4 5 -46.829268 -37.012195 -43.353659 0.338867 0.706055 -0.736816 0.000000 0.000000 0.000000 4708.000000
1 2 3 4 5 1.524390 -31.158537 -82.256098 0.288574 0.387695 -0.945801 16.800000 -121.800000 64.800000 3702.000000
1 2 3 4 5 30.914634 -43.475610 -61.829268 0.148926 0.276855 -0.910645 0.000000 0.000000 0.000000 1271.000000
1 2 3 4 5 26.829268 -26.036585 -44.512195 0.076660 0.347656 -0.824219 0.000000 0.000000 0.000000 2637.000000
1 2 3 4 5 -0.853659 -0.426829 -65.548780 0.002441 0.410156 -0.863770 25.800000 -127.800000 69.600000 3292.000000
1 2 3 4 5 22.317073 1.524390 -99.207317 -0.037598 0.208496 -1.038574 0.000000 0.000000 0.000000 3059.000000
1 2 3 4 5 46.097561 -21.768293 -104.512195 0.056152 -0.019531 -1.009766 0.000000 0.000000 0.000000 1543.000000
1 2 3 4 5 3.475610 -27.865854 -92.682927 0.006348 0.015625 -0.711426 31.800000 -116.400000 70.800000 755.000000
1 2 3 4 5 -8.780488 -3.170732 -106.524390 -0.069336 0.270508 -0.651367 0.000000 0.000000 0.000000 -261.000000
1 2 3 4 5 47.865854 6.280488 -150.609756 -0.146973 0.211914 -0.826172 0.000000 0.000000 0.000000 1834.000000
1 2 3 4 5 65.121951 -6.036585 -174.085366 -0.030273 -0.107422 -0.784668 36.600000 -109.200000 69.000000 1583.000000
1 2 3 4 5 31.829268 -11.219512 -162.439024 -0.113770 -0.248047 -0.679199 0.000000 0.000000 0.000000 2098.000000
1 2 3 4 5 40.609756 -0.914634 -147.621951 -0.141602 -0.104980 -0.662109 0.000000 0.000000 0.000000 3220.000000
1 2 3 4 5 75.000000 -3.719512 -150.365854 -0.177734 0.047363 -0.952637 34.800000 -101.400000 70.200000 1694.000000
1 2 3 4 5 80.304878 -25.365854 -153.475610 -0.213867 0.051270 -0.914551 0.000000 0.000000 0.000000 2545.000000
1 2 3 4 5 125.060976 -27.378049 -134.390244 -0.350586 -0.069824 -0.979004 0.000000 0.000000 0.000000 1987.000000
1 2 3 4 5 141.585366 -20.182927 -112.682927 -0.584961 0.226074 -1.000488 41.400000 -72.600000 69.000000 3016.000000
1 2 3 4 5 99.878049 -12.073171 -99.695122 -0.498047 0.085938 -1.017090 0.000000 0.000000 0.000000 758.000000
1 2 3 4 5 110.670732 -12.560976 -58.353659 -0.452148 -0.009277 -1.295898 0.000000 0.000000 0.000000 -890.000000
1 2 3 4 5 88.109756 -31.097561 -29.634146 -0.702148 0.292480 -1.201172 41.400000 -52.800000 69.000000 5304.000000
1 2 3 4 5 16.829268 -26.768293 -16.890244 -0.821289 0.184570 -0.952637 0.000000 0.000000 0.000000 1278.000000
1 2 3 4 5 2.012195 -8.109756 7.012195 -0.651367 0.189941 -0.897461 0.000000 0.000000 0.000000 827.000000
1 2 3 4 5 48.719512 -1.280488 34.024390 -0.580566 0.123047 -1.067383 42.600000 -39.600000 70.200000 2548.000000
1 2 3 4 5 75.060976 -14.146341 55.609756 -0.587891 0.102539 -1.025391 0.000000 0.000000 0.000000 -267.000000
1 2 3 4 5 35.975610 -14.939024 63.475610 -0.625977 0.250488 -0.905273 0.000000 0.000000 0.000000 1224.000000
1 2 3 4 5 7.500000 -5.914634 44.634146 -0.891113 0.299316 -0.944824 40.800000 -30.000000 71.400000 1160.000000
1 2 3 4 5 37.804878 0.853659 32.134146 -0.566895 -0.004883 -1.029785 0.000000 0.000000 0.000000 1217.000000
1 2 3 4 5 28.231707 9.939024 48.292683 -0.501465 -0.108887 -1.005371 0.000000 0.000000 0.000000 3100.000000
1 2 3 4 5 -2.500000 6.341463 55.365854 -0.462402 0.021973 -1.083984 45.000000 -37.200000 70.800000 -270.000000
1 2 3 4 5 12.439024 -9.451220 46.280488 -0.440918 0.050293 -0.985352 0.000000 0.000000 0.000000 904.000000
1 2 3 4 5 24.390244 -7.682927 21.646341 -0.497070 0.079102 -0.897461 0.000000 0.000000 0.000000 1593.000000
1 2 3 4 5 -3.841463 66.707317 29.695122 -0.294922 -0.725586 -1.098633 43.200000 -40.800000 72.600000 8147.000000
1 2 3 4 5 -8.963415 27.500000 22.743902 -0.612305 0.161133 -2.183594 0.000000 0.000000 0.000000 5458.000000
1 2 3 4 5 -11.951220 11.524390 25.060976 -0.808105 0.374023 -1.329102 0.000000 0.000000 0.000000 2156.000000
1 2 3 4 5 -7.378049 7.317073 21.402439 -0.540039 0.141602 -0.859863 40.800000 -46.800000 72.600000 897.000000
1 2 3 4 5 -1.829268 12.926829 16.524390 -0.466797 -0.015137 -0.765625 0.000000 0.000000 0.000000 2479.000000
1 2 3 4 5 24.024390 19.512195 17.317073 -0.497559 -0.067871 -0.830566 0.000000 0.000000 0.000000 1133.000000
1 2 3 4 5 8.658537 21.097561 19.451220 -0.386719 -0.188965 -0.943359 42.000000 -45.600000 71.400000 2634.000000
1 2 3 4 5 -8.109756 20.670732 26.158537 -0.405762 -0.478516 -1.008789 0.000000 0.000000 0.000000 1298.000000
1 2 3 4 5 101.951220 22.804878 44.329268 -0.266113 -0.176758 -0.876953 0.000000 0.000000 0.000000 1100.000000
1 2 3 4 5 -19.695122 29.939024 24.878049 -0.420410 0.292969 -0.558105 46.200000 -48.600000 68.400000 3050.000000
1 2 3 4 5 -59.451220 43.475610 14.939024 -0.368164 0.066895 -0.804199 0.000000 0.000000 0.000000 1355.000000
1 2 3 4 5 -54.695122 44.817073 10.365854 -0.402832 -0.028320 -1.063477 0.000000 0.000000 0.000000 2527.000000
1 2 3 4 5 15.365854 36.463415 21.341463 -0.186523 -0.336914 -1.029297 43.200000 -53.400000 69.000000 1760.000000
1 2 3 4 5 76.280488 39.390244 35.853659 -0.176270 -0.108887 -0.657715 0.000000 0.000000 0.000000 2060.000000
1 2 3 4 5 91.524390 54.146341 34.146341 -0.479004 -0.090332 -0.638672 0.000000 0.000000 0.000000 2451.000000
1 2 3 4 5 3.292683 64.634146 27.621951 -0.211914 0.210938 -0.783691 40.200000 -53.400000 66.600000 795.000000
1 2 3 4 5 -72.926829 70.060976 0.792683 -0.192871 -0.204590 -0.822754 0.000000 0.000000 0.000000 1694.000000
1 2 3 4 5 -25.243902 74.573171 7.378049 -0.199219 -0.202148 -1.269531 0.000000 0.000000 0.000000 1914.000000
1 2 3 4 5 95.670732 54.878049 14.085366 0.050293 -0.160156 -0.945801 30.600000 -57.000000 61.200000 1047.000000
1 2 3 4 5 66.341463 69.146341 9.268293 -0.159180 -0.058594 -1.050293 0.000000 0.000000 0.000000 3207.000000
1 2 3 4 5 9.634146 59.939024 10.548780 -0.085938 -0.133301 -0.937012 0.000000 0.000000 0.000000 1194.000000
1 2 3 4 5 3.109756 54.634146 9.085366 -0.000977 -0.105957 -0.951660 31.800000 -58.800000 56.400000 764.000000
1 2 3 4 5 8.109756 60.609756 14.573171 0.039063 -0.334961 -0.916016 0.000000 0.000000 0.000000 2894.000000
1 2 3 4 5 22.560976 54.878049 27.682927 -0.032715 -0.195313 -1.355957 0.000000 0.000000 0.000000 1349.000000
1 2 3 4 5 67.865854 57.804878 27.560976 -0.082520 0.109863 -1.536133 27.600000 -55.200000 57.600000 1667.000000
1 2 3 4 5 8.719512 3.841463 24.146341 0.027832 -0.267578 -1.117676 0.000000 0.000000 0.000000 676.000000
1 2 3 4 5 10.914634 -1.524390 22.926829 0.087402 -0.297852 -0.962891 0.000000 0.000000 0.000000 965.000000
1 2 3 4 5 -8.841463 -15.060976 25.000000 -0.161621 -0.205078 -1.064941 18.600000 -61.200000 57.600000 3488.000000
1 2 3 4 5 -11.829268 -8.963415 22.439024 -0.156250 -0.073242 -0.926758 0.000000 0.000000 0.000000 1190.000000
1 2 3 4 5 -15.548780 -14.085366 19.817073 -0.003906 -0.152344 -1.132324 0.000000 0.000000 0.000000 1442.000000
1 2 3 4 5 -45.304878 -35.000000 10.121951 -0.081543 -0.100098 -1.043457 21.600000 -58.800000 53.400000 938.000000
1 2 3 4 5 -53.170732 -31.036585 2.073171 0.013184 -0.235352 -0.475586 0.000000 0.000000 0.000000 3082.000000
1 2 3 4 5 -114.573171 0.060976 -0.609756 -0.428711 -0.059082 0.634766 0.000000 0.000000 0.000000 3676.000000
1 2 3 4 5 4.817073 36.158537 1.341463 -0.604980 -0.320313 -0.589355 23.400000 -55.800000 56.400000 5423.000000
1 2 3 4 5 85.426829 66.951220 30.121951 0.306641 0.176758 -2.063477 0.000000 0.000000 0.000000 10916.000000
1 2 3 4 5 -25.731707 14.146341 36.341463 -0.333984 0.026855 -0.030762 0.000000 0.000000 0.000000 5284.000000
1 2 3 4 5 1.219512 26.524390 13.963415 0.120117 -0.218750 -0.953613 21.600000 -67.800000 55.200000 2433.000000
1 2 3 4 5 -8.414634 25.243902 18.353659 0.068848 -0.349121 -1.212891 0.000000 0.000000 0.000000 4178.000000
1 2 3 4 5 9.024390 37.439024 21.463415 0.252441 -0.281250 -1.779785 0.000000 0.000000 0.000000 1257.000000
1 2 3 4 5 -10.426829 19.817073 16.707317 0.062500 -0.007324 -1.508301 24.000000 -68.400000 54.000000 2550.000000
1 2 3 4 5 -12.256098 8.902439 5.731707 -0.034180 0.092285 -1.006836 0.000000 0.000000 0.000000 3353.000000
1 2 3 4 5 0.426829 1.219512 -1.219512 0.021973 -0.126953 -0.970703 0.000000 0.000000 0.000000 2825.000000
1 2 3 4 5 -2.317073 3.109756 0.304878 -0.017578 -0.060547 -0.891113 21.600000 -63.600000 54.000000 2585.000000
1 2 3 4 5 -0.365854 2.256098 1.219512 0.031250 -0.016602 -1.015625 0.000000 0.000000 0.000000 817.000000
1 2 3 4 5 0.426829 1.036585 0.853659 0.001953 -0.053711 -0.989746 0.000000 0.000000 0.000000 2236.000000
1 2 3 4 5 0.792683 1.402439 -0.182927 -0.007813 -0.088379 -0.941406 19.200000 -63.000000 52.200000 2078.000000
1 2 3 4 5 -0.487805 2.865854 0.548780 -0.011230 -0.066406 -0.982422 0.000000 0.000000 0.000000 2563.000000
1 2 3 4 5 -0.121951 1.951220 0.487805 -0.004883 -0.061523 -0.971191 0.000000 0.000000 0.000000 428.000000
1 2 3 4 5 0.060976 1.646341 1.158537 -0.039551 0.043457 -0.974121 16.800000 -67.800000 53.400000 1731.000000
1 2 3 4 5 -0.426829 2.317073 0.365854 -0.013672 -0.108398 -0.989258 0.000000 0.000000 0.000000 3242.000000
1 2 3 4 5 -0.182927 2.134146 0.731707 -0.021484 -0.067871 -0.988770 0.000000 0.000000 0.000000 3844.000000
1 2 3 4 5 0.304878 -0.670732 -0.487805 0.050781 0.127441 -1.029785 18.600000 -69.000000 52.800000 2370.000000
1 2 3 4 5 -0.243902 0.975610 -2.195122 0.023926 -0.120605 -0.955566 0.000000 0.000000 0.000000 2162.000000
1 2 3 4 5 5.243902 -0.060976 2.500000 -0.020020 -0.094727 -0.965820 0.000000 0.000000 0.000000 900.000000
1 2 3 4 5 5.548780 0.121951 3.231707 -0.009766 -0.069824 -1.015625 19.200000 -66.000000 52.800000 2555.000000
1 2 3 4 5 6.646341 -2.134146 0.182927 -0.029785 -0.064453 -0.886719 0.000000 0.000000 0.000000 1898.000000
1 2 3 4 5 -1.280488 3.719512 1.158537 0.004883 -0.137695 -0.887695 0.000000 0.000000 0.000000 1336.000000
1 2 3 4 5 -9.024390 6.890244 3.170732 -0.002441 -0.132813 -0.972656 18.000000 -61.800000 52.200000 2551.000000
1 2 3 4 5 -6.707317 5.182927 4.146341 -0.012207 -0.050293 -0.996094 0.000000 0.000000 0.000000 1401.000000
1 2 3 4 5 -0.975610 3.292683 1.829268 0.046387 -0.098633 -1.023926 0.000000 0.000000 0.000000 2614.000000
1 2 3 4 5 -0.365854 1.951220 0.731707 -0.003906 -0.085938 -0.987305 15.000000 -73.200000 54.000000 575.000000
1 2 3 4 5 0.060976 1.768293 0.487805 0.002441 -0.099121 -0.943848 0.000000 0.000000 0.000000 1755.000000
1 2 3 4 5 1.890244 1.707317 3.841463 0.166992 -0.468262 -1.006348 0.000000 0.000000 0.000000 2049.000000
1 2 3 4 5 5.670732 -0.609756 3.109756 -0.004883 0.126465 -0.749023 15.600000 -66.600000 52.800000 739.000000
1 2 3 4 5 -0.487805 -0.548780 -1.097561 -0.105469 -0.153320 -0.741699 0.000000 0.000000 0.000000 3668.000000
1 2 3 4 5 -0.182927 0.975610 0.365854 -0.033203 0.052734 -0.906250 0.000000 0.000000 0.000000 644.000000
1 2 3 4 5 -0.243902 1.951220 0.487805 -0.018555 -0.016113 -1.014160 15.600000 -67.800000 51.000000 441.000000
1 2 3 4 5 -0.060976 2.134146 0.243902 -0.017578 -0.095215 -1.008789 0.000000 0.000000 0.000000 1836.000000
1 2 3 4 5 -0.060976 1.951220 0.243902 -0.005371 -0.082031 -0.967285 0.000000 0.000000 0.000000 597.000000
1 2 3 4 5 -0.121951 2.012195 0.426829 -0.001953 -0.071777 -0.978027 16.800000 -70.200000 54.600000 1933.000000
1 2 3 4 5 -0.121951 2.012195 0.365854 0.006836 -0.085449 -0.996094 0.000000 0.000000 0.000000 608.000000
1 2 3 4 5 -0.182927 2.012195 0.365854 0.002441 -0.074707 -0.988770 0.000000 0.000000 0.000000 39.000000
1 2 3 4 5 -0.121951 1.951220 0.243902 -0.007324 -0.078613 -0.983398 17.400000 -66.600000 52.200000 2441.000000
1 2 3 4 5 -0.182927 1.951220 0.365854 -0.002930 -0.079102 -0.980957 0.000000 0.000000 0.000000 959.000000
1 2 3 4 5 -0.000000 2.012195 0.243902 -0.001953 -0.081543 -0.982422 0.000000 0.000000 0.000000 845.000000
1 2 3 4 5 -0.121951 1.829268 0.304878 -0.005371 -0.079590 -0.978516 18.000000 -69.600000 53.400000 2320.000000
1 2 3 4 5 -0.182927 1.890244 0.365854 -0.010742 -0.064453 -0.983887 0.000000 0.000000 0.000000 185.000000
1 2 3 4 5 -0.182927 2.073171 0.426829 -0.003906 -0.085938 -0.982422 0.000000 0.000000 0.000000 2766.000000
1 2 3 4 5 -0.182927 2.073171 0.365854 -0.010254 -0.088379 -0.970215 18.600000 -65.400000 53.400000 643.000000
1 2 3 4 5 -0.060976 2.012195 0.365854 -0.010254 -0.080566 -0.978027 0.000000 0.000000 0.000000 1241.000000
1 2 3 4 5 -0.000000 1.890244 0.365854 -0.002441 -0.072266 -0.990234 0.000000 0.000000 0.000000 1485.000000
1 2 3 4 5 -0.182927 1.951220 0.243902 -0.005371 -0.076660 -0.975098 16.200000 -69.600000 51.600000 865.000000
1 2 3 4 5 -0.182927 1.951220 0.365854 -0.010742 -0.078125 -0.962891 0.000000 0.000000 0.000000 2231.000000
1 2 3 4 5 -0.060976 2.012195 0.304878 0.004883 -0.074219 -0.988281 0.000000 0.000000 0.000000 1557.000000
1 2 3 4 5 -0.182927 2.073171 0.426829 0.004395 -0.073242 -0.984375 16.800000 -63.600000 53.400000 1166.000000
1 2 3 4 5 -0.060976 2.012195 0.304878 -0.001953 -0.089355 -0.973633 0.000000 0.000000 0.000000 2333.000000
1 2 3 4 5 -0.182927 2.012195 0.304878 0.001953 -0.079590 -0.963867 0.000000 0.000000 0.000000 -64.000000
1 2 3 4 5 -0.060976 2.012195 0.426829 -0.003418 -0.072754 -0.980469 22.200000 -65.400000 54.600000 1444.000000
1 2 3 4 5 -0.182927 2.012195 0.304878 -0.005859 -0.078125 -0.976563 0.000000 0.000000 0.000000 1257.000000
1 2 3 4 5 -0.060976 1.951220 0.304878 0.001465 -0.077637 -0.977539 0.000000 0.000000 0.000000 1259.000000
1 2 3 4 5 -0.060976 1.951220 0.304878 -0.002441 -0.083984 -0.976074 18.600000 -72.000000 53.400000 2403.000000
1 2 3 4 5 -0.060976 2.134146 0.304878 -0.001953 -0.082031 -0.991699 0.000000 0.000000 0.000000 1231.000000
1 2 3 4 5 -0.060976 2.012195 0.304878 -0.007813 -0.082031 -0.977051 0.000000 0.000000 0.000000 989.000000
1 2 3 4 5 -0.121951 2.073171 0.304878 -0.005371 -0.074219 -0.980469 18.000000 -63.000000 54.600000 1680.000000
1 2 3 4 5 -0.060976 2.012195 0.365854 0.000488 -0.082520 -0.981445 0.000000 0.000000 0.000000 2053.000000
1 2 3 4 5 -0.121951 1.890244 0.365854 0.001465 -0.074707 -0.983398 0.000000 0.000000 0.000000 2064.000000
1 2 3 4 5 -0.182927 1.890244 0.365854 -0.008301 -0.078125 -0.938477 17.400000 -68.400000 54.600000 653.000000
1 2 3 4 5 -0.060976 1.951220 0.304878 -0.005371 -0.086914 -1.025391 0.000000 0.000000 0.000000 216.000000
1 2 3 4 5 -0.121951 1.890244 0.365854 -0.000488 -0.072266 -0.977539 0.000000 0.000000 0.000000 2548.000000
1 2 3 4 5 -0.243902 1.951220 0.365854 -0.007813 -0.079102 -0.979004 14.400000 -64.200000 54.600000 2060.000000
1 2 3 4 5 -0.060976 1.951220 0.365854 -0.004883 -0.070801 -0.981445 0.000000 0.000000 0.000000 2951.000000
1 2 3 4 5 -0.121951 1.890244 0.365854 -0.002441 -0.079102 -0.950195 0.000000 0.000000 0.000000 1382.000000
1 2 3 4 5 -0.243902 1.829268 0.243902 -0.000977 -0.082520 -0.970703 16.200000 -68.400000 53.400000 1157.000000
1 2 3 4 5 -0.304878 2.134146 0.304878 -0.000488 -0.066895 -0.992676 0.000000 0.000000 0.000000 1536.000000
1 2 3 4 5 -0.121951 2.073171 0.243902 -0.032715 -0.071289 -1.015625 0.000000 0.000000 0.000000 1554.000000
1 2 3 4 5 -0.000000 2.073171 0.426829 -0.007324 -0.065430 -1.011230 19.200000 -73.800000 54.600000 1646.000000
1 2 3 4 5 -0.000000 2.012195 0.365854 0.008301 -0.079590 -0.984863 0.000000 0.000000 0.000000 1702.000000
1 2 3 4 5 -0.243902 1.951220 0.243902 -0.020020 -0.084473 -0.978516 0.000000 0.000000 0.000000 827.000000
1 2 3 4 5 -0.121951 1.951220 0.304878 -0.001953 -0.072266 -0.970215 17.400000 -68.400000 53.400000 2225.000000
1 2 3 4 5 -0.000000 1.890244 0.365854 0.001465 -0.074219 -0.968262 0.000000 0.000000 0.000000 331.000000
1 2 3 4 5 -0.182927 1.951220 0.243902 -0.008789 -0.075195 -0.995117 0.000000 0.000000 0.000000 2715.000000
1 2 3 4 5 -0.060976 2.012195 0.365854 -0.005859 -0.078125 -0.982422 18.600000 -66.600000 54.000000 2456.000000
1 2 3 4 5 -0.060976 1.890244 0.304878 -0.009766 -0.071777 -0.964844 0.000000 0.000000 0.000000 3066.000000
1 2 3 4 5 -0.182927 1.951220 0.365854 -0.002930 -0.079590 -0.978027 0.000000 0.000000 0.000000 2509.000000
1 2 3 4 5 -0.060976 1.890244 0.487805 0.004883 -0.085938 -0.984375 19.800000 -67.800000 54.600000 1637.000000
1 2 3 4 5 -0.121951 2.012195 0.304878 -0.000977 -0.071289 -0.983887 0.000000 0.000000 0.000000 559.000000
1 2 3 4 5 -0.060976 2.012195 0.365854 -0.012695 -0.078125 -0.974121 0.000000 0.000000 0.000000 793.000000
1 2 3 4 5 -0.060976 2.073171 0.365854 0.007324 -0.073242 -0.999512 18.000000 -64.200000 54.600000 1936.000000
1 2 3 4 5 -0.121951 2.012195 0.365854 -0.001953 -0.080078 -0.969727 0.000000 0.000000 0.000000 1802.000000
1 2 3 4 5 -0.121951 1.829268 0.304878 -0.006836 -0.077637 -0.967773 0.000000 0.000000 0.000000 1873.000000
1 2 3 4 5 -0.182927 2.012195 0.304878 0.003906 -0.081543 -0.973633 15.000000 -68.400000 52.200000 3292.000000
1 2 3 4 5 -0.060976 1.951220 0.304878 -0.002930 -0.084961 -0.981934 0.000000 0.000000 0.000000 4062.000000
1 2 3 4 5 -0.121951 1.951220 0.304878 -0.002441 -0.088867 -0.971680 0.000000 0.000000 0.000000 3983.000000
1 2 3 4 5 -0.060976 2.012195 0.304878 -0.006836 -0.072266 -0.976074 16.800000 -66.600000 55.800000 3724.000000
1 2 3 4 5 -0.060976 2.012195 0.365854 -0.004883 -0.077148 -0.970215 0.000000 0.000000 0.000000 1437.000000
1 2 3 4 5 -0.121951 2.073171 0.304878 -0.008301 -0.079590 -0.990234 0.000000 0.000000 0.000000 3472.000000
1 2 3 4 5 -0.000000 1.890244 0.304878 -0.001465 -0.079590 -0.979004 17.400000 -67.200000 54.000000 2985.000000
1 2 3 4 5 -0.000000 2.073171 0.304878 -0.005371 -0.079102 -0.970703 0.000000 0.000000 0.000000 1581.000000
1 2 3 4 5 -0.121951 2.012195 0.426829 -0.006836 -0.079102 -0.996094 0.000000 0.000000 0.000000 2460.000000
1 2 3 4 5 -0.060976 1.890244 0.365854 0.004395 -0.086914 -0.967285 16.200000 -64.200000 54.600000 2361.000000
1 2 3 4 5 -0.182927 1.890244 0.426829 -0.001953 -0.076660 -0.980957 0.000000 0.000000 0.000000 3384.000000
1 2 3 4 5 -0.121951 2.012195 0.365854 -0.003906 -0.067383 -0.970703 0.000000 0.000000 0.000000 2583.000000
1 2 3 4 5 -0.060976 1.951220 0.243902 -0.008301 -0.062012 -0.981934 17.400000 -69.600000 53.400000 1829.000000
1 2 3 4 5 -0.121951 2.073171 0.365854 -0.003906 -0.076660 -0.986816 0.000000 0.000000 0.000000 2205.000000
1 2 3 4 5 -0.121951 2.073171 0.304878 -0.006348 -0.076660 -0.984863 0.000000 0.000000 0.000000 1812.000000
1 2 3 4 5 -0.121951 2.073171 0.365854 -0.001465 -0.076660 -0.979492 19.200000 -66.000000 54.000000 3125.000000
1 2 3 4 5 -0.121951 1.951220 0.243902 0.003906 -0.074707 -0.979492 0.000000 0.000000 0.000000 732.000000
1 2 3 4 5 -0.182927 2.012195 0.304878 -0.007324 -0.080078 -0.990234 0.000000 0.000000 0.000000 1647.000000
1 2 3 4 5 -0.121951 1.890244 0.304878 -0.004883 -0.079102 -0.972168 19.800000 -69.000000 54.600000 2556.000000
1 2 3 4 5 -0.121951 2.012195 0.304878 -0.010254 -0.077148 -0.969238 0.000000 0.000000 0.000000 2085.000000
1 2 3 4 5 -0.121951 1.951220 0.426829 0.007324 -0.073242 -0.988281 0.000000 0.000000 0.000000 3201.000000
1 2 3 4 5 -0.121951 2.012195 0.243902 0.004883 -0.082520 -0.964355 19.800000 -64.200000 52.200000 531.000000
1 2 3 4 5 -0.060976 1.951220 0.304878 -0.006348 -0.076660 -0.994141 0.000000 0.000000 0.000000 2490.000000
1 2 3 4 5 -0.243902 2.012195 0.304878 -0.001953 -0.076660 -0.984863 0.000000 0.000000 0.000000 3123.000000
1 2 3 4 5 -0.121951 1.890244 0.365854 -0.003418 -0.076660 -0.988281 17.400000 -66.000000 51.000000 2531.000000
1 2 3 4 5 -0.121951 1.890244 0.365854 -0.004395 -0.075195 -0.970215 0.000000 0.000000 0.000000 2114.000000
1 2 3 4 5 -0.121951 1.890244 0.304878 -0.002930 -0.074219 -0.973633 0.000000 0.000000 0.000000 1090.000000
1 2 3 4 5 -0.121951 2.012195 0.365854 0.000488 -0.078613 -0.985352 19.200000 -66.000000 54.600000 907.000000
1 2 3 4 5 -0.060976 2.012195 0.304878 -0.005859 -0.086426 -0.977051 0.000000 0.000000 0.000000 2301.000000
1 2 3 4 5 -0.060976 2.012195 0.304878 -0.000488 -0.086426 -0.972168 0.000000 0.000000 0.000000 1911.000000
1 2 3 4 5 -0.121951 1.951220 0.365854 -0.003906 -0.081055 -0.972656 17.400000 -63.000000 52.800000 1179.000000
1 2 3 4 5 -0.182927 1.890244 0.304878 0.001953 -0.078125 -0.983887 0.000000 0.000000 0.000000 2209.000000
1 2 3 4 5 -0.060976 1.951220 0.243902 -0.008301 -0.073242 -0.972656 0.000000 0.000000 0.000000 1290.000000
1 2 3 4 5 -0.000000 2.073171 0.304878 0.004883 -0.080078 -0.988770 22.200000 -66.600000 54.600000 2938.000000
1 2 3 4 5 -0.000000 1.951220 0.304878 -0.004395 -0.077148 -0.993652 0.000000 0.000000 0.000000 249.000000
1 2 3 4 5 -0.060976 1.951220 0.426829 -0.000977 -0.078613 -0.986816 0.000000 0.000000 0.000000 1057.000000
1 2 3 4 5 -0.121951 1.951220 0.365854 -0.000488 -0.087402 -0.980957 14.400000 -64.200000 54.000000 2125.000000
1 2 3 4 5 -0.121951 2.012195 0.365854 -0.005859 -0.081055 -0.981445 0.000000 0.000000 0.000000 945.000000
1 2 3 4 5 -0.060976 2.012195 0.365854 0.000488 -0.077637 -0.981934 0.000000 0.000000 0.000000 2142.000000
1 2 3 4 5 -0.182927 1.951220 0.426829 -0.000488 -0.071289 -0.974121 14.400000 -66.000000 51.600000 1349.000000
1 2 3 4 5 -0.000000 2.073171 0.426829 0.002441 -0.079590 -0.969727 0.000000 0.000000 0.000000 1369.000000
1 2 3 4 5 -0.060976 2.012195 0.304878 -0.005371 -0.086914 -0.981934 0.000000 0.000000 0.000000 3069.000000
1 2 3 4 5 -0.060976 2.012195 0.365854 -0.002930 -0.085938 -0.972168 15.000000 -68.400000 54.000000 450.000000
1 2 3 4 5 -0.121951 1.951220 0.304878 0.000488 -0.081543 -0.963867 0.000000 0.000000 0.000000 2738.000000
1 2 3 4 5 -0.121951 2.134146 0.243902 -0.002441 -0.067383 -0.981445 0.000000 0.000000 0.000000 610.000000
1 2 3 4 5 -0.000000 1.951220 0.304878 -0.008789 -0.075684 -0.987793 17.400000 -65.400000 54.600000 1083.000000
1 2 3 4 5 -0.121951 2.012195 0.304878 -0.000488 -0.081055 -1.000488 0.000000 0.000000 0.000000 2171.000000
1 2 3 4 5 -0.182927 2.073171 0.304878 -0.004395 -0.085449 -0.968262 0.000000 0.000000 0.000000 454.000000
1 2 3 4 5 -0.121951 2.012195 0.304878 -0.003418 -0.084961 -0.977539 21.600000 -66.600000 55.200000 1536.000000
1 2 3 4 5 -0.182927 2.012195 0.304878 0.001953 -0.068848 -0.959473 0.000000 0.000000 0.000000 2047.000000
1 2 3 4 5 -0.000000 1.890244 0.243902 0.001953 -0.072266 -0.970215 0.000000 0.000000 0.000000 714.000000
1 2 3 4 5 -0.121951 1.890244 0.304878 0.002930 -0.066406 -0.983887 16.200000 -69.600000 54.600000 2838.000000
1 2 3 4 5 -0.243902 1.951220 0.365854 -0.004883 -0.074219 -0.972656 0.000000 0.000000 0.000000 798.000000
1 2 3 4 5 -0.060976 2.012195 0.304878 -0.011719 -0.071777 -0.981445 0.000000 0.000000 0.000000 777.000000
1 2 3 4 5 -0.121951 2.012195 0.304878 -0.000977 -0.082520 -0.967773 19.800000 -67.200000 54.000000 2283.000000
1 2 3 4 5 -0.060976 1.890244 0.304878 0.006348 -0.074219 -0.985352 0.000000 0.000000 0.000000 667.000000
1 2 3 4 5 -0.121951 1.951220 0.304878 -0.003418 -0.072266 -0.981934 0.000000 0.000000 0.000000 2939.000000
1 2 3 4 5 -0.060976 2.012195 0.365854 -0.008789 -0.077637 -0.980957 19.800000 -73.200000 54.600000 1342.000000
1 2 3 4 5 -0.060976 2.012195 0.365854 -0.010742 -0.078613 -0.978516 0.000000 0.000000 0.000000 1019.000000
1 2 3 4 5 -0.121951 2.012195 0.365854 -0.008301 -0.079102 -0.979492 0.000000 0.000000 0.000000 3169.000000
1 2 3 4 5 -0.121951 1.890244 0.304878 -0.002930 -0.078125 -0.970703 19.800000 -62.400000 54.000000 1811.000000
1 2 3 4 5 -0.060976 2.012195 0.243902 0.002930 -0.080078 -0.981445 0.000000 0.000000 0.000000 2424.000000
1 2 3 4 5 -0.121951 1.890244 0.304878 0.005371 -0.078613 -0.970703 0.000000 0.000000 0.000000 1153.000000
1 2 3 4 5 -0.121951 2.012195 0.243902 -0.009766 -0.087402 -0.979492 15.600000 -69.000000 54.600000 965.000000
1 2 3 4 5 -0.121951 1.890244 0.304878 -0.004883 -0.068359 -0.966309 0.000000 0.000000 0.000000 3308.000000
1 2 3 4 5 -0.182927 1.890244 0.304878 0.000488 -0.079590 -0.975586 0.000000 0.000000 0.000000 659.000000
1 2 3 4 5 -0.060976 2.012195 0.304878 -0.004395 -0.084473 -0.974121 15.000000 -63.600000 55.200000 2443.000000
1 2 3 4 5 -0.121951 2.073171 0.243902 0.004883 -0.085449 -0.980957 0.000000 0.000000 0.000000 962.000000
1 2 3 4 5 -0.243902 2.012195 0.365854 -0.002441 -0.082520 -0.986816 0.000000 0.000000 0.000000 2565.000000
1 2 3 4 5 -0.060976 2.012195 0.365854 -0.002930 -0.080078 -0.969238 19.800000 -70.800000 54.000000 2933.000000
1 2 3 4 5 -0.060976 2.012195 0.304878 -0.008301 -0.087891 -0.973145 0.000000 0.000000 0.000000 1226.000000
1 2 3 4 5 -0.121951 2.012195 0.365854 -0.001953 -0.081055 -0.972656 0.000000 0.000000 0.000000 971.000000
1 2 3 4 5 -0.121951 1.951220 0.304878 -0.005371 -0.070801 -0.972168 18.600000 -63.600000 53.400000 1702.000000
1 2 3 4 5 -0.060976 2.012195 0.304878 -0.008789 -0.077148 -0.978516 0.000000 0.000000 0.000000 2319.000000
1 2 3 4 5 -0.060976 1.951220 0.304878 -0.001465 -0.072266 -0.988770 0.000000 0.000000 0.000000 2644.000000
1 2 3 4 5 -0.060976 1.951220 0.304878 -0.004883 -0.078125 -0.986816 17.400000 -65.400000 54.600000 690.000000
1 2 3 4 5 -0.060976 1.890244 0.304878 -0.011230 -0.079102 -0.980469 0.000000 0.000000 0.000000 1244.000000
1 2 3 4 5 -0.060976 1.951220 0.365854 -0.001953 -0.080078 -0.983887 0.000000 0.000000 0.000000 1991.000000
1 2 3 4 5 -0.060976 1.951220 0.487805 -0.014648 -0.077148 -0.962402 19.800000 -63.000000 55.200000 3340.000000
1 2 3 4 5 -0.121951 2.012195 0.365854 -0.001953 -0.085449 -0.976074 0.000000 0.000000 0.000000 3361.000000
1 2 3 4 5 -0.060976 2.073171 0.304878 0.000488 -0.079102 -0.991699 0.000000 0.000000 0.000000 1752.000000
1 2 3 4 5 -0.121951 2.073171 0.365854 -0.004883 -0.081055 -0.974121 18.600000 -62.400000 52.200000 1284.000000
1 2 3 4 5 -0.060976 2.012195 0.304878 -0.002441 -0.083496 -0.963867 0.000000 0.000000 0.000000 2434.000000
1 2 3 4 5 -0.000000 2.012195 0.365854 -0.004883 -0.076660 -0.977051 0.000000 0.000000 0.000000 1796.000000
1 2 3 4 5 -0.182927 2.073171 0.304878 -0.000977 -0.080566 -0.972656 17.400000 -64.200000 52.800000 1571.000000
1 2 3 4 5 -0.182927 2.012195 0.426829 -0.012207 -0.073242 -0.977051 0.000000 0.000000 0.000000 684.000000
1 2 3 4 5 -0.000000 2.012195 0.365854 0.003418 -0.072266 -0.980469 0.000000 0.000000 0.000000 1739.000000
1 2 3 4 5 -0.121951 2.073171 0.304878 -0.002441 -0.075195 -0.974121 19.200000 -68.400000 55.200000 1641.000000
1 2 3 4 5 -0.060976 1.951220 0.304878 -0.004395 -0.074707 -0.969238 0.000000 0.000000 0.000000 1317.000000
1 2 3 4 5 -0.060976 2.012195 0.304878 -0.002930 -0.082520 -1.002930 0.000000 0.000000 0.000000 792.000000
1 2 3 4 5 -0.060976 2.012195 0.304878 -0.007324 -0.081543 -0.971191 21.000000 -70.800000 54.000000 1201.000000
1 2 3 4 5 -0.060976 2.073171 0.243902 -0.003418 -0.073730 -0.975586 0.000000 0.000000 0.000000 2110.000000
1 2 3 4 5 -0.060976 2.134146 0.365854 -0.008301 -0.073242 -0.979492 0.000000 0.000000 0.000000 1032.000000
1 2 3 4 5 -0.121951 2.073171 0.365854 -0.003418 -0.072754 -0.977539 15.000000 -61.800000 54.600000 1521.000000
1 2 3 4 5 -0.182927 1.951220 0.365854 -0.000488 -0.078125 -0.981934 0.000000 0.000000 0.000000 1797.000000
1 2 3 4 5 -0.060976 2.012195 0.304878 0.000488 -0.085938 -0.969727 0.000000 0.000000 0.000000 1746.000000
1 2 3 4 5 -0.121951 1.951220 0.365854 -0.003418 -0.078613 -0.978516 18.000000 -67.200000 56.400000 2578.000000
1 2 3 4 5 -0.182927 1.951220 0.182927 -0.000488 -0.073730 -0.960938 0.000000 0.000000 0.000000 1389.000000
1 2 3 4 5 -0.182927 1.951220 0.304878 -0.006836 -0.077637 -0.977539 0.000000 0.000000 0.000000 1037.000000
1 2 3 4 5 -0.000000 2.012195 0.304878 0.002441 -0.080566 -0.976563 16.200000 -69.600000 54.000000 2238.000000
1 2 3 4 5 -0.182927 1.890244 0.304878 -0.001465 -0.071777 -0.984375 0.000000 0.000000 0.000000 2185.000000
1 2 3 4 5 -0.182927 2.012195 0.304878 -0.006836 -0.080078 -0.990723 0.000000 0.000000 0.000000 1883.000000
1 2 3 4 5 -0.060976 2.012195 0.365854 -0.005371 -0.078125 -0.973633 13.800000 -69.000000 53.400000 1080.000000
1 2 3 4 5 -0.000000 1.951220 0.304878 -0.005859 -0.067871 -0.977539 0.000000 0.000000 0.000000 174.000000
1 2 3 4 5 -0.121951 1.951220 0.365854 -0.005859 -0.080078 -0.988770 0.000000 0.000000 0.000000 1896.000000
1 2 3 4 5 -0.121951 1.890244 0.365854 -0.003418 -0.069824 -0.979492 15.600000 -70.200000 54.600000 2209.000000
1 2 3 4 5 -0.060976 1.951220 0.426829 0.004395 -0.078125 -0.974121 0.000000 0.000000 0.000000 767.000000
1 2 3 4 5 -0.000000 1.951220 0.304878 -0.001953 -0.070313 -0.980469 0.000000 0.000000 0.000000 2375.000000
1 2 3 4 5 -0.060976 1.890244 0.304878 -0.008789 -0.082031 -0.979004 17.400000 -67.800000 51.600000 2026.000000
1 2 3 4 5 -0.121951 2.073171 0.365854 -0.001953 -0.083984 -0.984375 0.000000 0.000000 0.000000 2504.000000
1 2 3 4 5 -0.121951 1.951220 0.365854 -0.005371 -0.078125 -0.989258 0.000000 0.000000 0.000000 729.000000
1 2 3 4 5 -0.121951 1.829268 0.304878 -0.008301 -0.081543 -0.983887 16.800000 -66.600000 52.800000 -49.000000
1 2 3 4 5 -0.060976 2.012195 0.365854 -0.003418 -0.068848 -0.973633 0.000000 0.000000 0.000000 2174.000000
1 2 3 4 5 -0.121951 2.073171 0.304878 -0.009766 -0.078125 -0.962402 0.000000 0.000000 0.000000 569.000000
1 2 3 4 5 -0.060976 1.951220 0.304878 -0.004395 -0.075684 -0.979492 19.800000 -65.400000 54.000000 2172.000000
1 2 3 4 5 -0.060976 1.890244 0.304878 -0.004883 -0.086914 -0.979004 0.000000 0.000000 0.000000 470.000000
1 2 3 4 5 -0.121951 2.012195 0.243902 -0.005371 -0.077637 -0.985352 0.000000 0.000000 0.000000 1425.000000
1 2 3 4 5 -0.000000 2.012195 0.426829 -0.004395 -0.073730 -0.976074 15.600000 -70.200000 55.200000 3132.000000
1 2 3 4 5 -0.060976 2.073171 0.365854 -0.003906 -0.080566 -0.985352 0.000000 0.000000 0.000000 1983.000000
1 2 3 4 5 -0.121951 2.073171 0.304878 -0.003906 -0.071289 -0.962891 0.000000 0.000000 0.000000 2323.000000
1 2 3 4 5 -0.060976 2.073171 0.426829 0.004395 -0.083496 -0.981934 16.800000 -67.800000 54.000000 647.000000
1 2 3 4 5 -0.182927 1.951220 0.304878 -0.008789 -0.074219 -0.978516 0.000000 0.000000 0.000000 334.000000
1 2 3 4 5 -0.121951 2.012195 0.426829 -0.005859 -0.074707 -0.979492 0.000000 0.000000 0.000000 1673.000000
1 2 3 4 5 -0.000000 1.951220 0.243902 -0.011230 -0.073730 -0.976074 17.400000 -66.000000 55.200000 336.000000
1 2 3 4 5 -0.060976 1.951220 0.365854 -0.006348 -0.072754 -0.983398 0.000000 0.000000 0.000000 1100.000000
1 2 3 4 5 -0.121951 2.012195 0.365854 -0.001953 -0.084473 -0.980469 0.000000 0.000000 0.000000 1467.000000
1 2 3 4 5 -0.121951 1.951220 0.365854 -0.001465 -0.081543 -0.973633 18.000000 -67.200000 55.800000 -20.000000
1 2 3 4 5 -0.060976 2.073171 0.243902 -0.001465 -0.073242 -0.964355 0.000000 0.000000 0.000000 2115.000000
1 2 3 4 5 -0.182927 1.890244 0.304878 -0.005371 -0.079590 -0.979004 0.000000 0.000000 0.000000 633.000000
1 2 3 4 5 -0.060976 1.951220 0.304878 0.003906 -0.073242 -0.980469 18.000000 -66.000000 52.200000 697.000000
1 2 3 4 5 -0.121951 1.890244 0.304878 -0.009766 -0.082520 -0.974121 0.000000 0.000000 0.000000 1622.000000
1 2 3 4 5 -0.243902 2.012195 0.365854 -0.004395 -0.079102 -0.976563 0.000000 0.000000 0.000000 -769.000000
1 2 3 4 5 -0.182927 1.951220 0.182927 -0.000977 -0.077148 -0.992188 16.200000 -69.600000 52.200000 2506.000000
1 2 3 4 5 -0.121951 2.012195 0.365854 0.003418 -0.087402 -0.975098 0.000000 0.000000 0.000000 454.000000
1 2 3 4 5 -0.000000 2.012195 0.304878 -0.000488 -0.078613 -0.982910 0.000000 0.000000 0.000000 494.000000
1 2 3 4 5 -0.121951 1.890244 0.426829 0.001953 -0.075684 -0.981934 15.600000 -66.600000 54.000000 2698.000000
1 2 3 4 5 -0.060976 1.890244 0.304878 -0.005371 -0.071777 -0.970703 0.000000 0.000000 0.000000 169.000000
1 2 3 4 5 -0.121951 1.951220 0.426829 -0.003906 -0.075684 -0.980957 0.000000 0.000000 0.000000 2606.000000
1 2 3 4 5 -0.121951 1.951220 0.365854 -0.004883 -0.073730 -0.988770 15.600000 -66.600000 52.800000 985.000000
1 2 3 4 5 -0.000000 1.951220 0.304878 -0.003418 -0.084961 -0.986816 0.000000 0.000000 0.000000 1194.000000
1 2 3 4 5 -0.182927 1.951220 0.365854 -0.000977 -0.079102 -0.980469 0.000000 0.000000 0.000000 2541.000000
1 2 3 4 5 -0.060976 2.012195 0.365854 0.000488 -0.076660 -0.981445 16.800000 -65.400000 55.200000 -33.000000
1 2 3 4 5 -0.182927 1.951220 0.304878 -0.003906 -0.069824 -0.987793 0.000000 0.000000 0.000000 1461.000000
1 2 3 4 5 -0.000000 1.890244 0.304878 -0.007813 -0.073242 -0.981934 0.000000 0.000000 0.000000 2039.000000
1 2 3 4 5 -0.182927 2.012195 0.304878 -0.002441 -0.071289 -0.979492 19.800000 -60.000000 53.400000 2359.000000
1 2 3 4 5 -0.060976 2.073171 0.304878 0.004395 -0.073730 -0.971191 0.000000 0.000000 0.000000 2705.000000
1 2 3 4 5 -0.182927 1.890244 0.365854 -0.003418 -0.081055 -0.977539 0.000000 0.000000 0.000000 1022.000000
1 2 3 4 5 -0.060976 1.951220 0.243902 -0.004883 -0.074707 -0.981445 17.400000 -63.000000 52.800000 625.000000
1 2 3 4 5 -0.121951 1.951220 0.365854 -0.000977 -0.068359 -0.979492 0.000000 0.000000 0.000000 1855.000000
1 2 3 4 5 -0.060976 2.134146 0.304878 -0.011719 -0.075195 -0.991699 0.000000 0.000000 0.000000 1683.000000
1 2 3 4 5 -0.121951 2.012195 0.304878 -0.000488 -0.081543 -0.992188 19.200000 -69.600000 54.000000 2353.000000
1 2 3 4 5 -0.121951 2.012195 0.365854 -0.009766 -0.083984 -0.980469 0.000000 0.000000 0.000000 751.000000
1 2 3 4 5 -0.182927 2.012195 0.304878 -0.004395 -0.078125 -0.979004 0.000000 0.000000 0.000000 1129.000000
1 2 3 4 5 -0.060976 2.012195 0.304878 -0.006348 -0.072266 -0.982422 17.400000 -66.600000 52.200000 2284.000000
1 2 3 4 5 -0.121951 2.012195 0.365854 0.000977 -0.074707 -0.985352 0.000000 0.000000 0.000000 1510.000000
1 2 3 4 5 -0.121951 1.951220 0.365854 -0.005371 -0.078125 -0.990723 0.000000 0.000000 0.000000 1929.000000
1 2 3 4 5 -0.000000 2.012195 0.365854 0.005859 -0.076660 -0.972168 16.800000 -65.400000 53.400000 901.000000
1 2 3 4 5 -0.243902 1.890244 0.365854 0.003906 -0.080566 -0.978516 0.000000 0.000000 0.000000 1264.000000
1 2 3 4 5 -0.060976 1.890244 0.365854 -0.004883 -0.078125 -0.995605 0.000000 0.000000 0.000000 2064.000000
1 2 3 4 5 -0.182927 1.951220 0.365854 -0.002441 -0.077148 -0.978027 19.800000 -70.200000 52.800000 735.000000
1 2 3 4 5 -0.121951 1.890244 0.365854 0.003418 -0.072266 -0.962402 0.000000 0.000000 0.000000 1210.000000
1 2 3 4 5 -0.060976 2.012195 0.182927 0.007813 -0.079102 -0.977051 0.000000 0.000000 0.000000 1443.000000
1 2 3 4 5 -0.121951 1.890244 0.243902 -0.004395 -0.081543 -0.987305 21.000000 -67.200000 54.000000 1162.000000
1 2 3 4 5 -0.121951 1.829268 0.304878 -0.007324 -0.068359 -0.963867 0.000000 0.000000 0.000000 1740.000000
1 2 3 4 5 -0.182927 1.951220 0.243902 -0.008301 -0.078613 -0.975586 0.000000 0.000000 0.000000 414.000000
1 2 3 4 5 -0.121951 2.012195 0.365854 -0.010254 -0.072754 -0.986328 17.400000 -63.000000 52.200000 967.000000
1 2 3 4 5 -0.121951 2.012195 0.426829 -0.002441 -0.075684 -0.959961 0.000000 0.000000 0.000000 1526.000000
1 2 3 4 5 -0.121951 2.012195 0.365854 -0.006348 -0.080566 -0.983398 0.000000 0.000000 0.000000 2328.000000
1 2 3 4 5 -0.121951 2.012195 0.304878 -0.000977 -0.074707 -0.983887 21.600000 -62.400000 52.800000 2459.000000
1 2 3 4 5 -0.121951 2.012195 0.426829 -0.006348 -0.078613 -0.973633 0.000000 0.000000 0.000000 1462.000000
1 2 3 4 5 -0.121951 1.951220 0.365854 0.002441 -0.081055 -0.992188 0.000000 0.000000 0.000000 1381.000000
1 2 3 4 5 -0.000000 1.951220 0.304878 -0.001953 -0.082520 -0.966797 15.000000 -65.400000 51.600000 2237.000000
1 2 3 4 5 -0.000000 2.012195 0.365854 -0.006836 -0.072266 -0.966797 0.000000 0.000000 0.000000 2243.000000
1 2 3 4 5 -0.121951 2.012195 0.304878 0.007324 -0.074707 -0.985352 0.000000 0.000000 0.000000 1825.000000
1 2 3 4 5 -0.060976 1.890244 0.243902 0.002441 -0.078125 -0.972656 21.000000 -67.200000 54.600000 682.000000
1 2 3 4 5 -0.060976 2.012195 0.365854 0.001953 -0.076660 -0.990723 0.000000 0.000000 0.000000 2518.000000
1 2 3 4 5 -0.060976 1.951220 0.304878 -0.001953 -0.074219 -0.980957 0.000000 0.000000 0.000000 2688.000000
1 2 3 4 5 -0.121951 1.890244 0.365854 -0.006348 -0.077637 -0.980957 18.600000 -74.400000 54.000000 2427.000000
1 2 3 4 5 0.060976 1.890244 0.365854 -0.003418 -0.079590 -0.982422 0.000000 0.000000 0.000000 1883.000000
1 2 3 4 5 -0.121951 1.951220 0.365854 -0.001465 -0.083984 -0.983887 0.000000 0.000000 0.000000 441.000000
1 2 3 4 5 -0.000000 1.951220 0.243902 -0.003906 -0.071289 -0.973145 17.400000 -68.400000 53.400000 1606.000000
1 2 3 4 5 -0.121951 1.951220 0.304878 0.001465 -0.079102 -0.974121 0.000000 0.000000 0.000000 1668.000000
1 2 3 4 5 -0.060976 2.073171 0.365854 -0.004395 -0.073730 -0.970703 0.000000 0.000000 0.000000 320.000000
1 2 3 4 5 -0.060976 2.012195 0.365854 -0.019043 -0.078613 -0.978516 17.400000 -70.800000 54.000000 1900.000000
1 2 3 4 5 -0.182927 2.134146 0.365854 -0.011230 -0.074707 -0.986816 0.000000 0.000000 0.000000 1831.000000
1 2 3 4 5 -0.060976 1.890244 0.365854 -0.007813 -0.077148 -0.974121 0.000000 0.000000 0.000000 3000.000000
1 2 3 4 5 -0.121951 1.890244 0.304878 -0.000977 -0.072754 -0.987793 17.400000 -61.800000 54.600000 2314.000000
1 2 3 4 5 -0.000000 1.951220 0.365854 -0.012207 -0.075195 -0.968262 0.000000 0.000000 0.000000 695.000000
1 2 3 4 5 -0.121951 1.951220 0.426829 -0.004395 -0.080566 -0.965332 0.000000 0.000000 0.000000 3118.000000
1 2 3 4 5 -0.000000 1.890244 0.304878 0.001465 -0.081055 -0.993652 18.000000 -63.000000 54.600000 1697.000000
1 2 3 4 5 -0.060976 2.012195 0.304878 -0.000488 -0.084473 -0.977539 0.000000 0.000000 0.000000 2927.000000
1 2 3 4 5 -0.060976 1.890244 0.304878 0.002930 -0.083984 -0.964844 0.000000 0.000000 0.000000 90.000000
1 2 3 4 5 -0.182927 1.951220 0.304878 0.004395 -0.072266 -0.978027 19.800000 -68.400000 53.400000 1179.000000
1 2 3 4 5 -0.121951 1.890244 0.426829 -0.006348 -0.071777 -0.993164 0.000000 0.000000 0.000000 2217.000000
1 2 3 4 5 -0.121951 1.890244 0.426829 -0.004883 -0.081055 -0.976074 0.000000 0.000000 0.000000 1853.000000
1 2 3 4 5 -0.060976 1.890244 0.365854 -0.006348 -0.082031 -0.969727 17.400000 -63.600000 55.200000 2652.000000
1 2 3 4 5 -0.060976 2.012195 0.243902 -0.000488 -0.074707 -0.979004 0.000000 0.000000 0.000000 432.000000
1 2 3 4 5 -0.121951 1.951220 0.304878 -0.004883 -0.076660 -0.984863 0.000000 0.000000 0.000000 1507.000000
1 2 3 4 5 -0.000000 1.890244 0.365854 -0.008301 -0.078125 -0.981445 17.400000 -63.600000 55.800000 2856.000000
1 2 3 4 5 -0.000000 1.951220 0.243902 -0.006348 -0.082031 -0.984375 0.000000 0.000000 0.000000 1577.000000
1 2 3 4 5 -0.060976 2.012195 0.487805 -0.002930 -0.079102 -0.970703 0.000000 0.000000 0.000000 2321.000000
1 2 3 4 5 -0.182927 2.073171 0.304878 -0.005371 -0.081543 -0.974121 13.200000 -66.000000 54.600000 759.000000
1 2 3 4 5 -0.121951 1.951220 0.365854 0.000488 -0.073242 -0.964844 0.000000 0.000000 0.000000 773.000000
1 2 3 4 5 -0.121951 2.012195 0.304878 0.000977 -0.081055 -0.977051 0.000000 0.000000 0.000000 2411.000000
1 2 3 4 5 -0.121951 1.890244 0.304878 0.008301 -0.081055 -0.990234 18.000000 -66.000000 54.000000 538.000000
1 2 3 4 5 -0.060976 2.012195 0.365854 -0.005859 -0.077148 -0.983398 0.000000 0.000000 0.000000 1251.000000
1 2 3 4 5 -0.121951 1.890244 0.304878 -0.006348 -0.080566 -0.969238 0.000000 0.000000 0.000000 1384.000000
1 2 3 4 5 -0.060976 1.951220 0.304878 -0.005859 -0.075195 -0.982910 15.600000 -66.600000 54.000000 142.000000
1 2 3 4 5 -0.000000 1.951220 0.304878 -0.005371 -0.079102 -0.976074 0.000000 0.000000 0.000000 2372.000000
1 2 3 4 5 -0.121951 2.012195 0.243902 -0.001953 -0.081055 -0.985352 0.000000 0.000000 0.000000 1008.000000
1 2 3 4 5 -0.060976 1.951220 0.426829 -0.001953 -0.081055 -0.984863 16.800000 -66.600000 53.400000 1672.000000
1 2 3 4 5 -0.121951 1.951220 0.243902 0.000488 -0.081055 -0.983398 0.000000 0.000000 0.000000 2089.000000
1 2 3 4 5 -0.121951 1.890244 0.304878 -0.009766 -0.081543 -0.975586 0.000000 0.000000 0.000000 334.000000
1 2 3 4 5 -0.182927 1.890244 0.304878 0.006348 -0.068359 -0.973633 18.600000 -66.600000 54.000000 2179.000000
1 2 3 4 5 -0.060976 1.890244 0.243902 0.004395 -0.080078 -0.981445 0.000000 0.000000 0.000000 732.000000
1 2 3 4 5 -0.000000 1.951220 0.304878 -0.005859 -0.085449 -0.985352 0.000000 0.000000 0.000000 835.000000
1 2 3 4 5 -0.060976 1.890244 0.365854 -0.000977 -0.077148 -0.978027 18.600000 -66.600000 53.400000 2394.000000
1 2 3 4 5 -0.060976 1.951220 0.365854 0.003418 -0.072754 -0.972656 0.000000 0.000000 0.000000 444.000000
1 2 3 4 5 -0.060976 2.012195 0.365854 -0.005859 -0.077637 -0.994629 0.000000 0.000000 0.000000 1463.000000
1 2 3 4 5 0.060976 2.012195 0.304878 -0.001465 -0.082520 -0.965820 20.400000 -73.200000 53.400000 1497.000000
1 2 3 4 5 -0.121951 2.012195 0.426829 -0.001953 -0.081055 -0.982422 0.000000 0.000000 0.000000 298.000000
1 2 3 4 5 -0.121951 1.951220 0.304878 0.002930 -0.081055 -0.980957 0.000000 0.000000 0.000000 2147.000000
1 2 3 4 5 -0.060976 2.012195 0.365854 -0.006836 -0.080566 -0.984375 15.600000 -67.800000 53.400000 904.000000
1 2 3 4 5 -0.121951 2.012195 0.304878 0.000488 -0.086914 -0.984863 0.000000 0.000000 0.000000 992.000000
1 2 3 4 5 -0.060976 1.951220 0.243902 0.002930 -0.078613 -0.980957 0.000000 0.000000 0.000000 1948.000000
1 2 3 4 5 -0.121951 1.951220 0.426829 -0.006348 -0.076660 -0.979004 15.000000 -65.400000 52.800000 1007.000000
1 2 3 4 5 -0.182927 2.012195 0.304878 -0.001465 -0.083496 -0.969238 0.000000 0.000000 0.000000 2836.000000
1 2 3 4 5 -0.121951 1.951220 0.243902 0.002441 -0.083984 -0.985352 0.000000 0.000000 0.000000 1462.000000
1 2 3 4 5 -0.060976 1.951220 0.365854 -0.000977 -0.084473 -0.974121 18.600000 -66.600000 55.800000 1270.000000
1 2 3 4 5 -0.121951 2.012195 0.243902 -0.000977 -0.077148 -0.979004 0.000000 0.000000 0.000000 2443.000000
1 2 3 4 5 -0.121951 2.012195 0.426829 -0.007813 -0.074707 -0.969238 0.000000 0.000000 0.000000 651.000000
1 2 3 4 5 -0.182927 1.951220 0.182927 -0.000977 -0.066406 -0.963867 18.000000 -70.800000 53.400000 2166.000000
1 2 3 4 5 -0.060976 1.951220 0.304878 -0.004883 -0.074219 -0.967773 0.000000 0.000000 0.000000 901.000000
1 2 3 4 5 -0.000000 2.012195 0.243902 -0.008301 -0.080078 -0.987793 0.000000 0.000000 0.000000 895.000000
1 2 3 4 5 -0.000000 2.073171 0.243902 -0.000977 -0.080566 -0.975586 15.000000 -67.200000 51.000000 1860.000000
1 2 3 4 5 -0.000000 2.012195 0.365854 -0.004395 -0.074707 -0.993652 0.000000 0.000000 0.000000 1084.000000
1 2 3 4 5 -0.182927 1.829268 0.365854 -0.005859 -0.074707 -0.972168 0.000000 0.000000 0.000000 1906.000000
1 2 3 4 5 -0.121951 1.951220 0.365854 -0.005371 -0.079590 -0.987793 17.400000 -69.600000 55.200000 1258.000000
1 2 3 4 5 -0.060976 1.951220 0.365854 -0.000977 -0.084473 -0.976074 0.000000 0.000000 0.000000 1897.000000
1 2 3 4 5 -0.000000 1.951220 0.304878 0.001465 -0.080566 -0.967285 0.000000 0.000000 0.000000 2646.000000
1 2 3 4 5 -0.060976 1.890244 0.426829 -0.001953 -0.076660 -0.960938 13.200000 -66.000000 55.200000 1214.000000
1 2 3 4 5 -0.121951 2.012195 0.365854 -0.001953 -0.078613 -0.978027 0.000000 0.000000 0.000000 833.000000
1 2 3 4 5 -0.121951 1.951220 0.243902 -0.000977 -0.069824 -0.975586 0.000000 0.000000 0.000000 1853.000000
1 2 3 4 5 -0.000000 2.012195 0.365854 -0.004395 -0.080566 -1.000000 13.800000 -66.600000 52.800000 2205.000000
1 2 3 4 5 -0.121951 2.073171 0.243902 0.000977 -0.081055 -0.980469 0.000000 0.000000 0.000000 2491.000000
1 2 3 4 5 -0.121951 2.012195 0.365854 -0.006836 -0.066895 -0.989746 0.000000 0.000000 0.000000 1097.000000
1 2 3 4 5 -0.121951 1.951220 0.426829 0.000488 -0.081055 -0.967285 18.600000 -67.800000 55.200000 511.000000
1 2 3 4 5 -0.121951 1.890244 0.365854 -0.004883 -0.078125 -0.979492 0.000000 0.000000 0.000000 2607.000000
1 2 3 4 5 -0.060976 1.890244 0.243902 -0.005859 -0.074219 -0.978516 0.000000 0.000000 0.000000 3141.000000
1 2 3 4 5 -0.060976 1.951220 0.365854 -0.003418 -0.082031 -0.994141 17.400000 -66.600000 53.400000 3441.000000
1 2 3 4 5 -0.121951 1.829268 0.365854 -0.010742 -0.072266 -0.969727 0.000000 0.000000 0.000000 1640.000000
1 2 3 4 5 -0.182927 1.951220 0.365854 -0.005371 -0.077148 -0.965332 0.000000 0.000000 0.000000 831.000000
1 2 3 4 5 -0.060976 1.951220 0.365854 0.001953 -0.079590 -0.981934 21.000000 -70.800000 54.000000 2446.000000
1 2 3 4 5 -0.121951 1.951220 0.365854 -0.002441 -0.075195 -0.988770 0.000000 0.000000 0.000000 1588.000000
1 2 3 4 5 -0.182927 1.951220 0.365854 0.005859 -0.075195 -0.984375 0.000000 0.000000 0.000000 1809.000000
1 2 3 4 5 -0.060976 2.012195 0.365854 -0.002930 -0.074219 -0.972168 19.800000 -67.800000 54.000000 1290.000000
1 2 3 4 5 -0.121951 1.951220 0.365854 -0.007813 -0.076660 -0.982910 0.000000 0.000000 0.000000 2101.000000
1 2 3 4 5 -0.000000 2.012195 0.304878 -0.008301 -0.078125 -0.983398 0.000000 0.000000 0.000000 2203.000000
1 2 3 4 5 -0.060976 1.890244 0.243902 -0.002441 -0.078125 -0.983398 19.800000 -63.000000 51.600000 1695.000000
1 2 3 4 5 -0.182927 1.951220 0.304878 -0.000488 -0.073242 -0.977051 0.000000 0.000000 0.000000 1848.000000
1 2 3 4 5 -0.060976 2.012195 0.365854 0.000488 -0.075195 -0.971191 0.000000 0.000000 0.000000 998.000000
1 2 3 4 5 -0.060976 1.951220 0.365854 -0.010254 -0.084961 -0.975098 21.000000 -64.200000 52.200000 2509.000000
1 2 3 4 5 -0.243902 2.012195 0.365854 0.002441 -0.072266 -0.972656 0.000000 0.000000 0.000000 2534.000000
1 2 3 4 5 -0.060976 1.951220 0.365854 0.000977 -0.072754 -0.986816 0.000000 0.000000 0.000000 718.000000
1 2 3 4 5 -0.121951 1.951220 0.243902 -0.006836 -0.072266 -0.972168 14.400000 -67.200000 52.200000 1933.000000
1 2 3 4 5 -0.060976 1.951220 0.304878 -0.003906 -0.071777 -0.981445 0.000000 0.000000 0.000000 1992.000000
1 2 3 4 5 0.060976 1.829268 0.426829 -0.003418 -0.081055 -0.980957 0.000000 0.000000 0.000000 1823.000000
1 2 3 4 5 -0.121951 1.951220 0.304878 0.002441 -0.072266 -0.979492 19.800000 -69.600000 55.200000 1279.000000
1 2 3 4 5 -0.182927 2.012195 0.365854 -0.008301 -0.078613 -0.964844 0.000000 0.000000 0.000000 1917.000000
1 2 3 4 5 -0.121951 2.012195 0.426829 -0.006348 -0.078613 -0.984375 0.000000 0.000000 0.000000 1807.000000
1 2 3 4 5 -0.121951 2.012195 0.304878 -0.003906 -0.074219 -0.972656 15.600000 -72.000000 54.000000 2452.000000
1 2 3 4 5 -0.121951 1.951220 0.426829 -0.001953 -0.080566 -0.973145 0.000000 0.000000 0.000000 1922.000000
1 2 3 4 5 -0.121951 1.890244 0.243902 -0.002441 -0.079590 -0.971680 0.000000 0.000000 0.000000 924.000000
1 2 3 4 5 -0.243902 1.951220 0.365854 -0.000488 -0.079590 -0.981445 17.400000 -67.200000 55.200000 813.000000
1 2 3 4 5 -0.121951 1.951220 0.304878 -0.001953 -0.088379 -0.977051 0.000000 0.000000 0.000000 1758.000000
1 2 3 4 5 -0.121951 2.012195 0.243902 -0.007813 -0.074219 -0.972168 0.000000 0.000000 0.000000 1771.000000
1 2 3 4 5 -0.121951 2.012195 0.365854 -0.000977 -0.083496 -0.975098 16.800000 -66.600000 53.400000 1293.000000
1 2 3 4 5 -0.000000 1.951220 0.365854 -0.001465 -0.085938 -0.981934 0.000000 0.000000 0.000000 1838.000000
1 2 3 4 5 -0.060976 1.890244 0.365854 -0.001465 -0.076660 -0.975098 0.000000 0.000000 0.000000 1717.000000
1 2 3 4 5 -0.000000 1.951220 0.304878 -0.000977 -0.066895 -0.959473 18.000000 -60.600000 54.600000 3055.000000
1 2 3 4 5 -0.060976 2.012195 0.304878 -0.006836 -0.073242 -0.972656 0.000000 0.000000 0.000000 1659.000000
1 2 3 4 5 -0.182927 2.073171 0.365854 0.003906 -0.075195 -0.991699 0.000000 0.000000 0.000000 692.000000
1 2 3 4 5 -0.060976 1.951220 0.365854 -0.005371 -0.081055 -0.983398 16.200000 -66.000000 52.800000 1214.000000
1 2 3 4 5 -0.000000 2.012195 0.304878 -0.004395 -0.080566 -0.984375 0.000000 0.000000 0.000000 1030.000000
1 2 3 4 5 -0.121951 1.890244 0.365854 0.000488 -0.078613 -0.994141 0.000000 0.000000 0.000000 2322.000000
1 2 3 4 5 -0.121951 1.951220 0.365854 -0.004395 -0.078125 -0.973145 17.400000 -66.000000 52.800000 708.000000
1 2 3 4 5 -0.121951 2.012195 0.365854 -0.004883 -0.074219 -0.966797 0.000000 0.000000 0.000000 373.000000
1 2 3 4 5 -0.060976 1.951220 0.365854 0.001953 -0.068359 -0.988281 0.000000 0.000000 0.000000 2688.000000
1 2 3 4 5 -0.121951 1.890244 0.243902 -0.007324 -0.083496 -0.971680 19.800000 -75.600000 55.200000 1937.000000
1 2 3 4 5 -0.060976 1.951220 0.365854 -0.010742 -0.080078 -0.962402 0.000000 0.000000 0.000000 2160.000000
1 2 3 4 5 -0.182927 2.012195 0.365854 0.003906 -0.083496 -0.987793 0.000000 0.000000 0.000000 70.000000
1 2 3 4 5 -0.121951 2.073171 0.304878 -0.002930 -0.072754 -0.969727 18.600000 -66.600000 54.000000 712.000000
1 2 3 4 5 -0.121951 2.073171 0.304878 0.003418 -0.080078 -0.977051 0.000000 0.000000 0.000000 2815.000000
1 2 3 4 5 -0.060976 1.890244 0.487805 -0.004883 -0.078125 -0.975098 0.000000 0.000000 0.000000 2277.000000
1 2 3 4 5 -0.182927 1.890244 0.304878 -0.008789 -0.072754 -0.997559 19.800000 -67.800000 54.600000 1062.000000
1 2 3 4 5 -0.060976 1.951220 0.304878 -0.000488 -0.080078 -0.964844 0.000000 0.000000 0.000000 1217.000000
1 2 3 4 5 -0.182927 1.890244 0.304878 0.000977 -0.077148 -0.980957 0.000000 0.000000 0.000000 629.000000
1 2 3 4 5 -0.000000 2.134146 0.243902 -0.001953 -0.081543 -0.990234 16.200000 -67.200000 52.800000 2113.000000
1 2 3 4 5 -0.060976 2.012195 0.365854 0.000977 -0.077148 -0.977051 0.000000 0.000000 0.000000 891.000000
1 2 3 4 5 -0.121951 2.012195 0.365854 -0.008789 -0.081055 -0.981445 0.000000 0.000000 0.000000 693.000000
1 2 3 4 5 -0.060976 1.951220 0.365854 -0.003418 -0.085449 -0.977539 15.000000 -63.000000 52.800000 1610.000000
1 2 3 4 5 -0.060976 2.012195 0.304878 0.000977 -0.079590 -0.987305 0.000000 0.000000 0.000000 349.000000
1 2 3 4 5 -0.182927 2.012195 0.304878 0.001465 -0.081055 -0.988770 0.000000 0.000000 0.000000 1819.000000
1 2 3 4 5 -0.182927 1.951220 0.304878 -0.003906 -0.085449 -0.958984 15.000000 -65.400000 52.800000 769.000000
1 2 3 4 5 -0.060976 2.073171 0.304878 -0.003418 -0.079590 -0.979004 0.000000 0.000000 0.000000 778.000000
1 2 3 4 5 -0.121951 2.073171 0.304878 0.000977 -0.075684 -0.980469 0.000000 0.000000 0.000000 1622.000000
1 2 3 4 5 -0.121951 1.951220 0.304878 -0.004395 -0.081055 -0.967773 17.400000 -69.000000 54.000000 890.000000
1 2 3 4 5 -0.060976 1.951220 0.365854 -0.006348 -0.083496 -0.973145 0.000000 0.000000 0.000000 2472.000000
1 2 3 4 5 -0.304878 2.073171 0.304878 -0.012695 -0.075684 -0.960449 0.000000 0.000000 0.000000 622.000000
1 2 3 4 5 -0.121951 2.073171 0.365854 -0.001953 -0.080078 -0.982422 15.000000 -72.600000 54.000000 936.000000
1 2 3 4 5 -0.060976 2.012195 0.426829 -0.006348 -0.084473 -0.987793 0.000000 0.000000 0.000000 2269.000000
1 2 3 4 5 -0.121951 2.012195 0.243902 0.002441 -0.088379 -0.997070 0.000000 0.000000 0.000000 239.000000
1 2 3 4 5 -0.121951 1.951220 0.304878 -0.004395 -0.071777 -0.985352 17.400000 -64.200000 50.400000 1782.000000
1 2 3 4 5 -0.060976 1.890244 0.365854 -0.013672 -0.070313 -0.980469 0.000000 0.000000 0.000000 449.000000
1 2 3 4 5 -0.121951 1.890244 0.304878 0.002930 -0.067871 -0.975586 0.000000 0.000000 0.000000 820.000000
1 2 3 4 5 -0.060976 1.890244 0.304878 -0.012695 -0.078613 -0.976074 19.200000 -67.200000 51.600000 1828.000000
1 2 3 4 5 -0.182927 2.012195 0.304878 -0.013184 -0.081543 -0.988281 0.000000 0.000000 0.000000 442.000000
1 2 3 4 5 -0.243902 2.012195 0.243902 -0.000977 -0.080078 -0.984375 0.000000 0.000000 0.000000 485.000000
1 2 3 4 5 -0.060976 1.951220 0.304878 -0.003418 -0.076660 -0.977539 18.600000 -67.800000 52.800000 1753.000000
1 2 3 4 5 -0.060976 1.951220 0.304878 -0.006348 -0.076660 -0.977539 0.000000 0.000000 0.000000 1220.000000
1 2 3 4 5 -0.060976 1.951220 0.365854 -0.000488 -0.070801 -0.987305 0.000000 0.000000 0.000000 2585.000000
1 2 3 4 5 -0.182927 2.012195 0.304878 -0.001465 -0.086426 -0.987305 19.200000 -64.200000 52.800000 522.000000
1 2 3 4 5 -0.182927 1.951220 0.304878 0.000488 -0.074219 -0.972656 0.000000 0.000000 0.000000 1332.000000
1 2 3 4 5 -0.121951 2.012195 0.243902 -0.005859 -0.085449 -0.978027 0.000000 0.000000 0.000000 2573.000000
1 2 3 4 5 -0.060976 2.012195 0.304878 -0.003418 -0.082520 -0.990723 16.800000 -70.200000 55.800000 1031.000000
1 2 3 4 5 -0.121951 2.012195 0.426829 0.000977 -0.091309 -0.975586 0.000000 0.000000 0.000000 1636.000000
1 2 3 4 5 -0.060976 2.012195 0.365854 -0.002441 -0.083496 -0.975098 0.000000 0.000000 0.000000 766.000000
1 2 3 4 5 -0.121951 2.012195 0.304878 -0.004395 -0.073242 -0.969238 16.200000 -67.200000 51.600000 1330.000000
1 2 3 4 5 -0.060976 1.890244 0.365854 0.003418 -0.076660 -0.973633 0.000000 0.000000 0.000000 3167.000000
1 2 3 4 5 -0.121951 1.951220 0.365854 0.001953 -0.073730 -0.971680 0.000000 0.000000 0.000000 754.000000
1 2 3 4 5 -0.000000 2.073171 0.304878 -0.011719 -0.081543 -0.987793 16.800000 -70.200000 54.000000 2068.000000
1 2 3 4 5 -0.121951 1.829268 0.365854 0.000488 -0.082031 -0.979492 0.000000 0.000000 0.000000 1327.000000
1 2 3 4 5 -0.121951 1.951220 0.365854 -0.007813 -0.067383 -0.977051 0.000000 0.000000 0.000000 2089.000000
1 2 3 4 5 -0.060976 1.890244 0.304878 0.003418 -0.082031 -0.962891 19.200000 -69.600000 52.800000 2245.000000
1 2 3 4 5 -0.060976 1.951220 0.365854 0.004395 -0.071289 -0.973633 0.000000 0.000000 0.000000 303.000000
1 2 3 4 5 -0.060976 1.951220 0.426829 -0.006348 -0.081055 -0.976074 0.000000 0.000000 0.000000 889.000000
1 2 3 4 5 -0.121951 1.951220 0.304878 0.003418 -0.078613 -0.979492 18.000000 -67.200000 54.600000 2344.000000
1 2 3 4 5 -0.060976 1.951220 0.304878 -0.001953 -0.077637 -0.977051 0.000000 0.000000 0.000000 2368.000000
1 2 3 4 5 -0.060976 1.951220 0.365854 -0.004395 -0.068848 -0.978027 0.000000 0.000000 0.000000 2759.000000
1 2 3 4 5 -0.182927 2.012195 0.426829 -0.005859 -0.066895 -0.975098 18.600000 -70.200000 55.200000 -15.000000
1 2 3 4 5 -0.121951 1.951220 0.243902 -0.005859 -0.079102 -0.977051 0.000000 0.000000 0.000000 2301.000000
1 2 3 4 5 -0.060976 1.951220 0.304878 -0.003418 -0.075195 -0.976074 0.000000 0.000000 0.000000 2361.000000
1 2 3 4 5 -0.121951 2.012195 0.426829 -0.008789 -0.078613 -0.981445 15.000000 -68.400000 53.400000 2390.000000
1 2 3 4 5 -0.182927 1.951220 0.243902 -0.006348 -0.079102 -0.981934 0.000000 0.000000 0.000000 2242.000000
1 2 3 4 5 -0.121951 1.951220 0.365854 -0.005859 -0.073242 -0.989258 0.000000 0.000000 0.000000 686.000000
1 2 3 4 5 -0.060976 1.951220 0.487805 0.004395 -0.081055 -0.971680 19.200000 -67.200000 55.800000 2115.000000
