1 2 3 4 5 -0.182927 2.012195 0.426829 -0.000977 -0.070801 -0.981445 0.000000 0.000000 0.000000 1122.000000
1 2 3 4 5 -0.060976 1.951220 0.426829 -0.000977 -0.082031 -0.978027 0.000000 0.000000 0.000000 2433.000000
1 2 3 4 5 -0.121951 2.012195 0.365854 -0.003418 -0.079590 -0.975098 9.000000 -65.400000 52.200000 2021.000000
1 2 3 4 5 -0.060976 2.073171 0.365854 -0.001465 -0.070313 -0.988281 0.000000 0.000000 0.000000 1436.000000
1 2 3 4 5 -0.121951 2.012195 0.426829 -0.008301 -0.075195 -0.977051 0.000000 0.000000 0.000000 2451.000000
1 2 3 4 5 -0.060976 2.012195 0.487805 0.001953 -0.081055 -0.982422 6.600000 -69.000000 54.000000 2440.000000
1 2 3 4 5 -0.000000 1.951220 0.304878 -0.008301 -0.084473 -0.979492 0.000000 0.000000 0.000000 3585.000000
1 2 3 4 5 -0.121951 1.951220 0.426829 -0.003418 -0.080566 -0.964355 0.000000 0.000000 0.000000 1509.000000
1 2 3 4 5 -0.121951 1.951220 0.365854 -0.005371 -0.084961 -0.969727 7.800000 -69.600000 51.600000 1130.000000
1 2 3 4 5 -0.182927 1.951220 0.365854 -0.004883 -0.066406 -0.984375 0.000000 0.000000 0.000000 3344.000000
1 2 3 4 5 -0.182927 2.012195 0.426829 -0.005859 -0.065918 -0.984375 0.000000 0.000000 0.000000 3219.000000
1 2 3 4 5 -0.121951 2.012195 0.365854 -0.005859 -0.078613 -0.980957 8.400000 -70.200000 54.000000 3204.000000
1 2 3 4 5 -0.060976 2.073171 0.426829 -0.003418 -0.073730 -0.983887 0.000000 0.000000 0.000000 583.000000
1 2 3 4 5 -0.000000 2.012195 0.304878 -0.008789 -0.080078 -0.975098 0.000000 0.000000 0.000000 1212.000000
1 2 3 4 5 -0.121951 1.951220 0.426829 -0.004883 -0.074707 -0.973145 10.800000 -70.800000 51.600000 3039.000000
1 2 3 4 5 -0.121951 2.012195 0.365854 -0.011230 -0.085938 -0.975586 0.000000 0.000000 0.000000 2330.000000
1 2 3 4 5 -0.060976 2.012195 0.304878 -0.008301 -0.076660 -0.991699 0.000000 0.000000 0.000000 946.000000
1 2 3 4 5 -0.060976 2.012195 0.365854 -0.005371 -0.079590 -0.986328 8.400000 -66.600000 54.000000 1968.000000
1 2 3 4 5 -0.060976 1.951220 0.365854 -0.006836 -0.070801 -0.970703 0.000000 0.000000 0.000000 1629.000000
1 2 3 4 5 -0.182927 1.951220 0.365854 -0.007813 -0.077148 -0.966797 0.000000 0.000000 0.000000 2273.000000
1 2 3 4 5 -0.121951 1.951220 0.426829 -0.003418 -0.072754 -0.978027 9.000000 -73.800000 53.400000 1626.000000
1 2 3 4 5 -0.182927 2.073171 0.304878 -0.007324 -0.073730 -0.982910 0.000000 0.000000 0.000000 698.000000
1 2 3 4 5 -0.182927 2.012195 0.304878 -0.006348 -0.077148 -0.974121 0.000000 0.000000 0.000000 2566.000000
1 2 3 4 5 -0.182927 1.890244 0.365854 -0.005859 -0.075195 -0.977051 6.600000 -66.000000 52.800000 2106.000000
1 2 3 4 5 -0.060976 2.012195 0.426829 -0.002930 -0.075684 -0.978027 0.000000 0.000000 0.000000 2741.000000
1 2 3 4 5 -0.000000 1.890244 0.365854 -0.003906 -0.073242 -0.964844 0.000000 0.000000 0.000000 722.000000
1 2 3 4 5 -0.000000 2.073171 0.365854 -0.012695 -0.070313 -0.982910 6.600000 -67.800000 54.000000 1516.000000
1 2 3 4 5 -0.121951 1.829268 0.365854 -0.004395 -0.077148 -0.992676 0.000000 0.000000 0.000000 4828.000000
1 2 3 4 5 -0.121951 2.073171 0.365854 -0.000977 -0.079590 -0.988281 0.000000 0.000000 0.000000 2113.000000
1 2 3 4 5 -0.060976 1.890244 0.426829 -0.006348 -0.076660 -0.969727 6.600000 -67.200000 53.400000 4060.000000
1 2 3 4 5 -0.060976 2.012195 0.365854 0.002441 -0.078613 -0.979492 0.000000 0.000000 0.000000 2338.000000
1 2 3 4 5 -0.060976 2.012195 0.365854 -0.001953 -0.076660 -0.977051 0.000000 0.000000 0.000000 1966.000000
1 2 3 4 5 -0.000000 1.951220 0.365854 -0.000977 -0.078125 -0.970703 10.800000 -70.800000 54.000000 3163.000000
1 2 3 4 5 -0.060976 2.012195 0.426829 -0.003906 -0.078125 -0.963867 0.000000 0.000000 0.000000 1340.000000
1 2 3 4 5 -0.121951 2.012195 0.426829 -0.004395 -0.071289 -0.992676 0.000000 0.000000 0.000000 2942.000000
1 2 3 4 5 -0.121951 2.012195 0.426829 -0.006836 -0.079102 -0.985352 10.800000 -69.000000 55.800000 2305.000000
1 2 3 4 5 -0.060976 2.012195 0.426829 0.001953 -0.082031 -0.991699 0.000000 0.000000 0.000000 2883.000000
1 2 3 4 5 -0.121951 2.012195 0.426829 -0.003418 -0.071289 -0.975098 0.000000 0.000000 0.000000 3966.000000
1 2 3 4 5 -0.121951 1.890244 0.487805 -0.002930 -0.073730 -0.979004 10.800000 -68.400000 55.200000 3990.000000
1 2 3 4 5 -0.060976 2.012195 0.304878 -0.008301 -0.081543 -0.969238 0.000000 0.000000 0.000000 4306.000000
1 2 3 4 5 -0.000000 2.073171 0.365854 -0.001953 -0.080078 -0.982910 0.000000 0.000000 0.000000 2682.000000
1 2 3 4 5 -0.182927 1.890244 0.365854 -0.003418 -0.072754 -0.967285 8.400000 -70.200000 55.200000 2440.000000
1 2 3 4 5 -0.121951 1.890244 0.426829 -0.007813 -0.080566 -0.978516 0.000000 0.000000 0.000000 5415.000000
1 2 3 4 5 -0.060976 1.951220 0.426829 -0.005371 -0.078125 -0.984375 0.000000 0.000000 0.000000 1838.000000
1 2 3 4 5 -0.060976 1.951220 0.304878 0.000488 -0.083496 -0.989258 9.600000 -70.800000 54.600000 1919.000000
1 2 3 4 5 -0.060976 1.890244 0.365854 -0.001953 -0.079590 -0.966797 0.000000 0.000000 0.000000 2100.000000
1 2 3 4 5 -0.000000 1.951220 0.426829 -0.000488 -0.068359 -0.986328 0.000000 0.000000 0.000000 980.000000
1 2 3 4 5 -0.121951 1.951220 0.365854 -0.010254 -0.075195 -0.979492 7.200000 -69.000000 52.200000 2669.000000
1 2 3 4 5 -0.121951 2.012195 0.426829 -0.013672 -0.077148 -0.980957 0.000000 0.000000 0.000000 974.000000
1 2 3 4 5 -0.121951 2.012195 0.426829 -0.000488 -0.070801 -0.980469 0.000000 0.000000 0.000000 2293.000000
1 2 3 4 5 -0.121951 2.134146 0.365854 0.000488 -0.077148 -0.980957 9.000000 -66.000000 53.400000 2793.000000
1 2 3 4 5 -0.060976 2.012195 0.365854 -0.007813 -0.077637 -0.980957 0.000000 0.000000 0.000000 1251.000000
1 2 3 4 5 -0.121951 2.073171 0.426829 -0.007324 -0.070801 -0.977051 0.000000 0.000000 0.000000 2182.000000
1 2 3 4 5 -0.182927 1.890244 0.304878 -0.008301 -0.078125 -0.991699 8.400000 -70.200000 54.600000 1558.000000
1 2 3 4 5 -0.121951 2.073171 0.365854 -0.005371 -0.072266 -0.981934 0.000000 0.000000 0.000000 2307.000000
1 2 3 4 5 -0.182927 1.951220 0.426829 -0.005371 -0.063965 -0.976563 0.000000 0.000000 0.000000 2860.000000
1 2 3 4 5 -0.060976 2.012195 0.487805 -0.004883 -0.084961 -0.978027 3.600000 -69.000000 54.600000 1425.000000
1 2 3 4 5 -0.060976 1.951220 0.426829 -0.002930 -0.077148 -0.974121 0.000000 0.000000 0.000000 2501.000000
1 2 3 4 5 -0.121951 1.951220 0.304878 -0.006348 -0.082520 -0.982422 0.000000 0.000000 0.000000 2427.000000
1 2 3 4 5 -0.121951 1.951220 0.365854 -0.010254 -0.081055 -0.984863 6.600000 -69.600000 54.000000 1854.000000
1 2 3 4 5 -0.121951 1.951220 0.426829 -0.001953 -0.083984 -0.984863 0.000000 0.000000 0.000000 2988.000000
1 2 3 4 5 -0.060976 2.012195 0.365854 -0.015137 -0.079590 -0.960449 0.000000 0.000000 0.000000 3331.000000
1 2 3 4 5 -0.121951 2.012195 0.365854 -0.007813 -0.064453 -0.972168 7.200000 -75.600000 55.200000 2571.000000
1 2 3 4 5 -0.182927 2.012195 0.365854 -0.003906 -0.081055 -0.976563 0.000000 0.000000 0.000000 4360.000000
1 2 3 4 5 -0.121951 2.012195 0.426829 0.000488 -0.074707 -0.967773 0.000000 0.000000 0.000000 3192.000000
1 2 3 4 5 -0.060976 2.073171 0.365854 0.000488 -0.077148 -0.980957 8.400000 -69.000000 52.800000 3775.000000
1 2 3 4 5 -0.182927 2.012195 0.426829 -0.005859 -0.078125 -0.971191 0.000000 0.000000 0.000000 1323.000000
1 2 3 4 5 -0.121951 1.890244 0.304878 -0.003418 -0.078125 -0.967773 0.000000 0.000000 0.000000 2476.000000
1 2 3 4 5 -0.060976 2.012195 0.487805 -0.005371 -0.070313 -0.984375 10.800000 -67.800000 54.000000 3144.000000
1 2 3 4 5 -0.000000 1.890244 0.365854 -0.008301 -0.079590 -0.972168 0.000000 0.000000 0.000000 2975.000000
1 2 3 4 5 -0.121951 1.951220 0.426829 0.000977 -0.078125 -0.988770 0.000000 0.000000 0.000000 2852.000000
1 2 3 4 5 -0.121951 2.012195 0.426829 -0.005859 -0.078613 -0.994141 10.200000 -72.000000 55.800000 3030.000000
1 2 3 4 5 -0.182927 2.012195 0.426829 -0.001953 -0.073242 -0.995117 0.000000 0.000000 0.000000 1532.000000
1 2 3 4 5 -0.243902 2.012195 0.365854 -0.005859 -0.068359 -1.003418 0.000000 0.000000 0.000000 2425.000000
1 2 3 4 5 -0.121951 2.073171 0.426829 -0.003906 -0.072266 -0.970215 7.200000 -63.600000 54.600000 1339.000000
1 2 3 4 5 -0.243902 2.012195 0.365854 0.002930 -0.081055 -0.973145 0.000000 0.000000 0.000000 1768.000000
1 2 3 4 5 -0.243902 1.890244 0.304878 -0.010254 -0.069824 -0.971191 0.000000 0.000000 0.000000 1554.000000
1 2 3 4 5 -0.060976 2.012195 0.365854 -0.007324 -0.072754 -0.996094 7.200000 -67.800000 52.800000 4120.000000
1 2 3 4 5 -0.121951 2.012195 0.487805 0.000977 -0.071777 -0.975098 0.000000 0.000000 0.000000 3220.000000
1 2 3 4 5 -0.182927 2.012195 0.426829 -0.007813 -0.074707 -0.974121 0.000000 0.000000 0.000000 3084.000000
1 2 3 4 5 -0.000000 1.890244 0.304878 -0.006836 -0.078613 -0.981934 9.000000 -69.600000 52.200000 2422.000000
1 2 3 4 5 -0.182927 2.012195 0.426829 0.002441 -0.076660 -0.981934 0.000000 0.000000 0.000000 3178.000000
1 2 3 4 5 -0.121951 1.951220 0.365854 0.000488 -0.079590 -0.969727 0.000000 0.000000 0.000000 3093.000000
1 2 3 4 5 -0.121951 2.012195 0.365854 -0.006348 -0.078125 -0.983398 10.200000 -69.000000 54.600000 2469.000000
1 2 3 4 5 -0.121951 1.951220 0.426829 -0.002930 -0.073730 -0.977539 0.000000 0.000000 0.000000 1235.000000
1 2 3 4 5 -0.182927 2.073171 0.365854 -0.010742 -0.072266 -0.977051 0.000000 0.000000 0.000000 2323.000000
1 2 3 4 5 -0.182927 2.012195 0.365854 0.002441 -0.073730 -0.982910 10.800000 -63.000000 54.600000 2012.000000
1 2 3 4 5 -0.121951 1.890244 0.365854 -0.003906 -0.073730 -0.982910 0.000000 0.000000 0.000000 3913.000000
1 2 3 4 5 -0.060976 2.012195 0.426829 -0.003418 -0.079102 -0.986816 0.000000 0.000000 0.000000 1938.000000
1 2 3 4 5 -0.182927 1.951220 0.304878 0.004883 -0.075684 -0.975586 10.800000 -69.000000 54.000000 1931.000000
1 2 3 4 5 -0.243902 1.951220 0.365854 -0.008789 -0.079590 -0.979492 0.000000 0.000000 0.000000 4011.000000
1 2 3 4 5 -0.060976 1.951220 0.487805 -0.003418 -0.071289 -0.978516 0.000000 0.000000 0.000000 2253.000000
1 2 3 4 5 -0.060976 2.012195 0.365854 -0.006348 -0.077148 -0.961426 12.000000 -65.400000 54.000000 1372.000000
1 2 3 4 5 -0.121951 1.951220 0.365854 -0.003906 -0.078613 -0.973633 0.000000 0.000000 0.000000 1881.000000
1 2 3 4 5 -0.121951 1.951220 0.304878 0.000977 -0.080566 -0.980957 0.000000 0.000000 0.000000 1440.000000
1 2 3 4 5 -0.060976 1.951220 0.426829 0.001465 -0.063965 -0.980957 4.800000 -69.000000 56.400000 3754.000000
1 2 3 4 5 -0.060976 2.073171 0.365854 -0.008301 -0.076660 -0.980469 0.000000 0.000000 0.000000 2334.000000
1 2 3 4 5 -0.060976 2.073171 0.365854 -0.006348 -0.070801 -0.981934 0.000000 0.000000 0.000000 1745.000000
1 2 3 4 5 -0.060976 2.012195 0.304878 -0.001465 -0.081543 -0.974121 9.000000 -64.200000 55.200000 2285.000000
1 2 3 4 5 -0.182927 2.012195 0.365854 -0.003906 -0.078125 -0.986816 0.000000 0.000000 0.000000 1581.000000
1 2 3 4 5 -0.182927 1.951220 0.426829 -0.004395 -0.079590 -0.982910 0.000000 0.000000 0.000000 3076.000000
1 2 3 4 5 -0.182927 1.951220 0.365854 -0.004395 -0.075195 -0.968262 7.200000 -70.200000 52.800000 219.000000
1 2 3 4 5 -0.182927 2.012195 0.365854 -0.007324 -0.070313 -0.987305 0.000000 0.000000 0.000000 1347.000000
1 2 3 4 5 -0.060976 2.073171 0.365854 -0.010254 -0.067383 -0.979492 0.000000 0.000000 0.000000 2355.000000
1 2 3 4 5 -0.060976 1.951220 0.304878 0.001465 -0.077637 -0.977539 13.800000 -67.800000 56.400000 1999.000000
1 2 3 4 5 -0.121951 1.951220 0.365854 -0.002930 -0.072266 -0.970215 0.000000 0.000000 0.000000 2471.000000
1 2 3 4 5 -0.182927 2.073171 0.365854 0.000488 -0.085449 -0.978027 0.000000 0.000000 0.000000 728.000000
1 2 3 4 5 -0.060976 2.012195 0.365854 -0.003906 -0.079102 -0.975586 10.800000 -67.800000 55.200000 758.000000
1 2 3 4 5 -0.060976 1.951220 0.365854 -0.008301 -0.069824 -0.986328 0.000000 0.000000 0.000000 2628.000000
1 2 3 4 5 -0.121951 2.012195 0.365854 -0.004395 -0.070313 -0.991699 0.000000 0.000000 0.000000 848.000000
1 2 3 4 5 -0.060976 2.073171 0.243902 -0.007813 -0.066406 -0.983398 10.800000 -70.200000 57.000000 2978.000000
1 2 3 4 5 -0.182927 2.073171 0.365854 -0.005859 -0.082031 -0.982910 0.000000 0.000000 0.000000 1101.000000
1 2 3 4 5 -0.121951 1.951220 0.487805 -0.000977 -0.080566 -0.980469 0.000000 0.000000 0.000000 541.000000
1 2 3 4 5 -0.060976 2.073171 0.426829 -0.001953 -0.079102 -0.971191 11.400000 -66.000000 55.800000 2252.000000
1 2 3 4 5 -0.060976 2.012195 0.304878 -0.002441 -0.073730 -0.982910 0.000000 0.000000 0.000000 1101.000000
1 2 3 4 5 -0.121951 1.951220 0.365854 -0.007813 -0.068848 -0.982910 0.000000 0.000000 0.000000 2252.000000
1 2 3 4 5 -0.121951 1.951220 0.304878 -0.011230 -0.073730 -0.962402 7.200000 -67.800000 57.000000 4836.000000
1 2 3 4 5 -0.060976 2.012195 0.426829 -0.002441 -0.079102 -0.983398 0.000000 0.000000 0.000000 879.000000
1 2 3 4 5 -0.121951 1.951220 0.243902 -0.001953 -0.074219 -0.964844 0.000000 0.000000 0.000000 3722.000000
1 2 3 4 5 -0.182927 1.951220 0.304878 -0.001953 -0.072754 -0.973633 9.000000 -73.200000 55.800000 1441.000000
1 2 3 4 5 -0.060976 2.012195 0.365854 -0.004883 -0.083496 -0.986328 0.000000 0.000000 0.000000 2268.000000
1 2 3 4 5 -0.121951 1.951220 0.304878 -0.003418 -0.079102 -0.973145 0.000000 0.000000 0.000000 5026.000000
1 2 3 4 5 -0.182927 2.012195 0.426829 -0.000488 -0.073730 -0.973633 10.800000 -69.600000 52.200000 2992.000000
1 2 3 4 5 -0.060976 1.951220 0.304878 -0.006836 -0.075684 -0.976074 0.000000 0.000000 0.000000 3377.000000
1 2 3 4 5 -0.121951 1.951220 0.304878 0.000488 -0.070801 -0.974121 0.000000 0.000000 0.000000 576.000000
1 2 3 4 5 -0.121951 2.012195 0.304878 -0.002930 -0.079102 -0.971680 9.600000 -68.400000 53.400000 485.000000
1 2 3 4 5 -0.121951 1.951220 0.304878 -0.004883 -0.082520 -0.986816 0.000000 0.000000 0.000000 4839.000000
1 2 3 4 5 -0.060976 1.951220 0.304878 -0.001953 -0.081543 -0.982422 0.000000 0.000000 0.000000 866.000000
1 2 3 4 5 -0.182927 2.012195 0.365854 0.005371 -0.074707 -0.978027 10.800000 -68.400000 54.600000 5160.000000
1 2 3 4 5 -0.243902 2.134146 0.365854 -0.003906 -0.077637 -0.991699 0.000000 0.000000 0.000000 877.000000
1 2 3 4 5 -0.060976 2.012195 0.304878 -0.009766 -0.075195 -0.992188 0.000000 0.000000 0.000000 684.000000
1 2 3 4 5 -0.121951 1.951220 0.426829 -0.001953 -0.077637 -0.970215 10.200000 -65.400000 54.000000 2639.000000
1 2 3 4 5 -0.121951 2.012195 0.243902 -0.005371 -0.085449 -0.978027 0.000000 0.000000 0.000000 1908.000000
1 2 3 4 5 -0.000000 2.012195 0.365854 -0.002441 -0.078125 -0.978027 0.000000 0.000000 0.000000 2732.000000
1 2 3 4 5 -0.060976 1.890244 0.426829 0.001465 -0.074219 -0.978027 6.600000 -69.000000 54.600000 3533.000000
1 2 3 4 5 -0.121951 2.134146 0.426829 -0.006836 -0.073730 -0.979492 0.000000 0.000000 0.000000 1338.000000
1 2 3 4 5 -0.182927 2.073171 0.304878 -0.000977 -0.072754 -0.982910 0.000000 0.000000 0.000000 3689.000000
1 2 3 4 5 -0.182927 2.012195 0.426829 -0.006348 -0.074707 -0.966309 9.000000 -66.600000 56.400000 1895.000000
1 2 3 4 5 -0.121951 2.012195 0.426829 -0.010742 -0.083496 -0.980957 0.000000 0.000000 0.000000 1626.000000
1 2 3 4 5 -0.121951 2.012195 0.365854 -0.001465 -0.082520 -0.977539 0.000000 0.000000 0.000000 3205.000000
1 2 3 4 5 -0.121951 2.012195 0.365854 -0.006836 -0.074219 -0.980469 10.800000 -69.600000 51.600000 1179.000000
1 2 3 4 5 -0.060976 2.012195 0.365854 -0.004883 -0.077637 -0.975098 0.000000 0.000000 0.000000 3285.000000
1 2 3 4 5 -0.000000 1.951220 0.426829 -0.004395 -0.074219 -0.959473 0.000000 0.000000 0.000000 1072.000000
1 2 3 4 5 -0.121951 2.012195 0.365854 -0.005371 -0.083496 -0.984375 13.200000 -67.800000 55.200000 3321.000000
1 2 3 4 5 -0.121951 1.890244 0.365854 0.002441 -0.079102 -0.978516 0.000000 0.000000 0.000000 4210.000000
1 2 3 4 5 -0.182927 1.951220 0.304878 0.000488 -0.076660 -0.974121 0.000000 0.000000 0.000000 4191.000000
1 2 3 4 5 -0.243902 2.012195 0.426829 0.000977 -0.080078 -0.977539 11.400000 -73.800000 52.200000 4255.000000
1 2 3 4 5 -0.182927 2.012195 0.365854 0.000488 -0.074219 -0.978516 0.000000 0.000000 0.000000 2646.000000
1 2 3 4 5 -0.121951 2.073171 0.426829 -0.005859 -0.064941 -0.980469 0.000000 0.000000 0.000000 3510.000000
1 2 3 4 5 -0.121951 1.951220 0.365854 -0.002441 -0.079102 -0.975098 12.000000 -69.000000 53.400000 3401.000000
1 2 3 4 5 -0.182927 2.012195 0.365854 -0.000488 -0.078125 -0.977051 0.000000 0.000000 0.000000 2080.000000
1 2 3 4 5 -0.121951 1.951220 0.426829 -0.005371 -0.087402 -0.983887 0.000000 0.000000 0.000000 2426.000000
1 2 3 4 5 -0.182927 2.012195 0.365854 -0.006348 -0.082520 -0.967773 7.800000 -70.800000 55.200000 3573.000000
1 2 3 4 5 -0.060976 1.951220 0.365854 -0.005859 -0.079102 -0.972656 0.000000 0.000000 0.000000 3011.000000
1 2 3 4 5 -0.000000 2.012195 0.304878 -0.005859 -0.077148 -0.970703 0.000000 0.000000 0.000000 3582.000000
1 2 3 4 5 -0.060976 2.012195 0.304878 -0.010254 -0.082520 -0.978027 6.600000 -70.800000 55.200000 3426.000000
1 2 3 4 5 -0.121951 1.951220 0.304878 -0.005859 -0.081543 -0.961914 0.000000 0.000000 0.000000 2557.000000
1 2 3 4 5 -0.182927 2.012195 0.365854 -0.003906 -0.078125 -0.967285 0.000000 0.000000 0.000000 4223.000000
1 2 3 4 5 -0.060976 1.951220 0.365854 -0.010254 -0.071289 -0.975098 10.200000 -70.200000 56.400000 3126.000000
1 2 3 4 5 -0.060976 2.012195 0.426829 -0.000488 -0.072266 -0.976563 0.000000 0.000000 0.000000 3792.000000
1 2 3 4 5 -0.182927 2.012195 0.487805 0.000977 -0.074219 -0.984863 0.000000 0.000000 0.000000 2043.000000
1 2 3 4 5 -0.182927 1.951220 0.426829 -0.000488 -0.075684 -0.990723 10.800000 -68.400000 53.400000 2713.000000
1 2 3 4 5 -0.182927 2.073171 0.426829 -0.010742 -0.084473 -0.979492 0.000000 0.000000 0.000000 2963.000000
1 2 3 4 5 -0.121951 2.012195 0.304878 0.004883 -0.077148 -0.971680 0.000000 0.000000 0.000000 3266.000000
1 2 3 4 5 -0.121951 2.012195 0.426829 -0.009766 -0.077148 -0.990234 7.200000 -67.800000 54.600000 3637.000000
1 2 3 4 5 -0.060976 1.951220 0.426829 -0.009766 -0.077637 -0.981445 0.000000 0.000000 0.000000 2870.000000
1 2 3 4 5 -0.182927 1.951220 0.426829 -0.013184 -0.076660 -0.980469 0.000000 0.000000 0.000000 3826.000000
1 2 3 4 5 -0.121951 2.012195 0.365854 -0.011719 -0.076660 -0.969727 10.800000 -66.000000 52.800000 3984.000000
1 2 3 4 5 -0.000000 1.890244 0.426829 -0.013672 -0.084473 -0.995605 0.000000 0.000000 0.000000 3255.000000
1 2 3 4 5 -0.121951 1.951220 0.304878 -0.006348 -0.083984 -0.978516 0.000000 0.000000 0.000000 3313.000000
1 2 3 4 5 -0.060976 2.073171 0.304878 -0.010742 -0.081055 -0.988281 11.400000 -70.800000 54.000000 2008.000000
1 2 3 4 5 -0.121951 2.012195 0.426829 -0.002930 -0.077637 -0.988281 0.000000 0.000000 0.000000 3655.000000
1 2 3 4 5 -0.121951 1.890244 0.426829 -0.004395 -0.082520 -0.972656 0.000000 0.000000 0.000000 2321.000000
1 2 3 4 5 -0.060976 1.951220 0.365854 -0.001953 -0.073242 -0.982422 8.400000 -63.600000 56.400000 3617.000000
1 2 3 4 5 -0.121951 2.012195 0.365854 0.000488 -0.073730 -0.992188 0.000000 0.000000 0.000000 5297.000000
1 2 3 4 5 -0.060976 2.012195 0.365854 -0.006836 -0.073242 -0.978027 0.000000 0.000000 0.000000 5905.000000
1 2 3 4 5 -0.121951 2.073171 0.426829 -0.003906 -0.071777 -0.971680 10.200000 -74.400000 53.400000 5715.000000
1 2 3 4 5 -0.182927 2.134146 0.365854 -0.007813 -0.075195 -0.972656 0.000000 0.000000 0.000000 3545.000000
1 2 3 4 5 -0.060976 1.951220 0.426829 -0.017090 -0.079102 -0.980469 0.000000 0.000000 0.000000 1421.000000
1 2 3 4 5 -0.060976 2.012195 0.365854 0.001465 -0.062988 -0.981934 9.000000 -72.600000 53.400000 2748.000000
1 2 3 4 5 -0.121951 2.012195 0.304878 -0.011230 -0.080078 -0.978027 0.000000 0.000000 0.000000 3873.000000
1 2 3 4 5 -0.121951 2.012195 0.304878 -0.002930 -0.073242 -0.981934 0.000000 0.000000 0.000000 3302.000000
1 2 3 4 5 -0.182927 2.134146 0.304878 0.001465 -0.078613 -0.993652 9.000000 -69.600000 54.600000 2210.000000
1 2 3 4 5 -0.304878 1.890244 0.426829 -0.005859 -0.078613 -0.990234 0.000000 0.000000 0.000000 2739.000000
1 2 3 4 5 -0.182927 2.134146 0.304878 -0.000977 -0.071777 -1.004883 0.000000 0.000000 0.000000 2980.000000
1 2 3 4 5 -0.121951 2.073171 0.365854 -0.008301 -0.085938 -1.012207 8.400000 -72.000000 55.800000 3152.000000
1 2 3 4 5 -0.121951 2.012195 0.426829 -0.002930 -0.086914 -1.001465 0.000000 0.000000 0.000000 2145.000000
1 2 3 4 5 -0.182927 1.829268 0.365854 0.004883 -0.071777 -0.999512 0.000000 0.000000 0.000000 921.000000
1 2 3 4 5 -0.243902 1.768293 0.365854 -0.004883 -0.074707 -0.966797 10.800000 -70.200000 55.800000 663.000000
1 2 3 4 5 -0.060976 1.890244 0.365854 -0.015625 -0.074219 -0.975098 0.000000 0.000000 0.000000 3485.000000
1 2 3 4 5 -0.060976 1.951220 0.426829 -0.000977 -0.075195 -0.975098 0.000000 0.000000 0.000000 2186.000000
1 2 3 4 5 -0.060976 1.951220 0.365854 -0.001953 -0.078125 -0.977051 7.800000 -68.400000 54.600000 1936.000000
1 2 3 4 5 -0.121951 1.951220 0.365854 -0.003906 -0.074219 -0.974121 0.000000 0.000000 0.000000 1958.000000
1 2 3 4 5 -0.060976 1.951220 0.304878 0.004395 -0.072754 -0.970703 0.000000 0.000000 0.000000 736.000000
1 2 3 4 5 -0.060976 1.951220 0.487805 -0.003418 -0.077637 -0.982910 8.400000 -63.600000 54.600000 4397.000000
1 2 3 4 5 -0.000000 1.951220 0.487805 -0.010742 -0.081055 -0.979004 0.000000 0.000000 0.000000 90.000000
1 2 3 4 5 -0.060976 2.073171 0.426829 -0.002930 -0.085938 -0.989258 0.000000 0.000000 0.000000 2495.000000
1 2 3 4 5 0.060976 2.804878 0.182927 0.020996 -0.091797 -0.981934 9.000000 -72.600000 52.800000 5407.000000
1 2 3 4 5 -0.243902 2.682927 0.304878 0.014160 -0.062012 -1.021973 0.000000 0.000000 0.000000 4240.000000
1 2 3 4 5 -0.121951 2.378049 0.365854 0.011230 -0.099609 -1.149414 0.000000 0.000000 0.000000 5651.000000
1 2 3 4 5 -0.060976 2.195122 0.365854 0.004883 -0.083984 -0.986328 11.400000 -69.600000 55.200000 1125.000000
1 2 3 4 5 -0.121951 2.012195 0.426829 0.004395 -0.077637 -1.005371 0.000000 0.000000 0.000000 2474.000000
1 2 3 4 5 -0.182927 2.012195 0.365854 0.008789 -0.072266 -1.003906 0.000000 0.000000 0.000000 2416.000000
1 2 3 4 5 -0.060976 2.073171 0.365854 0.000977 -0.078613 -1.044434 4.800000 -67.800000 54.600000 918.000000
1 2 3 4 5 -0.182927 1.829268 0.365854 -0.014160 -0.074707 -0.986328 0.000000 0.000000 0.000000 1406.000000
1 2 3 4 5 -0.121951 1.829268 0.304878 -0.000488 -0.076660 -0.960449 0.000000 0.000000 0.000000 2040.000000
1 2 3 4 5 -0.060976 1.951220 0.426829 0.001953 -0.086426 -1.016602 10.800000 -72.600000 54.600000 1515.000000
1 2 3 4 5 -0.121951 2.073171 0.365854 -0.005859 -0.079590 -0.971191 0.000000 0.000000 0.000000 3460.000000
1 2 3 4 5 -0.060976 1.951220 0.304878 -0.000977 -0.072754 -0.959473 0.000000 0.000000 0.000000 1793.000000
1 2 3 4 5 -0.060976 2.012195 0.365854 -0.006348 -0.068848 -0.978027 10.800000 -76.200000 51.000000 2105.000000
1 2 3 4 5 -0.121951 1.890244 0.487805 -0.011719 -0.081055 -0.988770 0.000000 0.000000 0.000000 1827.000000
1 2 3 4 5 -0.060976 2.012195 0.304878 0.003906 -0.075195 -0.964844 0.000000 0.000000 0.000000 423.000000
1 2 3 4 5 -0.121951 1.951220 0.365854 -0.007813 -0.075684 -1.010254 12.600000 -70.800000 52.200000 2185.000000
1 2 3 4 5 -0.060976 1.951220 0.365854 -0.010254 -0.074707 -0.978516 0.000000 0.000000 0.000000 1005.000000
1 2 3 4 5 0.060976 1.951220 0.243902 -0.014160 -0.073242 -0.987305 0.000000 0.000000 0.000000 424.000000
1 2 3 4 5 -0.121951 1.951220 0.426829 -0.001465 -0.086426 -0.937988 8.400000 -69.000000 54.000000 3256.000000
1 2 3 4 5 -0.060976 2.195122 0.670732 -0.023926 -0.050293 -1.009277 0.000000 0.000000 0.000000 675.000000
1 2 3 4 5 -0.304878 2.073171 0.304878 -0.014160 -0.039551 -0.970215 0.000000 0.000000 0.000000 3233.000000
1 2 3 4 5 -0.121951 2.134146 0.487805 -0.005859 -0.086914 -0.977051 9.000000 -73.800000 54.600000 1274.000000
1 2 3 4 5 0.121951 1.890244 0.304878 -0.004395 -0.074219 -0.988770 0.000000 0.000000 0.000000 1142.000000
1 2 3 4 5 -0.182927 1.890244 0.243902 0.005859 -0.080078 -0.978516 0.000000 0.000000 0.000000 1976.000000
1 2 3 4 5 -0.243902 1.280488 0.609756 -0.005371 -0.097656 -1.058594 11.400000 -69.600000 55.200000 736.000000
1 2 3 4 5 -0.670732 0.548780 2.987805 0.020508 -0.390137 -0.973633 0.000000 0.000000 0.000000 3089.000000
1 2 3 4 5 -0.243902 5.182927 34.268293 -0.133301 0.287109 -1.064453 0.000000 0.000000 0.000000 2258.000000
1 2 3 4 5 -0.426829 2.439024 14.085366 0.079590 0.340332 -0.956055 7.800000 -72.600000 51.600000 2023.000000
1 2 3 4 5 0.975610 2.439024 -1.646341 0.020996 -0.080078 -0.962402 0.000000 0.000000 0.000000 2895.000000
1 2 3 4 5 0.121951 1.463415 -0.853659 -0.034180 -0.079590 -0.914551 0.000000 0.000000 0.000000 2313.000000
1 2 3 4 5 2.500000 -4.146341 -21.280488 -0.017578 -0.164551 -1.233398 9.000000 -69.000000 52.800000 2956.000000
1 2 3 4 5 8.719512 -24.268293 -21.341463 -0.163086 0.143066 -1.502441 0.000000 0.000000 0.000000 2289.000000
1 2 3 4 5 37.987805 -55.792683 -33.780488 -0.049316 0.187012 -1.828125 0.000000 0.000000 0.000000 1072.000000
1 2 3 4 5 49.878049 -104.695122 -49.207317 -0.051270 0.062988 -1.413086 9.000000 -68.400000 54.000000 3476.000000
1 2 3 4 5 36.219512 -117.378049 -56.280488 -0.012207 -0.020508 -0.957031 0.000000 0.000000 0.000000 4698.000000
1 2 3 4 5 26.951220 -122.378049 -57.621951 -0.149902 -0.358398 -1.152344 0.000000 0.000000 0.000000 4262.000000
1 2 3 4 5 70.609756 -132.317073 -78.414634 -0.266113 0.510742 -1.462891 12.600000 -68.400000 54.000000 6990.000000
1 2 3 4 5 122.073171 -130.365854 -130.975610 -0.014160 0.558105 -1.173828 0.000000 0.000000 0.000000 3632.000000
1 2 3 4 5 112.439024 -125.792683 -191.707317 0.521484 -0.501465 -0.729492 0.000000 0.000000 0.000000 5122.000000
1 2 3 4 5 4.451220 -101.890244 -156.158537 -0.360352 -0.175293 -0.939941 24.600000 -59.400000 60.000000 3939.000000
1 2 3 4 5 -35.548780 -82.256098 -160.975610 -0.429688 -0.770996 -0.726563 0.000000 0.000000 0.000000 2604.000000
1 2 3 4 5 -106.402439 -76.951220 -104.878049 -0.587402 -0.759766 -0.957031 0.000000 0.000000 0.000000 4662.000000
1 2 3 4 5 -129.207317 -78.719512 -83.414634 -0.390625 -0.747070 -1.029297 37.800000 -40.800000 64.200000 4505.000000
1 2 3 4 5 -128.780488 -80.487805 -71.585366 -0.339844 -0.448242 -0.807129 0.000000 0.000000 0.000000 5944.000000
1 2 3 4 5 -119.817073 -57.317073 -65.731707 -0.596191 -0.159668 -0.420410 0.000000 0.000000 0.000000 1824.000000
1 2 3 4 5 -99.146341 -38.841463 -75.365854 -0.453125 -0.012695 -0.921875 36.000000 -27.600000 71.400000 1340.000000
1 2 3 4 5 -71.036585 -44.939024 -81.097561 -0.167480 -0.009766 -0.673828 0.000000 0.000000 0.000000 2368.000000
1 2 3 4 5 -23.780488 -51.341463 -94.329268 0.067871 -0.100586 -0.471680 0.000000 0.000000 0.000000 4961.000000
1 2 3 4 5 9.451220 -43.719512 -89.207317 -0.182617 -0.421387 -0.586914 42.600000 -23.400000 70.800000 4270.000000
1 2 3 4 5 -22.317073 -38.902439 -83.292683 -0.289063 -0.196777 -0.565430 0.000000 0.000000 0.000000 3167.000000
1 2 3 4 5 -8.597561 -17.439024 -72.195122 -0.425781 -0.291016 -0.558105 0.000000 0.000000 0.000000 3889.000000
1 2 3 4 5 7.317073 -11.829268 -60.792683 -0.458496 -0.147461 -0.604492 41.400000 -16.800000 73.200000 3764.000000
1 2 3 4 5 19.390244 -2.195122 -61.951220 -0.545898 -0.039551 -0.622559 0.000000 0.000000 0.000000 2416.000000
1 2 3 4 5 74.634146 21.341463 -88.353659 -0.532715 0.036621 -0.623535 0.000000 0.000000 0.000000 2789.000000
1 2 3 4 5 85.975610 32.256098 -126.829268 -0.424316 -0.039551 -0.746582 39.600000 -7.800000 77.400000 2794.000000
1 2 3 4 5 81.036585 24.329268 -154.756098 -0.284180 -0.178223 -0.676758 0.000000 0.000000 0.000000 2520.000000
1 2 3 4 5 63.658537 9.024390 -160.548780 -0.208496 -0.330566 -0.643555 0.000000 0.000000 0.000000 2033.000000
1 2 3 4 5 55.731707 -4.390244 -135.548780 -0.137207 -0.557129 -0.641602 36.600000 -0.600000 76.800000 1075.000000
1 2 3 4 5 30.365854 -9.146341 -79.573171 -0.079102 -0.797363 -0.648438 0.000000 0.000000 0.000000 1279.000000
1 2 3 4 5 1.219512 -13.109756 -23.048780 -0.177246 -0.725098 -0.826172 0.000000 0.000000 0.000000 2267.000000
1 2 3 4 5 -2.317073 -30.365854 3.475610 -0.334961 -0.526855 -0.998535 27.600000 15.000000 78.600000 1618.000000
1 2 3 4 5 7.195122 -44.390244 -7.926829 -0.343262 -0.509766 -0.935547 0.000000 0.000000 0.000000 1615.000000
1 2 3 4 5 35.914634 -38.475610 -23.414634 -0.403320 -0.750488 -0.956055 0.000000 0.000000 0.000000 523.000000
1 2 3 4 5 36.524390 -29.085366 -22.500000 -0.467285 -1.079102 -1.067383 19.200000 27.000000 80.400000 2025.000000
1 2 3 4 5 -10.121951 -26.829268 -10.243902 -0.436035 -0.984863 -1.162109 0.000000 0.000000 0.000000 2232.000000
1 2 3 4 5 -37.073171 -31.402439 -23.231707 -0.425293 -0.647949 -1.138672 0.000000 0.000000 0.000000 1481.000000
1 2 3 4 5 -17.439024 -29.390244 -50.304878 -0.443359 -0.854004 -1.016113 21.600000 24.600000 83.400000 1373.000000
1 2 3 4 5 -23.963415 -2.743902 -68.658537 -0.401855 -0.963867 -0.930176 0.000000 0.000000 0.000000 469.000000
1 2 3 4 5 -47.378049 16.951220 -93.048780 -0.386230 -0.755859 -1.025879 0.000000 0.000000 0.000000 2348.000000
1 2 3 4 5 -62.743902 31.951220 -138.292683 -0.262207 -0.455078 -0.834961 21.000000 28.200000 82.800000 1955.000000
1 2 3 4 5 -60.000000 43.231707 -177.987805 -0.195313 -0.362305 -0.884277 0.000000 0.000000 0.000000 1448.000000
1 2 3 4 5 -62.073171 40.975610 -192.926829 -0.123047 -0.508301 -0.789551 0.000000 0.000000 0.000000 1745.000000
1 2 3 4 5 -70.548780 49.390244 -180.548780 -0.052246 -0.371094 -0.449707 8.400000 34.200000 82.200000 1568.000000
1 2 3 4 5 -85.426829 59.878049 -164.756098 -0.062012 -0.107910 -0.586426 0.000000 0.000000 0.000000 3235.000000
1 2 3 4 5 -59.268293 43.170732 -152.378049 -0.112305 0.012695 -0.655273 0.000000 0.000000 0.000000 1774.000000
1 2 3 4 5 -39.878049 28.170732 -138.841463 -0.094727 -0.035156 -0.587891 -1.800000 40.200000 75.600000 1015.000000
1 2 3 4 5 -62.682927 24.817073 -128.048780 -0.086914 0.162598 -0.541504 0.000000 0.000000 0.000000 1683.000000
1 2 3 4 5 -91.951220 14.451220 -126.402439 -0.185547 0.319824 -0.971191 0.000000 0.000000 0.000000 845.000000
1 2 3 4 5 -145.365854 -45.060976 -128.414634 -0.455078 0.723145 -1.662598 -19.200000 41.400000 75.600000 2727.000000
1 2 3 4 5 -255.548780 -113.841463 -105.548780 -0.959473 0.808594 -1.170410 0.000000 0.000000 0.000000 1098.000000
1 2 3 4 5 -302.317073 -106.585366 42.865854 -1.647949 1.795898 -0.634766 0.000000 0.000000 0.000000 2561.000000
1 2 3 4 5 -67.682927 -79.756098 360.975610 -0.928711 0.842773 0.002930 -33.600000 34.800000 70.200000 334.000000
1 2 3 4 5 85.000000 24.634146 756.707317 0.414063 0.317871 0.107422 0.000000 0.000000 0.000000 -1753.000000
1 2 3 4 5 202.682927 57.987805 859.024390 0.074707 -0.041016 -2.503418 0.000000 0.000000 0.000000 -266.000000
1 2 3 4 5 351.402439 -52.317073 727.317073 -2.530273 -3.702637 -2.926758 -31.200000 11.400000 60.000000 21987.000000
1 2 3 4 5 -52.621951 -99.329268 470.365854 -2.736816 -1.434570 -1.049805 0.000000 0.000000 0.000000 21600.000000
1 2 3 4 5 15.670732 118.536585 50.365854 -1.803223 -0.952637 -0.677246 0.000000 0.000000 0.000000 -10.000000
1 2 3 4 5 82.378049 197.073171 -132.317073 -0.374023 -1.864258 -1.236328 -1.800000 9.000000 61.800000 -2993.000000
1 2 3 4 5 -88.719512 105.426829 -100.609756 0.065918 -0.916016 -0.774414 0.000000 0.000000 0.000000 960.000000
1 2 3 4 5 -78.231707 43.170732 -59.146341 0.064941 -0.046875 -0.201172 0.000000 0.000000 0.000000 3319.000000
1 2 3 4 5 -12.987805 35.670732 -58.841463 0.114258 0.086914 -0.277832 28.800000 -24.000000 75.000000 1649.000000
1 2 3 4 5 -5.731707 4.268293 -60.792683 0.093262 0.017090 -0.582031 0.000000 0.000000 0.000000 868.000000
1 2 3 4 5 -4.390244 -43.292683 -38.963415 0.096680 -0.282715 -0.536133 0.000000 0.000000 0.000000 40.000000
1 2 3 4 5 -15.182927 -64.939024 10.853659 -0.047363 -0.446289 -0.412109 22.200000 -16.200000 69.600000 820.000000
1 2 3 4 5 -22.256098 -60.000000 41.463415 -0.249512 -0.355469 -0.356934 0.000000 0.000000 0.000000 2872.000000
1 2 3 4 5 -36.097561 -48.719512 25.365854 -0.362793 -0.137695 -0.463867 0.000000 0.000000 0.000000 286.000000
1 2 3 4 5 -13.414634 -52.256098 -12.682927 -0.307129 -0.190430 -0.514648 19.800000 -8.400000 69.000000 2952.000000
1 2 3 4 5 38.170732 -56.646341 -27.926829 -0.132324 -0.381348 -0.404785 0.000000 0.000000 0.000000 835.000000
1 2 3 4 5 74.329268 -47.865854 -17.378049 0.015137 -0.611328 -0.216309 0.000000 0.000000 0.000000 1163.000000
1 2 3 4 5 45.914634 -45.121951 -1.768293 -0.056641 -0.678711 -0.592773 20.400000 -13.800000 68.400000 2507.000000
1 2 3 4 5 -19.817073 -82.560976 5.365854 -0.260742 -0.624023 -0.883789 0.000000 0.000000 0.000000 683.000000
1 2 3 4 5 -48.048780 -118.597561 9.085366 -0.148926 -0.509277 -0.632324 0.000000 0.000000 0.000000 2012.000000
1 2 3 4 5 23.963415 -104.939024 -1.463415 0.083496 -0.438965 -0.710449 21.600000 -5.400000 72.000000 -106.000000
1 2 3 4 5 102.865854 -82.804878 -1.890244 -0.297363 -0.808594 -0.930664 0.000000 0.000000 0.000000 2565.000000
1 2 3 4 5 25.182927 -72.012195 37.439024 -0.760742 -0.915527 -0.702637 0.000000 0.000000 0.000000 2230.000000
1 2 3 4 5 -96.829268 -41.524390 69.268293 -0.264648 -0.010742 -1.156738 31.800000 -12.000000 76.800000 3542.000000
1 2 3 4 5 -43.475610 -30.487805 42.743902 -0.342285 0.292969 -1.359375 0.000000 0.000000 0.000000 3610.000000
1 2 3 4 5 82.804878 -26.707317 28.048780 -0.392090 -0.247559 -1.256836 0.000000 0.000000 0.000000 10937.000000
1 2 3 4 5 186.402439 -10.731707 51.829268 -0.208984 -0.583984 -1.271973 30.000000 -13.200000 76.200000 830.000000
1 2 3 4 5 177.560976 -5.000000 95.670732 -0.385742 -0.509277 -1.257324 0.000000 0.000000 0.000000 2634.000000
1 2 3 4 5 78.841463 -10.853659 137.743902 -0.524414 -0.272949 -0.958008 0.000000 0.000000 0.000000 1870.000000
1 2 3 4 5 6.036585 -12.317073 152.865854 -0.385254 0.847656 -1.145508 36.600000 -21.000000 77.400000 2952.000000
1 2 3 4 5 -9.878049 -8.475610 119.451220 -0.365234 0.265625 -0.898438 0.000000 0.000000 0.000000 2648.000000
1 2 3 4 5 -139.146341 187.560976 132.987805 -0.092285 1.151367 -4.699707 0.000000 0.000000 0.000000 11376.000000
1 2 3 4 5 -32.195122 106.036585 135.792683 -0.275879 0.353027 -1.489746 44.400000 -33.000000 79.800000 2064.000000
1 2 3 4 5 40.670732 29.146341 90.365854 -0.210938 0.276367 -1.428711 0.000000 0.000000 0.000000 3105.000000
1 2 3 4 5 11.341463 57.012195 92.560976 -0.597168 0.496094 -1.545410 0.000000 0.000000 0.000000 10123.000000
1 2 3 4 5 -35.792683 56.402439 70.121951 -0.478027 -0.059570 -1.000000 48.600000 -38.400000 73.200000 3826.000000
1 2 3 4 5 -79.329268 71.219512 79.207317 -0.222168 0.005371 -1.299316 0.000000 0.000000 0.000000 1902.000000
1 2 3 4 5 -89.146341 72.012195 70.365854 -0.332520 -0.005859 -0.870605 0.000000 0.000000 0.000000 3539.000000
1 2 3 4 5 -96.036585 76.524390 69.695122 -0.416992 0.104492 -0.717773 46.800000 -55.800000 69.600000 1027.000000
1 2 3 4 5 -88.414634 74.817073 70.243902 -0.350098 0.227051 -1.053223 0.000000 0.000000 0.000000 1775.000000
1 2 3 4 5 -77.804878 59.329268 64.878049 -0.189453 0.250977 -1.223633 0.000000 0.000000 0.000000 1661.000000
1 2 3 4 5 -89.634146 44.695122 56.219512 -0.268555 0.322754 -1.480469 41.400000 -64.200000 67.200000 997.000000
1 2 3 4 5 -69.512195 19.756098 47.073171 -0.172363 0.592773 -1.133789 0.000000 0.000000 0.000000 1206.000000
1 2 3 4 5 -6.036585 -2.317073 27.926829 -0.125977 0.438477 -0.825195 0.000000 0.000000 0.000000 977.000000
1 2 3 4 5 58.536585 -7.195122 25.243902 -0.307617 0.051270 -0.758301 34.200000 -72.600000 63.600000 2838.000000
1 2 3 4 5 86.951220 -11.341463 39.573171 -0.359375 -0.166016 -1.195313 0.000000 0.000000 0.000000 3810.000000
1 2 3 4 5 93.231707 -18.963415 61.402439 -0.140137 -0.184570 -0.951172 0.000000 0.000000 0.000000 1047.000000
1 2 3 4 5 97.073171 -8.841463 69.939024 -0.270996 0.188477 -0.773438 30.600000 -83.400000 63.600000 1454.000000
1 2 3 4 5 77.073171 5.914634 58.841463 -0.171875 0.416992 -0.585449 0.000000 0.000000 0.000000 2438.000000
1 2 3 4 5 8.658537 35.304878 32.743902 -0.221680 0.415039 -0.593262 0.000000 0.000000 0.000000 2769.000000
1 2 3 4 5 -62.378049 67.743902 16.036585 -0.198242 0.138672 -0.882813 30.000000 -78.600000 63.000000 2457.000000
1 2 3 4 5 -34.817073 52.073171 15.548780 -0.088867 0.304688 -1.559082 0.000000 0.000000 0.000000 576.000000
1 2 3 4 5 23.170732 14.878049 2.621951 -0.080566 0.360352 -1.167480 0.000000 0.000000 0.000000 1939.000000
1 2 3 4 5 94.634146 -2.012195 -8.719512 -0.143555 0.370605 -0.410156 25.800000 -81.600000 63.600000 2981.000000
1 2 3 4 5 111.707317 22.865854 -27.560976 -0.111328 0.132324 -0.585938 0.000000 0.000000 0.000000 1819.000000
1 2 3 4 5 70.060976 49.634146 -36.402439 -0.218262 0.111816 -0.969238 0.000000 0.000000 0.000000 1860.000000
1 2 3 4 5 34.939024 48.109756 -46.341463 -0.065430 0.095703 -1.137207 29.400000 -81.600000 58.800000 493.000000
1 2 3 4 5 38.414634 40.487805 -48.841463 -0.150879 -0.320801 -1.062500 0.000000 0.000000 0.000000 2928.000000
1 2 3 4 5 11.036585 35.000000 -36.036585 -0.094238 -0.216797 -1.054199 0.000000 0.000000 0.000000 2762.000000
1 2 3 4 5 -23.353659 34.695122 -26.646341 -0.032227 -0.238281 -1.090820 21.600000 -74.400000 57.600000 1800.000000
1 2 3 4 5 24.085366 21.219512 -13.292683 -0.082520 -0.222656 -1.242188 0.000000 0.000000 0.000000 1318.000000
1 2 3 4 5 65.731707 14.085366 -8.536585 -0.035156 0.164551 -1.368164 0.000000 0.000000 0.000000 1147.000000
1 2 3 4 5 -24.695122 -3.292683 -20.731707 0.022461 -0.125977 -0.754395 19.800000 -69.600000 57.600000 2099.000000
1 2 3 4 5 -39.146341 11.768293 -15.426829 -0.036133 -0.079590 -0.923340 0.000000 0.000000 0.000000 2131.000000
1 2 3 4 5 5.121951 14.939024 -10.914634 -0.064453 -0.202148 -0.821777 0.000000 0.000000 0.000000 1392.000000
1 2 3 4 5 -24.573171 27.378049 -5.792683 -0.037109 -0.137207 -0.699707 18.600000 -61.200000 55.200000 1954.000000
1 2 3 4 5 -19.268293 46.524390 1.036585 -0.099121 -0.256348 -0.836426 0.000000 0.000000 0.000000 2372.000000
1 2 3 4 5 47.256098 48.780488 10.121951 0.062012 0.067871 -0.728027 0.000000 0.000000 0.000000 3239.000000
1 2 3 4 5 -7.743902 1.829268 1.829268 -0.097168 0.022949 -0.643555 16.200000 -63.000000 55.800000 9451.000000
1 2 3 4 5 -0.243902 2.012195 0.182927 -0.020020 -0.070801 -1.115234 0.000000 0.000000 0.000000 1550.000000
1 2 3 4 5 -0.121951 1.646341 0.243902 -0.017090 -0.090820 -0.943848 0.000000 0.000000 0.000000 1387.000000
1 2 3 4 5 -0.182927 2.195122 0.365854 -0.002930 -0.090332 -1.004395 14.400000 -64.200000 54.600000 1591.000000
1 2 3 4 5 -0.000000 2.256098 0.365854 0.001465 -0.084473 -1.010742 0.000000 0.000000 0.000000 4122.000000
1 2 3 4 5 -0.121951 2.073171 0.365854 -0.006836 -0.077148 -1.018555 0.000000 0.000000 0.000000 1666.000000
1 2 3 4 5 -0.121951 1.951220 0.304878 -0.003418 -0.079102 -1.033203 9.000000 -62.400000 53.400000 3255.000000
1 2 3 4 5 -0.121951 1.829268 0.365854 -0.008789 -0.076660 -0.983398 0.000000 0.000000 0.000000 3091.000000
1 2 3 4 5 -0.121951 1.890244 0.426829 -0.002930 -0.078125 -0.966797 0.000000 0.000000 0.000000 3314.000000
1 2 3 4 5 -0.060976 2.195122 0.365854 -0.012695 -0.085449 -0.988770 12.000000 -67.800000 52.800000 2810.000000
1 2 3 4 5 -0.121951 2.073171 0.243902 0.005859 -0.073242 -0.984863 0.000000 0.000000 0.000000 1230.000000
1 2 3 4 5 -0.121951 1.951220 0.365854 0.000977 -0.079590 -0.969727 0.000000 0.000000 0.000000 2233.000000
1 2 3 4 5 -0.121951 2.012195 0.304878 -0.017578 -0.083496 -0.980469 13.800000 -65.400000 53.400000 3547.000000
1 2 3 4 5 -0.182927 2.012195 0.426829 0.000488 -0.072754 -0.980469 0.000000 0.000000 0.000000 2920.000000
1 2 3 4 5 -0.121951 2.012195 0.426829 -0.016602 -0.077637 -0.966797 0.000000 0.000000 0.000000 3143.000000
1 2 3 4 5 -0.243902 2.012195 0.365854 -0.000977 -0.080566 -0.992676 16.200000 -61.800000 52.800000 2721.000000
1 2 3 4 5 -0.121951 2.012195 0.365854 -0.000488 -0.080078 -0.992676 0.000000 0.000000 0.000000 2025.000000
1 2 3 4 5 -0.121951 1.951220 0.365854 -0.006836 -0.080078 -0.978027 0.000000 0.000000 0.000000 3448.000000
1 2 3 4 5 -0.000000 2.012195 0.426829 -0.011719 -0.085449 -0.973633 14.400000 -63.000000 52.800000 1070.000000
1 2 3 4 5 -0.060976 1.951220 0.365854 -0.007324 -0.068848 -0.981934 0.000000 0.000000 0.000000 2297.000000
1 2 3 4 5 -0.000000 2.012195 0.365854 -0.004883 -0.075195 -0.992188 0.000000 0.000000 0.000000 1328.000000
1 2 3 4 5 -0.060976 2.012195 0.487805 -0.005371 -0.073730 -0.980469 13.800000 -61.200000 54.000000 318.000000
1 2 3 4 5 -0.060976 2.073171 0.426829 0.002930 -0.074219 -0.975098 0.000000 0.000000 0.000000 2851.000000
1 2 3 4 5 -0.182927 2.073171 0.365854 0.001465 -0.078613 -0.983398 0.000000 0.000000 0.000000 2010.000000
1 2 3 4 5 -0.182927 2.012195 0.487805 -0.007324 -0.076660 -0.984863 16.200000 -64.200000 52.800000 2675.000000
1 2 3 4 5 -0.304878 1.951220 0.426829 0.002930 -0.073242 -0.982910 0.000000 0.000000 0.000000 2562.000000
1 2 3 4 5 -0.000000 2.073171 0.426829 -0.004883 -0.088379 -0.978516 0.000000 0.000000 0.000000 673.000000
1 2 3 4 5 -0.182927 2.012195 0.365854 -0.008789 -0.077148 -0.979492 13.200000 -61.800000 54.000000 1965.000000
1 2 3 4 5 -0.182927 2.073171 0.426829 -0.002930 -0.078125 -0.981445 0.000000 0.000000 0.000000 796.000000
1 2 3 4 5 -0.121951 1.951220 0.365854 -0.002441 -0.078613 -0.975586 0.000000 0.000000 0.000000 465.000000
1 2 3 4 5 -0.182927 2.012195 0.365854 -0.014160 -0.080078 -0.978516 13.200000 -67.800000 52.800000 2147.000000
1 2 3 4 5 -0.060976 1.951220 0.548780 -0.001953 -0.066895 -0.986816 0.000000 0.000000 0.000000 1852.000000
1 2 3 4 5 -0.243902 2.073171 0.304878 -0.002930 -0.085449 -0.981934 0.000000 0.000000 0.000000 2859.000000
1 2 3 4 5 -0.121951 2.195122 0.365854 -0.003906 -0.074219 -0.979004 9.000000 -62.400000 53.400000 1468.000000
1 2 3 4 5 -0.121951 1.951220 0.426829 -0.002930 -0.081543 -0.967285 0.000000 0.000000 0.000000 690.000000
1 2 3 4 5 -0.121951 2.012195 0.426829 -0.001953 -0.083984 -0.994141 0.000000 0.000000 0.000000 1993.000000
1 2 3 4 5 -0.182927 2.012195 0.365854 -0.002441 -0.074707 -0.971680 12.000000 -61.200000 52.800000 1493.000000
1 2 3 4 5 -0.060976 1.829268 0.365854 0.001465 -0.071777 -0.978516 0.000000 0.000000 0.000000 1465.000000
1 2 3 4 5 -0.121951 2.073171 0.365854 -0.008301 -0.079590 -0.983398 0.000000 0.000000 0.000000 2414.000000
1 2 3 4 5 -0.182927 2.012195 0.304878 -0.000488 -0.079102 -0.969238 12.600000 -63.000000 54.600000 861.000000
1 2 3 4 5 -0.182927 2.012195 0.304878 0.002441 -0.074219 -0.976563 0.000000 0.000000 0.000000 3118.000000
1 2 3 4 5 -0.121951 2.012195 0.304878 -0.000488 -0.083496 -0.959961 0.000000 0.000000 0.000000 1577.000000
1 2 3 4 5 -0.182927 2.073171 0.365854 -0.006836 -0.075195 -0.971191 12.000000 -66.600000 54.000000 1142.000000
1 2 3 4 5 -0.060976 1.951220 0.365854 0.001465 -0.071777 -0.973145 0.000000 0.000000 0.000000 2586.000000
1 2 3 4 5 -0.121951 2.012195 0.365854 -0.006348 -0.070801 -0.987793 0.000000 0.000000 0.000000 557.000000
1 2 3 4 5 -0.060976 2.195122 0.487805 -0.003906 -0.075195 -0.981934 13.200000 -64.200000 52.800000 2880.000000
1 2 3 4 5 -0.182927 2.012195 0.426829 0.001465 -0.080566 -0.966309 0.000000 0.000000 0.000000 2649.000000
1 2 3 4 5 -0.060976 2.012195 0.426829 -0.001465 -0.083984 -0.977539 0.000000 0.000000 0.000000 2283.000000
1 2 3 4 5 -0.121951 2.073171 0.365854 -0.000977 -0.078613 -0.984863 12.600000 -66.000000 55.200000 3042.000000
1 2 3 4 5 -0.060976 1.951220 0.365854 -0.001953 -0.087891 -0.984375 0.000000 0.000000 0.000000 2246.000000
1 2 3 4 5 -0.060976 2.073171 0.365854 -0.005371 -0.080566 -0.968262 0.000000 0.000000 0.000000 2847.000000
1 2 3 4 5 -0.182927 2.073171 0.304878 -0.005859 -0.074707 -0.977051 10.200000 -66.600000 54.000000 2175.000000
1 2 3 4 5 -0.182927 2.134146 0.304878 -0.000488 -0.080078 -0.980469 0.000000 0.000000 0.000000 2429.000000
1 2 3 4 5 -0.000000 2.012195 0.487805 -0.007324 -0.073730 -0.979004 0.000000 0.000000 0.000000 3405.000000
1 2 3 4 5 -0.182927 2.073171 0.426829 -0.001953 -0.081055 -0.978516 11.400000 -67.200000 53.400000 1985.000000
1 2 3 4 5 -0.060976 2.012195 0.365854 -0.002930 -0.081055 -0.978027 0.000000 0.000000 0.000000 2384.000000
1 2 3 4 5 -0.182927 2.012195 0.426829 -0.002441 -0.065430 -0.963867 0.000000 0.000000 0.000000 1476.000000
1 2 3 4 5 -0.000000 2.073171 0.365854 -0.003906 -0.083984 -0.966309 15.000000 -66.000000 54.600000 2166.000000
1 2 3 4 5 -0.182927 1.951220 0.426829 0.002441 -0.085938 -0.984375 0.000000 0.000000 0.000000 2626.000000
1 2 3 4 5 -0.060976 1.890244 0.426829 -0.005859 -0.074707 -0.976074 0.000000 0.000000 0.000000 1470.000000
1 2 3 4 5 -0.121951 2.012195 0.487805 0.001953 -0.077148 -0.967773 14.400000 -63.000000 56.400000 1510.000000
1 2 3 4 5 -0.000000 1.951220 0.304878 0.000488 -0.082520 -0.969727 0.000000 0.000000 0.000000 3231.000000
1 2 3 4 5 -0.060976 2.012195 0.365854 -0.008789 -0.076660 -0.979492 0.000000 0.000000 0.000000 2919.000000
1 2 3 4 5 -0.121951 2.012195 0.365854 -0.004883 -0.077148 -0.967773 10.800000 -66.600000 54.000000 3279.000000
1 2 3 4 5 -0.182927 2.012195 0.426829 -0.003418 -0.081055 -0.978027 0.000000 0.000000 0.000000 604.000000
1 2 3 4 5 -0.182927 1.951220 0.426829 0.001465 -0.071289 -0.976074 0.000000 0.000000 0.000000 1633.000000
1 2 3 4 5 -0.060976 2.012195 0.365854 -0.014648 -0.079102 -0.967285 15.000000 -63.600000 53.400000 2357.000000
1 2 3 4 5 -0.121951 2.012195 0.365854 0.000488 -0.077637 -0.984375 0.000000 0.000000 0.000000 2618.000000
1 2 3 4 5 -0.121951 2.012195 0.365854 -0.002930 -0.070801 -0.975586 0.000000 0.000000 0.000000 2245.000000
1 2 3 4 5 -0.121951 2.012195 0.426829 -0.001465 -0.074707 -0.982422 12.600000 -66.000000 55.200000 1673.000000
1 2 3 4 5 -0.121951 1.951220 0.365854 -0.002441 -0.081543 -0.966797 0.000000 0.000000 0.000000 2475.000000
1 2 3 4 5 -0.060976 1.951220 0.426829 -0.000488 -0.074707 -0.988770 0.000000 0.000000 0.000000 2892.000000
1 2 3 4 5 -0.121951 1.951220 0.426829 -0.013672 -0.071777 -0.980957 14.400000 -68.400000 53.400000 1761.000000
1 2 3 4 5 -0.182927 1.951220 0.365854 -0.006348 -0.083496 -0.976563 0.000000 0.000000 0.000000 1698.000000
1 2 3 4 5 -0.182927 1.951220 0.426829 -0.011719 -0.082031 -0.975098 0.000000 0.000000 0.000000 1427.000000
1 2 3 4 5 -0.121951 2.012195 0.365854 0.000977 -0.067383 -0.978516 13.200000 -63.000000 53.400000 3419.000000
1 2 3 4 5 -0.121951 1.951220 0.426829 -0.001953 -0.083496 -0.976563 0.000000 0.000000 0.000000 2516.000000
1 2 3 4 5 -0.182927 2.073171 0.365854 -0.003418 -0.078125 -0.976074 0.000000 0.000000 0.000000 1599.000000
1 2 3 4 5 -0.060976 2.073171 0.426829 0.000488 -0.078613 -0.984375 12.000000 -65.400000 51.600000 773.000000
1 2 3 4 5 -0.182927 1.890244 0.426829 -0.003906 -0.080078 -0.978027 0.000000 0.000000 0.000000 1909.000000
1 2 3 4 5 -0.121951 2.012195 0.304878 -0.008301 -0.078613 -0.988770 0.000000 0.000000 0.000000 2482.000000
1 2 3 4 5 -0.121951 1.951220 0.487805 -0.009766 -0.078125 -0.972656 10.800000 -62.400000 55.200000 1896.000000
1 2 3 4 5 -0.000000 1.890244 0.365854 -0.001953 -0.078613 -0.966309 0.000000 0.000000 0.000000 1441.000000
1 2 3 4 5 -0.060976 2.073171 0.365854 -0.000488 -0.079590 -0.988770 0.000000 0.000000 0.000000 2475.000000
1 2 3 4 5 -0.182927 1.951220 0.304878 -0.005371 -0.081055 -0.978516 15.000000 -65.400000 54.000000 2538.000000
1 2 3 4 5 -0.121951 2.073171 0.365854 -0.006348 -0.079590 -0.983398 0.000000 0.000000 0.000000 2423.000000
1 2 3 4 5 -0.182927 1.951220 0.426829 -0.002441 -0.078613 -0.981934 0.000000 0.000000 0.000000 1084.000000
1 2 3 4 5 -0.060976 1.829268 0.365854 -0.002930 -0.081055 -0.987793 13.200000 -68.400000 52.200000 -149.000000
1 2 3 4 5 -0.121951 1.890244 0.304878 -0.001953 -0.076660 -0.971680 0.000000 0.000000 0.000000 2571.000000
1 2 3 4 5 -0.121951 1.951220 0.426829 -0.004395 -0.075684 -0.964844 0.000000 0.000000 0.000000 2178.000000
1 2 3 4 5 -0.121951 1.951220 0.304878 -0.008301 -0.079590 -0.976563 9.600000 -60.600000 54.600000 2155.000000
1 2 3 4 5 -0.121951 1.951220 0.365854 0.000977 -0.079590 -0.971680 0.000000 0.000000 0.000000 1113.000000
1 2 3 4 5 -0.121951 1.951220 0.487805 -0.005371 -0.073730 -0.975586 0.000000 0.000000 0.000000 480.000000
1 2 3 4 5 -0.182927 1.951220 0.365854 0.006836 -0.073730 -0.972168 15.600000 -62.400000 52.800000 2842.000000
1 2 3 4 5 -0.182927 2.012195 0.365854 -0.001953 -0.073730 -0.983398 0.000000 0.000000 0.000000 2391.000000
1 2 3 4 5 -0.000000 2.012195 0.426829 0.005859 -0.079590 -0.986816 0.000000 0.000000 0.000000 989.000000
1 2 3 4 5 -0.060976 1.951220 0.243902 0.007813 -0.074707 -0.995117 17.400000 -62.400000 53.400000 1587.000000
1 2 3 4 5 -0.060976 2.012195 0.365854 -0.005371 -0.070313 -0.984863 0.000000 0.000000 0.000000 451.000000
1 2 3 4 5 -0.060976 2.012195 0.365854 -0.010254 -0.075684 -0.983887 0.000000 0.000000 0.000000 2932.000000
1 2 3 4 5 -0.121951 1.951220 0.365854 -0.005371 -0.075684 -0.990723 12.000000 -63.600000 54.000000 507.000000
1 2 3 4 5 -0.121951 1.951220 0.426829 -0.004395 -0.080078 -0.971191 0.000000 0.000000 0.000000 748.000000
1 2 3 4 5 -0.121951 1.951220 0.304878 -0.008301 -0.073242 -0.975586 0.000000 0.000000 0.000000 1542.000000
1 2 3 4 5 -0.121951 2.073171 0.487805 -0.001465 -0.077148 -0.977051 15.000000 -66.000000 53.400000 1057.000000
1 2 3 4 5 -0.000000 1.951220 0.365854 -0.002441 -0.085449 -0.992188 0.000000 0.000000 0.000000 2428.000000
1 2 3 4 5 -0.000000 2.012195 0.426829 -0.004883 -0.081055 -0.977051 0.000000 0.000000 0.000000 356.000000
1 2 3 4 5 -0.000000 2.012195 0.304878 0.003906 -0.072754 -0.982422 11.400000 -63.000000 53.400000 473.000000
1 2 3 4 5 -0.182927 2.134146 0.365854 -0.001953 -0.074707 -0.982422 0.000000 0.000000 0.000000 1990.000000
1 2 3 4 5 -0.000000 1.951220 0.365854 0.001953 -0.073242 -0.980469 0.000000 0.000000 0.000000 1114.000000
1 2 3 4 5 -0.121951 2.012195 0.426829 -0.001465 -0.083984 -0.978516 13.200000 -61.800000 53.400000 1825.000000
1 2 3 4 5 -0.060976 2.073171 0.365854 0.001953 -0.079590 -0.970215 0.000000 0.000000 0.000000 647.000000
1 2 3 4 5 -0.182927 2.012195 0.304878 -0.001953 -0.082520 -0.968262 0.000000 0.000000 0.000000 -319.000000
1 2 3 4 5 -0.121951 1.951220 0.365854 -0.005371 -0.072754 -0.982910 13.200000 -62.400000 53.400000 2472.000000
1 2 3 4 5 -0.182927 2.073171 0.426829 -0.003418 -0.074219 -0.986328 0.000000 0.000000 0.000000 402.000000
1 2 3 4 5 -0.000000 2.012195 0.426829 0.001953 -0.081055 -0.977539 0.000000 0.000000 0.000000 1256.000000
1 2 3 4 5 -0.121951 2.012195 0.304878 -0.003418 -0.078613 -0.971680 10.800000 -67.800000 54.600000 830.000000
1 2 3 4 5 -0.121951 1.951220 0.426829 -0.000488 -0.074219 -0.984375 0.000000 0.000000 0.000000 461.000000
1 2 3 4 5 -0.060976 2.012195 0.365854 -0.005371 -0.073730 -0.984863 0.000000 0.000000 0.000000 2347.000000
1 2 3 4 5 -0.182927 1.951220 0.365854 -0.007813 -0.077148 -0.970703 13.800000 -65.400000 55.200000 1366.000000
