1 2 3 4 5 -0.548780 -2.012195 -1.280488 0.023926 0.069824 -1.030762 204.000000
1 2 3 4 5 -0.365854 -1.951220 -1.341463 0.019043 0.063477 -1.003418 154.000000
1 2 3 4 5 -0.426829 -2.195122 -1.219512 0.022949 0.065918 -1.024902 52.000000
1 2 3 4 5 -0.426829 -2.073171 -1.341463 0.021484 0.063965 -1.011719 155.000000
1 2 3 4 5 -0.365854 -1.951220 -1.341463 0.026855 0.065430 -1.023438 202.000000
1 2 3 4 5 -0.365854 -2.073171 -1.341463 0.023926 0.065430 -1.010742 222.000000
1 2 3 4 5 -0.548780 -2.134146 -1.219512 0.018066 0.069824 -1.010742 119.000000
1 2 3 4 5 -0.487805 -1.951220 -1.280488 0.025879 0.064453 -1.014160 176.000000
1 2 3 4 5 -0.243902 -2.195122 -1.402439 0.022949 0.066895 -1.021484 356.000000
1 2 3 4 5 -0.426829 -2.073171 -1.280488 0.035645 0.069336 -1.012207 194.000000
1 2 3 4 5 -0.548780 -2.073171 -1.219512 0.027832 0.062012 -1.026855 187.000000
1 2 3 4 5 -0.365854 -1.890244 -1.280488 0.026367 0.069824 -1.017090 35.000000
1 2 3 4 5 -0.365854 -1.951220 -1.341463 0.023926 0.069336 -1.020508 209.000000
1 2 3 4 5 -0.426829 -1.951220 -1.219512 0.030273 0.066895 -1.005859 246.000000
1 2 3 4 5 -0.365854 -2.073171 -1.402439 0.025391 0.067871 -1.015625 240.000000
1 2 3 4 5 -0.243902 -1.890244 -1.280488 0.023926 0.071289 -1.023926 140.000000
1 2 3 4 5 -0.548780 -2.134146 -1.463415 0.029297 0.072266 -1.029785 417.000000
1 2 3 4 5 -0.487805 -1.829268 -1.402439 0.025879 0.072754 -1.015625 239.000000
1 2 3 4 5 -0.548780 -2.073171 -1.219512 0.023438 0.065918 -1.015137 256.000000
1 2 3 4 5 -0.426829 -1.768293 -1.402439 0.029297 0.070801 -1.023438 360.000000
1 2 3 4 5 -0.548780 -2.012195 -1.280488 0.022949 0.067871 -1.008301 214.000000
1 2 3 4 5 -0.426829 -2.012195 -1.219512 0.021484 0.070801 -1.022461 194.000000
1 2 3 4 5 -0.243902 -2.012195 -1.280488 0.026855 0.073730 -1.018066 242.000000
1 2 3 4 5 -0.548780 -1.768293 -1.463415 0.019043 0.064453 -1.016113 180.000000
1 2 3 4 5 -0.304878 -1.890244 -1.280488 0.031738 0.065430 -1.022461 161.000000
1 2 3 4 5 -0.182927 -2.073171 -1.402439 0.020996 0.057617 -1.020996 160.000000
1 2 3 4 5 -0.304878 -1.829268 -1.219512 0.020508 0.060059 -1.016113 224.000000
1 2 3 4 5 -0.487805 -2.012195 -1.280488 0.025879 0.072266 -1.019043 162.000000
1 2 3 4 5 -0.304878 -1.890244 -1.219512 0.022949 0.065430 -1.028320 188.000000
1 2 3 4 5 -0.487805 -2.073171 -1.463415 0.017578 0.062500 -1.013672 209.000000
1 2 3 4 5 -0.243902 -2.012195 -1.280488 0.028809 0.061035 -1.014160 78.000000
1 2 3 4 5 -0.304878 -2.012195 -1.341463 0.021973 0.075195 -1.007813 93.000000
1 2 3 4 5 -0.426829 -1.890244 -1.280488 0.015625 0.082520 -1.010254 320.000000
1 2 3 4 5 -0.304878 -1.951220 -1.341463 0.029297 0.072754 -1.022949 324.000000
1 2 3 4 5 -0.365854 -1.951220 -1.341463 0.022461 0.067871 -1.018555 295.000000
1 2 3 4 5 -0.365854 -2.134146 -1.219512 0.033203 0.068848 -1.015137 225.000000
1 2 3 4 5 -0.304878 -1.951220 -1.402439 0.034180 0.068359 -1.018066 0.000000
1 2 3 4 5 -0.548780 -2.012195 -1.280488 0.027344 0.059082 -1.017578 577.000000
1 2 3 4 5 -0.243902 -1.951220 -1.341463 0.023438 0.062012 -1.008789 128.000000
1 2 3 4 5 -0.487805 -2.012195 -1.341463 0.024414 0.066895 -1.018555 81.000000
1 2 3 4 5 -0.487805 -2.134146 -1.219512 0.030273 0.070313 -1.013672 445.000000
1 2 3 4 5 -0.304878 -1.951220 -1.158537 0.028320 0.061523 -1.021973 139.000000
1 2 3 4 5 -0.487805 -1.890244 -1.524390 0.025391 0.062012 -1.009277 134.000000
1 2 3 4 5 -0.487805 -2.012195 -1.341463 0.014160 0.065430 -1.024902 132.000000
1 2 3 4 5 -0.426829 -2.134146 -1.341463 0.026367 0.071777 -1.016113 155.000000
1 2 3 4 5 -0.243902 -1.890244 -1.158537 0.020020 0.071777 -1.022949 110.000000
1 2 3 4 5 -0.426829 -1.890244 -1.402439 0.024414 0.072266 -1.003906 177.000000
1 2 3 4 5 -0.487805 -1.890244 -1.280488 0.017090 0.071289 -1.020508 241.000000
1 2 3 4 5 -0.365854 -2.012195 -1.341463 0.019043 0.078125 -1.015625 178.000000
1 2 3 4 5 -0.487805 -1.951220 -1.219512 0.029297 0.058105 -1.010742 269.000000
1 2 3 4 5 -0.426829 -1.951220 -1.219512 0.020020 0.067383 -1.022461 154.000000
1 2 3 4 5 -0.121951 -1.829268 -1.585366 0.021484 0.069824 -1.027832 224.000000
1 2 3 4 5 -0.365854 -2.073171 -1.158537 0.026855 0.070313 -1.020508 179.000000
1 2 3 4 5 -0.426829 -1.951220 -1.524390 0.026855 0.065430 -1.031250 113.000000
1 2 3 4 5 -0.365854 -1.951220 -1.280488 0.020996 0.068359 -1.017578 146.000000
1 2 3 4 5 -0.426829 -1.951220 -1.341463 0.028809 0.074219 -1.011719 157.000000
1 2 3 4 5 -0.548780 -2.012195 -1.341463 0.026367 0.070801 -1.027344 296.000000
1 2 3 4 5 -0.487805 -1.890244 -1.158537 0.025391 0.065430 -1.034668 257.000000
1 2 3 4 5 -0.548780 -1.829268 -1.402439 0.026367 0.060059 -1.014160 194.000000
1 2 3 4 5 -0.426829 -1.890244 -1.341463 0.031250 0.061035 -1.011230 205.000000
1 2 3 4 5 -0.487805 -1.890244 -1.036585 0.028809 0.074707 -1.022949 329.000000
1 2 3 4 5 -0.426829 -1.829268 -1.402439 0.017578 0.070313 -1.028320 195.000000
1 2 3 4 5 -0.426829 -1.951220 -1.219512 0.019043 0.068359 -1.016113 380.000000
1 2 3 4 5 -0.426829 -2.134146 -1.219512 0.023438 0.067383 -1.018555 219.000000
1 2 3 4 5 -0.304878 -2.195122 -1.341463 0.023438 0.061523 -1.017578 390.000000
1 2 3 4 5 -0.426829 -1.951220 -1.280488 0.027344 0.069824 -1.019043 0.000000
1 2 3 4 5 -0.426829 -1.890244 -1.219512 0.025879 0.069824 -1.021484 576.000000
1 2 3 4 5 -0.548780 -1.951220 -1.280488 0.026367 0.062988 -1.016602 164.000000
1 2 3 4 5 -0.426829 -2.073171 -1.280488 0.020020 0.071289 -1.008301 136.000000
1 2 3 4 5 -0.426829 -2.012195 -1.402439 0.020996 0.062988 -1.022461 59.000000
1 2 3 4 5 -0.548780 -1.768293 -1.341463 0.015625 0.066895 -1.020508 327.000000
1 2 3 4 5 -0.426829 -2.073171 -1.280488 0.019531 0.057129 -1.022949 350.000000
1 2 3 4 5 -0.182927 -1.951220 -1.219512 0.027832 0.067871 -1.010742 113.000000
1 2 3 4 5 -0.426829 -1.890244 -1.341463 0.027832 0.074707 -1.010254 359.000000
1 2 3 4 5 -0.365854 -2.134146 -1.280488 0.022949 0.068848 -1.020508 202.000000
1 2 3 4 5 -0.365854 -1.829268 -1.158537 0.019043 0.075195 -1.011719 334.000000
1 2 3 4 5 -0.487805 -2.012195 -1.341463 0.025391 0.069824 -1.006348 102.000000
1 2 3 4 5 -0.426829 -2.012195 -1.341463 0.020996 0.062988 -1.010742 286.000000
1 2 3 4 5 -0.487805 -2.195122 -1.402439 0.028320 0.073242 -1.015625 319.000000
1 2 3 4 5 -0.609756 -2.012195 -1.219512 0.020020 0.069824 -1.011230 219.000000
1 2 3 4 5 -0.304878 -2.012195 -1.463415 0.031250 0.070801 -1.012695 129.000000
1 2 3 4 5 -0.609756 -2.012195 -1.463415 0.023926 0.075195 -1.013184 328.000000
1 2 3 4 5 -0.365854 -2.134146 -1.341463 0.022949 0.066895 -1.012207 167.000000
1 2 3 4 5 -0.548780 -1.829268 -1.402439 0.019531 0.067871 -1.018066 348.000000
1 2 3 4 5 -0.548780 -1.829268 -1.280488 0.016602 0.062500 -1.019043 221.000000
1 2 3 4 5 -0.609756 -1.829268 -1.280488 0.029785 0.058105 -1.021973 304.000000
1 2 3 4 5 -0.548780 -1.890244 -1.402439 0.021973 0.059082 -1.001953 337.000000
1 2 3 4 5 -0.487805 -1.951220 -1.402439 0.023438 0.070801 -1.017578 59.000000
1 2 3 4 5 -0.548780 -1.890244 -1.158537 0.023926 0.073242 -1.012695 364.000000
1 2 3 4 5 -0.426829 -1.951220 -1.402439 0.023926 0.064453 -1.022949 231.000000
1 2 3 4 5 -0.548780 -1.890244 -1.158537 0.026367 0.070313 -1.025879 144.000000
1 2 3 4 5 -0.548780 -2.012195 -1.402439 0.025879 0.074707 -1.026855 244.000000
1 2 3 4 5 -0.365854 -1.829268 -1.463415 0.016602 0.062988 -1.015137 86.000000
1 2 3 4 5 -0.365854 -1.951220 -1.280488 0.024902 0.064453 -1.022949 173.000000
1 2 3 4 5 -0.304878 -1.951220 -1.341463 0.017578 0.074707 -1.025879 260.000000
1 2 3 4 5 -0.304878 -1.951220 -1.219512 0.028809 0.067871 -1.003906 255.000000
1 2 3 4 5 -0.365854 -1.951220 -1.402439 0.020020 0.068848 -1.028809 361.000000
1 2 3 4 5 -0.426829 -2.012195 -1.280488 0.022949 0.061523 -1.020508 179.000000
1 2 3 4 5 -0.365854 -1.829268 -1.280488 0.026367 0.071777 -1.016113 95.000000
1 2 3 4 5 -0.243902 -1.951220 -1.463415 0.023438 0.064941 -1.015625 277.000000
1 2 3 4 5 -0.487805 -2.073171 -1.158537 0.035156 0.064453 -1.021484 299.000000
1 2 3 4 5 -0.182927 -2.073171 -1.219512 0.026367 0.077148 -1.019043 249.000000
1 2 3 4 5 -0.487805 -1.890244 -1.341463 0.020508 0.065430 -1.013184 140.000000
1 2 3 4 5 -0.609756 -1.890244 -1.341463 0.029785 0.067383 -1.020508 84.000000
1 2 3 4 5 -0.487805 -1.768293 -1.402439 0.026855 0.079590 -1.017578 514.000000
1 2 3 4 5 -0.426829 -2.012195 -1.280488 0.024902 0.069824 -1.001953 50.000000
1 2 3 4 5 -0.365854 -1.890244 -1.280488 0.021973 0.077148 -1.019043 253.000000
1 2 3 4 5 -0.670732 -2.134146 -1.402439 0.023926 0.069824 -1.013672 262.000000
1 2 3 4 5 -0.365854 -1.951220 -1.341463 0.020508 0.067871 -1.010742 56.000000
1 2 3 4 5 -0.365854 -1.951220 -1.402439 0.020020 0.066895 -1.017090 134.000000
1 2 3 4 5 -0.304878 -2.073171 -1.463415 0.020508 0.062500 -1.017090 176.000000
1 2 3 4 5 -0.426829 -1.829268 -1.219512 0.027832 0.072266 -1.012695 189.000000
1 2 3 4 5 -0.304878 -1.890244 -1.585366 0.026855 0.066895 -1.027344 125.000000
1 2 3 4 5 -0.365854 -2.012195 -1.341463 0.028809 0.070801 -1.025879 171.000000
1 2 3 4 5 -0.487805 -2.012195 -1.280488 0.020996 0.069824 -1.007813 185.000000
1 2 3 4 5 -0.426829 -1.829268 -1.280488 0.021484 0.076660 -1.023438 205.000000
1 2 3 4 5 -0.304878 -2.073171 -1.402439 0.019531 0.065430 -1.016113 115.000000
1 2 3 4 5 -0.304878 -1.951220 -1.341463 0.029785 0.065918 -1.012207 174.000000
1 2 3 4 5 -0.365854 -2.012195 -1.524390 0.028809 0.067383 -1.011719 358.000000
1 2 3 4 5 -0.426829 -2.073171 -1.280488 0.021484 0.067383 -1.025879 298.000000
1 2 3 4 5 -0.426829 -1.890244 -1.280488 0.029297 0.067383 -1.006348 124.000000
1 2 3 4 5 -0.365854 -2.012195 -1.341463 0.026855 0.063965 -1.011719 302.000000
1 2 3 4 5 -0.487805 -1.707317 -1.219512 0.020020 0.063965 -1.018066 260.000000
1 2 3 4 5 -0.365854 -2.073171 -1.463415 0.022949 0.070801 -1.018066 290.000000
1 2 3 4 5 -0.304878 -1.951220 -1.280488 0.020508 0.076660 -1.014160 175.000000
1 2 3 4 5 -0.243902 -1.829268 -1.158537 0.026855 0.071777 -1.016113 335.000000
1 2 3 4 5 -0.487805 -1.890244 -1.341463 0.027344 0.068359 -1.021484 507.000000
1 2 3 4 5 -0.304878 -1.829268 -1.402439 0.027832 0.064453 -1.013184 370.000000
1 2 3 4 5 -0.365854 -1.951220 -1.158537 0.027832 0.063965 -1.026367 321.000000
1 2 3 4 5 -0.365854 -1.951220 -1.341463 0.020020 0.064941 -1.017090 611.000000
1 2 3 4 5 -0.487805 -2.012195 -1.402439 0.026855 0.069336 -1.026855 307.000000
1 2 3 4 5 -0.670732 -1.768293 -1.341463 0.022949 0.067871 -1.018066 290.000000
1 2 3 4 5 -0.304878 -1.829268 -1.402439 0.030273 0.075195 -1.016113 133.000000
1 2 3 4 5 -0.365854 -2.073171 -1.341463 0.018555 0.067383 -1.020020 431.000000
1 2 3 4 5 -0.365854 -1.829268 -1.280488 0.022949 0.060059 -1.019043 113.000000
1 2 3 4 5 -0.426829 -2.012195 -1.402439 0.019531 0.067383 -1.020508 160.000000
1 2 3 4 5 -0.304878 -2.073171 -1.402439 0.018066 0.074707 -1.015137 265.000000
1 2 3 4 5 -0.487805 -2.073171 -1.219512 0.032227 0.068848 -1.019043 385.000000
1 2 3 4 5 -0.487805 -1.829268 -1.280488 0.021973 0.061523 -1.020020 56.000000
1 2 3 4 5 -0.426829 -1.890244 -1.280488 0.020020 0.073242 -1.027344 372.000000
1 2 3 4 5 -0.243902 -2.134146 -1.280488 0.024414 0.074219 -1.023438 366.000000
1 2 3 4 5 -0.548780 -2.073171 -1.158537 0.029785 0.065430 -1.008301 445.000000
1 2 3 4 5 -0.426829 -2.073171 -1.280488 0.018555 0.070801 -1.025391 576.000000
1 2 3 4 5 -0.548780 -1.951220 -1.219512 0.023438 0.072266 -1.016602 552.000000
1 2 3 4 5 -0.304878 -1.951220 -1.280488 0.024902 0.074219 -1.017090 161.000000
1 2 3 4 5 -0.426829 -1.890244 -1.402439 0.024902 0.063965 -1.003418 318.000000
1 2 3 4 5 -0.304878 -2.073171 -1.280488 0.027344 0.067383 -1.015137 43.000000
1 2 3 4 5 -0.426829 -2.012195 -1.280488 0.020020 0.061035 -1.026855 87.000000
1 2 3 4 5 -0.426829 -1.951220 -1.280488 0.017090 0.074219 -1.021973 215.000000
1 2 3 4 5 -0.487805 -1.951220 -1.463415 0.020508 0.068848 -1.012207 111.000000
1 2 3 4 5 -0.365854 -2.012195 -1.341463 0.032227 0.063477 -1.020020 288.000000
1 2 3 4 5 -0.487805 -2.073171 -1.341463 0.025879 0.068848 -1.020996 128.000000
1 2 3 4 5 -0.426829 -2.073171 -1.280488 0.021973 0.060547 -1.017578 245.000000
1 2 3 4 5 -0.426829 -2.073171 -1.158537 0.020020 0.062988 -1.017090 297.000000
1 2 3 4 5 -0.426829 -2.073171 -1.524390 0.017578 0.062500 -1.025879 99.000000
1 2 3 4 5 -0.243902 -2.073171 -1.341463 0.024902 0.067383 -1.027344 208.000000
1 2 3 4 5 -0.304878 -2.256098 -1.097561 0.024902 0.071777 -1.027832 121.000000
1 2 3 4 5 -0.609756 -2.073171 -1.280488 0.020996 0.076660 -1.013184 80.000000
1 2 3 4 5 -0.182927 -2.073171 -1.280488 0.023926 0.071289 -1.011230 205.000000
1 2 3 4 5 -0.426829 -2.012195 -1.280488 0.024902 0.074707 -1.022461 79.000000
1 2 3 4 5 -0.243902 -1.829268 -1.219512 0.032227 0.061035 -1.019043 112.000000
1 2 3 4 5 -0.304878 -1.890244 -1.280488 0.015625 0.061523 -1.017578 101.000000
1 2 3 4 5 -0.487805 -2.073171 -1.341463 0.023926 0.069824 -1.020508 207.000000
1 2 3 4 5 -0.365854 -1.890244 -1.402439 0.027344 0.070801 -1.020508 310.000000
1 2 3 4 5 -0.365854 -1.951220 -1.280488 0.027344 0.064453 -1.015137 214.000000
1 2 3 4 5 -0.304878 -2.012195 -1.402439 0.034668 0.054688 -1.028809 269.000000
1 2 3 4 5 -0.304878 -1.829268 -1.463415 0.020020 0.068359 -1.030762 147.000000
1 2 3 4 5 -0.426829 -1.951220 -1.463415 0.028809 0.060059 -1.016113 162.000000
1 2 3 4 5 -0.426829 -1.951220 -1.341463 0.019531 0.076172 -1.016602 162.000000
1 2 3 4 5 -0.548780 -2.012195 -1.341463 0.029785 0.076660 -1.008789 319.000000
1 2 3 4 5 -0.304878 -1.890244 -1.341463 0.022949 0.074219 -1.028320 167.000000
1 2 3 4 5 -0.609756 -2.012195 -1.097561 0.029785 0.072266 -1.016113 218.000000
1 2 3 4 5 -0.487805 -1.829268 -1.219512 0.027832 0.064453 -1.016602 52.000000
1 2 3 4 5 -0.487805 -2.134146 -1.402439 0.030762 0.065918 -1.023438 124.000000
1 2 3 4 5 -0.609756 -2.012195 -1.341463 0.024414 0.070313 -1.030762 93.000000
1 2 3 4 5 -0.304878 -1.890244 -1.280488 0.024902 0.065430 -1.017578 285.000000
1 2 3 4 5 -0.487805 -2.073171 -1.341463 0.024902 0.071777 -1.008301 313.000000
1 2 3 4 5 -0.365854 -1.951220 -1.219512 0.023926 0.068359 -1.022949 122.000000
1 2 3 4 5 -0.487805 -2.012195 -1.341463 0.021484 0.065918 -1.023926 286.000000
1 2 3 4 5 -0.243902 -1.951220 -1.341463 0.022949 0.066895 -1.013184 166.000000
1 2 3 4 5 -0.487805 -1.951220 -1.219512 0.025879 0.070801 -1.015625 456.000000
1 2 3 4 5 -0.548780 -1.951220 -1.280488 0.016113 0.067871 -1.017090 272.000000
1 2 3 4 5 -0.487805 -2.012195 -1.158537 0.023926 0.069824 -1.016602 284.000000
1 2 3 4 5 -0.304878 -2.073171 -1.402439 0.022461 0.070313 -1.017090 349.000000
1 2 3 4 5 -0.487805 -1.768293 -1.341463 0.023926 0.069824 -1.025391 354.000000
1 2 3 4 5 -0.487805 -1.951220 -1.341463 0.020996 0.068848 -1.013184 104.000000
1 2 3 4 5 -0.609756 -2.073171 -1.158537 0.024414 0.064941 -1.025879 150.000000
1 2 3 4 5 -0.609756 -2.012195 -1.158537 0.029297 0.068848 -1.024902 280.000000
1 2 3 4 5 -0.304878 -2.073171 -1.341463 0.030273 0.074707 -1.027832 206.000000
1 2 3 4 5 -0.243902 -2.073171 -1.402439 0.023926 0.066895 -1.027832 121.000000
1 2 3 4 5 -0.426829 -1.951220 -1.341463 0.024902 0.068359 -1.029785 330.000000
1 2 3 4 5 -0.487805 -2.012195 -1.158537 0.034668 0.078125 -1.018066 365.000000
1 2 3 4 5 -0.365854 -1.951220 -1.341463 0.027832 0.070313 -1.013672 307.000000
1 2 3 4 5 -0.365854 -1.829268 -1.341463 0.033203 0.063477 -1.020996 269.000000
1 2 3 4 5 -0.304878 -1.951220 -1.341463 0.020020 0.072266 -1.016602 303.000000
1 2 3 4 5 -0.304878 -1.951220 -1.219512 0.019043 0.073242 -1.026855 172.000000
1 2 3 4 5 -0.487805 -1.890244 -1.341463 0.026855 0.065918 -1.017578 199.000000
1 2 3 4 5 -0.487805 -1.768293 -1.341463 0.026855 0.073730 -1.026367 169.000000
1 2 3 4 5 -0.548780 -1.829268 -1.402439 0.020508 0.071289 -1.012207 161.000000
1 2 3 4 5 -0.304878 -2.073171 -1.402439 0.031250 0.070313 -1.030762 402.000000
1 2 3 4 5 -0.487805 -1.890244 -1.341463 0.019531 0.060059 -1.028320 340.000000
1 2 3 4 5 -0.426829 -1.829268 -1.341463 0.019043 0.065918 -1.023438 402.000000
1 2 3 4 5 -0.548780 -2.073171 -1.219512 0.035645 0.075684 -1.024902 417.000000
1 2 3 4 5 -0.365854 -2.073171 -1.402439 0.020996 0.063477 -1.021973 356.000000
1 2 3 4 5 -0.365854 -2.012195 -1.219512 0.030762 0.073242 -1.028320 183.000000
1 2 3 4 5 -0.487805 -1.951220 -1.097561 0.021484 0.072754 -1.017578 293.000000
1 2 3 4 5 -0.609756 -1.951220 -1.219512 0.016602 0.065918 -1.020508 0.000000
1 2 3 4 5 -0.304878 -1.890244 -1.402439 0.025391 0.070313 -1.017090 354.000000
1 2 3 4 5 -0.426829 -2.012195 -1.280488 0.028320 0.068848 -1.002930 254.000000
1 2 3 4 5 -0.304878 -2.073171 -1.158537 0.021484 0.069336 -1.006348 154.000000
1 2 3 4 5 -0.487805 -1.951220 -1.341463 0.025391 0.069824 -1.025879 177.000000
1 2 3 4 5 -0.548780 -2.073171 -1.097561 0.019531 0.075684 -1.016602 151.000000
1 2 3 4 5 -0.365854 -2.195122 -1.158537 0.008789 0.072754 -1.029785 294.000000
1 2 3 4 5 -0.548780 -2.073171 -1.280488 0.022949 0.073730 -1.027832 437.000000
1 2 3 4 5 -0.609756 -1.951220 -1.219512 0.027832 0.077148 -1.025879 193.000000
1 2 3 4 5 -0.487805 -2.012195 -1.402439 0.027344 0.072266 -1.004395 525.000000
1 2 3 4 5 -0.365854 -1.829268 -1.158537 0.022461 0.058594 -1.020996 224.000000
1 2 3 4 5 -0.487805 -2.073171 -1.158537 0.023438 0.073730 -1.014160 214.000000
1 2 3 4 5 -0.426829 -1.951220 -1.219512 0.024902 0.062012 -1.002930 264.000000
1 2 3 4 5 -0.365854 -1.890244 -1.341463 0.024414 0.068848 -1.022949 266.000000
1 2 3 4 5 -0.304878 -1.768293 -1.219512 0.021484 0.073242 -1.017090 264.000000
1 2 3 4 5 -0.243902 -2.134146 -1.280488 0.024414 0.063477 -1.019043 384.000000
1 2 3 4 5 -0.365854 -1.951220 -1.341463 0.022949 0.066895 -1.007324 232.000000
1 2 3 4 5 -0.426829 -1.890244 -1.402439 0.027832 0.069824 -1.017578 271.000000
1 2 3 4 5 -0.426829 -1.890244 -1.097561 0.030762 0.069336 -1.013672 63.000000
1 2 3 4 5 -0.548780 -1.890244 -1.280488 0.026855 0.072266 -1.024902 136.000000
1 2 3 4 5 -0.304878 -2.012195 -1.402439 0.022949 0.069824 -1.008301 215.000000
1 2 3 4 5 -0.426829 -2.012195 -1.341463 0.026367 0.064453 -1.026367 426.000000
1 2 3 4 5 -0.426829 -2.012195 -1.341463 0.028809 0.067871 -1.025879 305.000000
1 2 3 4 5 -0.487805 -1.768293 -1.219512 0.026855 0.075195 -1.016113 408.000000
1 2 3 4 5 -0.426829 -1.951220 -1.402439 0.023926 0.067383 -1.015625 330.000000
1 2 3 4 5 -0.426829 -1.890244 -1.158537 0.023926 0.073242 -1.027832 194.000000
1 2 3 4 5 -0.548780 -1.768293 -1.341463 0.028320 0.062012 -1.010254 346.000000
1 2 3 4 5 -0.365854 -2.073171 -1.341463 0.022949 0.070801 -1.032715 377.000000
1 2 3 4 5 -0.487805 -2.073171 -1.219512 0.024902 0.058594 -1.016602 397.000000
1 2 3 4 5 -0.243902 -1.829268 -1.402439 0.021484 0.069336 -1.005859 144.000000
1 2 3 4 5 -0.426829 -1.951220 -1.402439 0.020996 0.067871 -1.018066 166.000000
1 2 3 4 5 -0.365854 -1.890244 -1.097561 0.029297 0.068359 -1.019043 122.000000
1 2 3 4 5 -0.426829 -2.134146 -1.280488 0.033203 0.068359 -1.022461 88.000000
1 2 3 4 5 -0.243902 -2.012195 -1.341463 0.015137 0.065430 -1.018555 101.000000
1 2 3 4 5 -0.365854 -1.890244 -1.036585 0.026367 0.071289 -1.019043 386.000000
1 2 3 4 5 -0.426829 -2.012195 -1.341463 0.022461 0.071289 -1.024902 236.000000
1 2 3 4 5 -0.304878 -1.951220 -1.280488 0.024902 0.069824 -1.025879 229.000000
1 2 3 4 5 -0.365854 -1.951220 -1.341463 0.029297 0.067871 -1.022949 423.000000
1 2 3 4 5 -0.365854 -2.073171 -1.097561 0.026367 0.073730 -1.023438 220.000000
1 2 3 4 5 -0.548780 -1.890244 -1.280488 0.020996 0.067383 -1.020996 241.000000
1 2 3 4 5 -0.304878 -1.951220 -1.280488 0.024414 0.072266 -1.026367 159.000000
1 2 3 4 5 -0.487805 -2.073171 -1.219512 0.020508 0.067383 -1.032227 333.000000
1 2 3 4 5 -0.304878 -2.073171 -1.280488 0.021973 0.073730 -1.015625 238.000000
1 2 3 4 5 -0.487805 -2.134146 -1.219512 0.022461 0.063477 -1.014160 333.000000
1 2 3 4 5 -0.487805 -1.829268 -1.341463 0.020508 0.067871 -1.016602 444.000000
1 2 3 4 5 -0.487805 -1.829268 -1.280488 0.024414 0.066895 -1.025391 383.000000
1 2 3 4 5 -0.548780 -1.768293 -1.219512 0.020508 0.068359 -1.040039 268.000000
1 2 3 4 5 -0.426829 -2.012195 -1.341463 0.023926 0.073242 -1.011230 352.000000
1 2 3 4 5 -0.609756 -1.890244 -1.280488 0.023438 0.076660 -1.016113 236.000000
1 2 3 4 5 -0.609756 -2.195122 -1.463415 0.023438 0.075684 -1.025391 322.000000
1 2 3 4 5 -0.609756 -1.890244 -1.280488 0.031738 0.071289 -1.021484 207.000000
1 2 3 4 5 -0.304878 -1.829268 -1.341463 0.028320 0.062988 -1.015625 131.000000
1 2 3 4 5 -0.426829 -2.012195 -1.341463 0.012695 0.068359 -1.019043 192.000000
1 2 3 4 5 -0.426829 -1.768293 -1.402439 0.025391 0.070313 -1.007813 209.000000
1 2 3 4 5 -0.487805 -1.951220 -1.097561 0.025879 0.069336 -1.010742 256.000000
1 2 3 4 5 -0.487805 -2.012195 -1.280488 0.024414 0.081055 -1.012695 240.000000
1 2 3 4 5 -0.426829 -1.829268 -1.341463 0.028809 0.071289 -1.010254 221.000000
1 2 3 4 5 -0.487805 -2.073171 -1.402439 0.034180 0.064453 -1.014160 42.000000
1 2 3 4 5 -0.426829 -1.951220 -1.219512 0.030762 0.070801 -1.021973 337.000000
1 2 3 4 5 -0.365854 -2.012195 -1.219512 0.030273 0.069824 -1.027832 77.000000
1 2 3 4 5 -0.121951 -1.707317 -1.158537 0.023438 0.059570 -1.011230 117.000000
1 2 3 4 5 -0.365854 -1.890244 -1.280488 0.016602 0.061035 -1.025391 224.000000
1 2 3 4 5 -0.426829 -1.829268 -1.341463 0.025391 0.067871 -1.011230 320.000000
1 2 3 4 5 -0.487805 -2.073171 -1.341463 0.027832 0.068359 -1.029785 215.000000
1 2 3 4 5 -0.243902 -1.890244 -1.463415 0.022949 0.072266 -1.011719 126.000000
1 2 3 4 5 -0.365854 -1.890244 -1.341463 0.021973 0.069336 -1.022461 304.000000
1 2 3 4 5 -0.487805 -1.951220 -1.341463 0.028809 0.072266 -1.023438 257.000000
1 2 3 4 5 -0.609756 -1.951220 -1.158537 0.027832 0.070313 -1.019043 246.000000
1 2 3 4 5 -0.487805 -1.951220 -1.280488 0.020996 0.070801 -1.022949 319.000000
1 2 3 4 5 -0.548780 -1.951220 -1.463415 0.024902 0.066895 -1.024902 259.000000
1 2 3 4 5 -0.426829 -2.012195 -1.219512 0.025391 0.067871 -1.015137 343.000000
1 2 3 4 5 -0.487805 -2.012195 -1.158537 0.027344 0.066895 -1.020508 222.000000
1 2 3 4 5 -0.426829 -2.073171 -1.280488 0.025391 0.068848 -1.018555 347.000000
1 2 3 4 5 -0.304878 -1.951220 -1.341463 0.017578 0.071289 -1.018066 242.000000
1 2 3 4 5 -0.426829 -1.951220 -1.463415 0.025879 0.066895 -1.025391 240.000000
1 2 3 4 5 -0.243902 -1.829268 -1.341463 0.026855 0.069336 -1.002930 312.000000
1 2 3 4 5 -0.426829 -2.012195 -1.219512 0.029785 0.066895 -1.015625 87.000000
1 2 3 4 5 -0.426829 -1.829268 -1.463415 0.028809 0.065918 -1.012695 336.000000
1 2 3 4 5 -0.304878 -2.012195 -1.097561 0.026367 0.070313 -1.003906 344.000000
1 2 3 4 5 -0.365854 -2.012195 -1.280488 0.025391 0.064453 -1.022461 322.000000
1 2 3 4 5 -0.426829 -1.951220 -1.219512 0.032227 0.069824 -1.023926 82.000000
1 2 3 4 5 -0.304878 -2.012195 -1.402439 0.026855 0.062500 -1.017578 81.000000
1 2 3 4 5 -0.609756 -1.890244 -1.341463 0.024414 0.070313 -1.016602 170.000000
1 2 3 4 5 -0.365854 -2.073171 -1.219512 0.029297 0.059570 -1.014160 236.000000
1 2 3 4 5 -0.243902 -1.890244 -1.219512 0.021484 0.064453 -1.013672 183.000000
1 2 3 4 5 -0.243902 -1.890244 -1.585366 0.022949 0.071289 -1.009277 0.000000
1 2 3 4 5 -0.304878 -1.951220 -1.585366 0.021484 0.065430 -1.021484 141.000000
1 2 3 4 5 -0.670732 -1.829268 -1.341463 0.022461 0.063965 -1.002930 173.000000
1 2 3 4 5 -0.426829 -2.073171 -1.280488 0.018066 0.068848 -1.013184 323.000000
1 2 3 4 5 -0.487805 -2.073171 -1.219512 0.027832 0.068359 -1.003418 163.000000
1 2 3 4 5 -0.426829 -2.073171 -1.219512 0.025391 0.075684 -1.014160 427.000000
1 2 3 4 5 -0.365854 -2.073171 -1.341463 0.028809 0.061523 -1.017090 87.000000
1 2 3 4 5 -0.487805 -2.073171 -1.341463 0.022949 0.066895 -1.012207 190.000000
1 2 3 4 5 -0.365854 -1.951220 -1.402439 0.024902 0.067383 -1.026367 165.000000
1 2 3 4 5 -0.304878 -2.012195 -1.158537 0.022949 0.062988 -1.030273 189.000000
1 2 3 4 5 -0.426829 -2.012195 -1.280488 0.022949 0.064941 -1.021973 224.000000
1 2 3 4 5 -0.426829 -2.012195 -1.219512 0.024902 0.065430 -1.008301 246.000000
1 2 3 4 5 -0.365854 -1.951220 -1.341463 0.027832 0.062012 -1.019043 87.000000
1 2 3 4 5 -0.426829 -1.951220 -1.158537 0.025879 0.066895 -1.020996 210.000000
1 2 3 4 5 -0.304878 -1.829268 -1.280488 0.023926 0.080078 -1.020996 131.000000
1 2 3 4 5 -0.548780 -1.951220 -1.402439 0.024902 0.073242 -1.005371 189.000000
1 2 3 4 5 -0.487805 -1.890244 -1.402439 0.032227 0.062500 -1.027344 186.000000
1 2 3 4 5 -0.426829 -2.073171 -1.280488 0.022949 0.075195 -1.016602 203.000000
1 2 3 4 5 -0.487805 -2.012195 -1.280488 0.033203 0.063477 -1.019043 175.000000
1 2 3 4 5 -0.609756 -1.890244 -1.280488 0.021484 0.068359 -1.017578 218.000000
1 2 3 4 5 -0.365854 -2.012195 -1.402439 0.027344 0.067871 -1.018555 43.000000
1 2 3 4 5 -0.487805 -1.890244 -1.341463 0.026855 0.071289 -1.022461 313.000000
1 2 3 4 5 -0.365854 -1.829268 -1.463415 0.025879 0.068359 -1.024902 239.000000
1 2 3 4 5 -0.426829 -2.134146 -1.463415 0.021484 0.069336 -1.017090 121.000000
1 2 3 4 5 -0.426829 -2.134146 -1.280488 0.024902 0.062988 -1.020508 244.000000
1 2 3 4 5 -0.304878 -2.012195 -1.402439 0.034668 0.064941 -1.022461 97.000000
1 2 3 4 5 -0.365854 -1.951220 -1.463415 0.021973 0.067383 -1.019043 304.000000
1 2 3 4 5 -0.365854 -1.951220 -1.341463 0.020508 0.067871 -1.026367 281.000000
1 2 3 4 5 -0.365854 -2.073171 -1.463415 0.021484 0.069824 -1.025879 273.000000
1 2 3 4 5 -0.426829 -1.890244 -1.158537 0.024902 0.071777 -1.030762 236.000000
1 2 3 4 5 -0.365854 -1.951220 -1.219512 0.034180 0.066895 -1.022461 145.000000
1 2 3 4 5 -0.304878 -2.195122 -1.402439 0.026855 0.068848 -1.031250 270.000000
1 2 3 4 5 -0.304878 -2.134146 -1.341463 0.023438 0.058594 -1.028809 200.000000
1 2 3 4 5 -0.426829 -1.951220 -1.219512 0.029785 0.065430 -1.016113 238.000000
1 2 3 4 5 -0.426829 -1.829268 -1.341463 0.020020 0.065918 -1.010742 194.000000
1 2 3 4 5 -0.487805 -1.829268 -1.402439 0.018555 0.063477 -1.020020 58.000000
1 2 3 4 5 -0.365854 -2.134146 -1.158537 0.026367 0.067383 -1.025391 145.000000
1 2 3 4 5 -0.487805 -2.134146 -1.219512 0.021484 0.065430 -1.026367 199.000000
1 2 3 4 5 -0.426829 -2.073171 -1.280488 0.029297 0.071777 -1.023926 419.000000
1 2 3 4 5 -0.304878 -2.134146 -1.341463 0.025391 0.068359 -1.036133 144.000000
1 2 3 4 5 -0.365854 -1.829268 -1.280488 0.027832 0.075684 -1.011230 266.000000
1 2 3 4 5 -0.487805 -2.012195 -1.463415 0.025391 0.061035 -1.027832 130.000000
1 2 3 4 5 -0.426829 -2.012195 -1.402439 0.024414 0.068848 -1.016602 274.000000
1 2 3 4 5 -0.365854 -2.073171 -1.463415 0.015625 0.065430 -1.015137 290.000000
1 2 3 4 5 -0.365854 -2.073171 -1.158537 0.025879 0.076172 -1.015625 315.000000
1 2 3 4 5 -0.426829 -1.951220 -1.158537 0.024414 0.064941 -1.010742 25.000000
1 2 3 4 5 -0.365854 -2.134146 -1.341463 0.020996 0.062988 -1.019043 371.000000
1 2 3 4 5 -0.487805 -1.890244 -1.097561 0.021484 0.060059 -1.009277 214.000000
1 2 3 4 5 -0.670732 -1.951220 -1.219512 0.022949 0.069336 -1.027344 109.000000
1 2 3 4 5 -0.426829 -1.890244 -1.341463 0.027832 0.073242 -1.007324 202.000000
1 2 3 4 5 -0.548780 -2.195122 -1.524390 0.026855 0.066895 -1.017578 151.000000
1 2 3 4 5 -0.365854 -1.890244 -1.341463 0.030762 0.069824 -1.022949 218.000000
1 2 3 4 5 -0.548780 -2.073171 -1.402439 0.027832 0.067383 -1.011719 86.000000
1 2 3 4 5 -0.487805 -1.707317 -1.341463 0.020020 0.064941 -1.018066 252.000000
1 2 3 4 5 -0.609756 -1.768293 -1.280488 0.034180 0.064453 -1.004395 209.000000
1 2 3 4 5 -0.487805 -1.890244 -1.280488 0.021973 0.067383 -1.022949 219.000000
1 2 3 4 5 -0.365854 -1.768293 -1.341463 0.024414 0.068359 -1.020996 228.000000
1 2 3 4 5 -0.426829 -1.768293 -1.341463 0.028809 0.078613 -1.016602 303.000000
1 2 3 4 5 -0.304878 -2.012195 -1.341463 0.025879 0.071289 -1.018555 101.000000
1 2 3 4 5 -0.487805 -2.012195 -1.402439 0.020996 0.074219 -0.997070 109.000000
1 2 3 4 5 -0.487805 -1.890244 -1.280488 0.031738 0.071777 -1.020996 68.000000
1 2 3 4 5 -0.548780 -1.890244 -1.280488 0.027832 0.063477 -1.017090 133.000000
1 2 3 4 5 -0.609756 -1.890244 -1.280488 0.030762 0.061523 -1.026367 199.000000
1 2 3 4 5 -0.609756 -2.134146 -1.280488 0.014648 0.064941 -1.015625 230.000000
1 2 3 4 5 -0.426829 -1.890244 -1.585366 0.029297 0.065918 -1.025391 366.000000
1 2 3 4 5 -0.487805 -1.951220 -1.280488 0.016113 0.068359 -1.022461 93.000000
1 2 3 4 5 -0.426829 -1.951220 -1.463415 0.028809 0.068359 -1.021973 190.000000
1 2 3 4 5 -0.487805 -2.012195 -1.341463 0.031738 0.065918 -1.022461 198.000000
1 2 3 4 5 -0.365854 -2.073171 -1.036585 0.027344 0.063965 -1.013672 204.000000
1 2 3 4 5 -0.365854 -1.829268 -1.219512 0.025879 0.069336 -1.025391 200.000000
1 2 3 4 5 -0.304878 -1.951220 -1.524390 0.023926 0.068848 -1.018066 76.000000
1 2 3 4 5 -0.304878 -1.890244 -1.463415 0.025391 0.067871 -1.022461 192.000000
1 2 3 4 5 -0.426829 -1.951220 -1.341463 0.026367 0.068848 -1.019043 255.000000
1 2 3 4 5 -0.426829 -1.890244 -1.463415 0.022949 0.065430 -1.008301 164.000000
1 2 3 4 5 -0.365854 -1.829268 -1.341463 0.024902 0.071289 -1.028320 107.000000
1 2 3 4 5 -0.487805 -1.890244 -1.280488 0.022949 0.071777 -1.016113 369.000000
1 2 3 4 5 -0.243902 -2.012195 -1.402439 0.022949 0.064941 -1.024902 369.000000
1 2 3 4 5 -0.548780 -2.012195 -1.341463 0.016602 0.070801 -1.025879 24.000000
1 2 3 4 5 -0.548780 -1.890244 -1.463415 0.021973 0.071777 -1.020020 349.000000
1 2 3 4 5 -0.548780 -2.073171 -1.280488 0.020020 0.070313 -1.020996 144.000000
1 2 3 4 5 -0.426829 -2.195122 -1.402439 0.025879 0.069824 -1.019043 302.000000
1 2 3 4 5 -0.426829 -2.012195 -1.219512 0.027832 0.066895 -1.022461 150.000000
1 2 3 4 5 -0.487805 -2.012195 -1.219512 0.032227 0.066895 -1.028320 455.000000
1 2 3 4 5 -0.426829 -2.073171 -1.219512 0.020996 0.071777 -1.021484 240.000000
1 2 3 4 5 -0.426829 -1.951220 -1.341463 0.022949 0.070313 -1.016113 208.000000
1 2 3 4 5 -0.426829 -2.134146 -1.280488 0.021484 0.068359 -1.024902 142.000000
1 2 3 4 5 -0.426829 -1.829268 -1.280488 0.013184 0.071777 -1.030273 503.000000
1 2 3 4 5 -0.426829 -1.890244 -1.219512 0.030273 0.070313 -1.038086 263.000000
1 2 3 4 5 -0.670732 -1.951220 -1.341463 0.019531 0.068359 -1.028320 114.000000
1 2 3 4 5 -0.426829 -2.012195 -1.158537 0.031250 0.066895 -1.023438 276.000000
1 2 3 4 5 -0.365854 -1.768293 -1.219512 0.020020 0.062012 -1.031738 289.000000
1 2 3 4 5 -0.243902 -2.012195 -1.280488 0.024902 0.061523 -1.016602 109.000000
1 2 3 4 5 -0.365854 -1.951220 -1.341463 0.028320 0.068848 -1.016602 28.000000
1 2 3 4 5 -0.548780 -2.012195 -1.402439 0.023926 0.074219 -1.017090 398.000000
1 2 3 4 5 -0.365854 -1.951220 -1.280488 0.017090 0.065918 -1.027344 256.000000
1 2 3 4 5 -0.609756 -2.012195 -1.219512 0.020508 0.068359 -1.021484 305.000000
1 2 3 4 5 -0.548780 -2.012195 -1.036585 0.030762 0.066895 -1.030762 20.000000
1 2 3 4 5 -0.243902 -2.012195 -1.524390 0.020020 0.068359 -1.014160 316.000000
1 2 3 4 5 -0.365854 -1.890244 -1.158537 0.025879 0.069824 -1.008789 350.000000
1 2 3 4 5 -0.548780 -1.890244 -1.280488 0.024902 0.066895 -1.025879 388.000000
1 2 3 4 5 -0.426829 -1.951220 -1.280488 0.032715 0.068359 -1.016602 23.000000
1 2 3 4 5 -0.548780 -2.195122 -1.402439 0.020996 0.062012 -1.018066 352.000000
1 2 3 4 5 -0.609756 -2.012195 -1.463415 0.030762 0.065430 -1.025391 86.000000
1 2 3 4 5 -0.609756 -1.829268 -1.219512 0.027832 0.058594 -1.024902 128.000000
1 2 3 4 5 -0.304878 -2.012195 -1.280488 0.033203 0.064453 -1.012695 150.000000
1 2 3 4 5 -0.426829 -2.012195 -1.158537 0.025879 0.068848 -1.007813 294.000000
1 2 3 4 5 -0.365854 -2.012195 -1.341463 0.031250 0.071289 -1.026855 342.000000
1 2 3 4 5 -0.426829 -1.890244 -1.280488 0.026855 0.065918 -1.012207 92.000000
1 2 3 4 5 -0.243902 -2.012195 -1.158537 0.021484 0.074707 -1.025879 322.000000
1 2 3 4 5 -0.487805 -2.134146 -1.463415 0.024902 0.072266 -1.019043 181.000000
1 2 3 4 5 -0.487805 -1.951220 -1.402439 0.023926 0.078613 -1.016602 78.000000
1 2 3 4 5 -0.548780 -2.073171 -1.402439 0.029785 0.074707 -1.015625 189.000000
1 2 3 4 5 -0.609756 -1.890244 -1.219512 0.029785 0.069824 -1.006348 205.000000
1 2 3 4 5 -0.426829 -2.012195 -1.341463 0.028809 0.065918 -1.009277 192.000000
1 2 3 4 5 -0.304878 -2.012195 -1.341463 0.026367 0.068359 -1.025879 90.000000
1 2 3 4 5 -0.426829 -2.073171 -1.341463 0.024414 0.063477 -1.020020 160.000000
1 2 3 4 5 -0.426829 -2.012195 -1.402439 0.022461 0.062012 -1.024902 351.000000
1 2 3 4 5 -0.548780 -2.134146 -1.341463 0.026367 0.064941 -1.017578 89.000000
1 2 3 4 5 -0.365854 -1.829268 -1.219512 0.033203 0.061035 -1.017090 232.000000
1 2 3 4 5 -0.304878 -2.134146 -1.280488 0.028320 0.059570 -1.016602 362.000000
1 2 3 4 5 -0.487805 -2.134146 -1.402439 0.025879 0.068848 -1.010742 235.000000
1 2 3 4 5 -0.426829 -2.073171 -1.341463 0.025879 0.062988 -0.999023 116.000000
1 2 3 4 5 -0.609756 -2.134146 -1.158537 0.023438 0.068848 -1.023438 59.000000
1 2 3 4 5 -0.426829 -2.012195 -1.280488 0.031250 0.067871 -1.017090 257.000000
1 2 3 4 5 -0.487805 -1.890244 -1.280488 0.023926 0.071777 -1.023926 255.000000
1 2 3 4 5 -0.304878 -2.134146 -1.219512 0.028320 0.063965 -1.008789 135.000000
1 2 3 4 5 -0.304878 -1.890244 -1.219512 0.020508 0.068848 -1.006836 186.000000
1 2 3 4 5 -0.426829 -2.012195 -1.463415 0.026367 0.061523 -1.031738 174.000000
1 2 3 4 5 -0.426829 -2.012195 -1.219512 0.025879 0.070801 -1.015137 58.000000
1 2 3 4 5 -0.365854 -1.890244 -1.402439 0.022461 0.065430 -1.021484 213.000000
1 2 3 4 5 -0.670732 -2.073171 -1.524390 0.028320 0.065918 -1.016113 83.000000
1 2 3 4 5 -0.365854 -2.134146 -1.158537 0.019531 0.076660 -1.027832 183.000000
1 2 3 4 5 -0.304878 -2.134146 -1.280488 0.023926 0.068359 -1.016602 195.000000
1 2 3 4 5 -0.243902 -1.829268 -1.280488 0.029785 0.067383 -1.020508 175.000000
1 2 3 4 5 -0.548780 -1.951220 -1.280488 0.029785 0.068359 -1.022949 137.000000
1 2 3 4 5 -0.426829 -1.829268 -1.402439 0.020020 0.069336 -1.013184 221.000000
1 2 3 4 5 -0.426829 -2.012195 -1.280488 0.022461 0.068359 -1.018555 77.000000
1 2 3 4 5 -0.426829 -2.073171 -1.341463 0.028809 0.074707 -1.033691 71.000000
1 2 3 4 5 -0.548780 -1.829268 -1.402439 0.024902 0.069336 -1.026855 300.000000
1 2 3 4 5 -0.365854 -2.073171 -1.341463 0.024414 0.067871 -1.026367 267.000000
1 2 3 4 5 -0.487805 -2.134146 -1.341463 0.018555 0.075195 -1.020508 129.000000
1 2 3 4 5 -0.304878 -1.890244 -1.402439 0.019043 0.069336 -1.018066 228.000000
1 2 3 4 5 -0.487805 -2.073171 -1.341463 0.018555 0.070313 -1.010254 210.000000
1 2 3 4 5 -0.426829 -2.134146 -1.158537 0.024902 0.067383 -1.025391 252.000000
1 2 3 4 5 -0.365854 -1.768293 -1.219512 0.028809 0.066895 -1.011230 139.000000
1 2 3 4 5 -0.548780 -2.073171 -1.219512 0.025391 0.068359 -1.021484 221.000000
1 2 3 4 5 -0.365854 -1.890244 -1.280488 0.023438 0.064453 -1.013672 136.000000
1 2 3 4 5 -0.365854 -2.073171 -1.219512 0.030762 0.070801 -1.018066 332.000000
1 2 3 4 5 -0.365854 -2.073171 -1.341463 0.023926 0.078613 -1.022461 122.000000
1 2 3 4 5 -0.426829 -1.951220 -1.219512 0.032227 0.065430 -1.010742 197.000000
1 2 3 4 5 -0.182927 -2.134146 -1.219512 0.025391 0.067871 -1.012207 270.000000
1 2 3 4 5 -0.304878 -1.951220 -1.402439 0.026367 0.067871 -1.006348 79.000000
1 2 3 4 5 -0.365854 -2.012195 -1.219512 0.021484 0.066895 -1.016602 231.000000
1 2 3 4 5 -0.548780 -2.073171 -1.280488 0.025391 0.064453 -1.020020 202.000000
1 2 3 4 5 -0.548780 -1.951220 -1.219512 0.020508 0.068359 -1.022461 225.000000
1 2 3 4 5 -0.304878 -1.951220 -1.280488 0.023438 0.065430 -1.017090 268.000000
1 2 3 4 5 -0.182927 -1.890244 -1.097561 0.028320 0.071289 -1.031250 182.000000
1 2 3 4 5 -0.487805 -2.195122 -1.219512 0.024414 0.065918 -1.010742 106.000000
1 2 3 4 5 -0.304878 -1.890244 -1.280488 0.021973 0.068848 -1.018066 286.000000
1 2 3 4 5 -0.548780 -1.951220 -1.341463 0.016602 0.065918 -1.020020 190.000000
1 2 3 4 5 -0.243902 -1.890244 -1.341463 0.023926 0.066895 -1.026367 196.000000
1 2 3 4 5 -0.426829 -2.012195 -1.341463 0.022949 0.078613 -1.026367 279.000000
1 2 3 4 5 -0.548780 -1.951220 -1.280488 0.018555 0.069336 -1.017090 166.000000
1 2 3 4 5 -0.487805 -1.890244 -1.463415 0.019043 0.059570 -1.022949 263.000000
1 2 3 4 5 -0.365854 -2.012195 -1.219512 0.025391 0.062012 -1.017090 174.000000
1 2 3 4 5 -0.365854 -1.768293 -1.219512 0.023438 0.076172 -1.023438 131.000000
1 2 3 4 5 -0.426829 -1.890244 -1.402439 0.026367 0.068848 -1.020508 0.000000
1 2 3 4 5 -0.426829 -2.012195 -1.524390 0.015625 0.062012 -1.013672 290.000000
1 2 3 4 5 -0.487805 -1.829268 -1.158537 0.023926 0.071289 -1.026855 147.000000
1 2 3 4 5 -0.609756 -1.890244 -1.280488 0.021973 0.062988 -1.003906 102.000000
1 2 3 4 5 -0.487805 -1.890244 -1.158537 0.030762 0.069336 -1.020996 102.000000
1 2 3 4 5 -0.243902 -1.951220 -1.097561 0.020020 0.065430 -1.020020 100.000000
1 2 3 4 5 -0.548780 -1.890244 -1.280488 0.018555 0.062988 -1.019043 175.000000
1 2 3 4 5 -0.426829 -1.890244 -1.158537 0.018555 0.074219 -1.018555 243.000000
1 2 3 4 5 -0.365854 -2.195122 -1.402439 0.031250 0.060059 -1.026855 6.000000
1 2 3 4 5 -0.487805 -1.890244 -1.158537 0.030273 0.068359 -1.015625 140.000000
1 2 3 4 5 -0.426829 -2.073171 -1.402439 0.028809 0.067383 -1.021484 178.000000
1 2 3 4 5 -0.365854 -2.134146 -1.280488 0.025391 0.058594 -1.008301 227.000000
1 2 3 4 5 -0.426829 -1.829268 -1.463415 0.033691 0.060547 -1.012695 381.000000
1 2 3 4 5 -0.304878 -2.073171 -1.341463 0.022949 0.067383 -1.018555 134.000000
1 2 3 4 5 -0.426829 -1.768293 -1.158537 0.026855 0.067383 -1.024902 224.000000
1 2 3 4 5 -0.426829 -2.012195 -1.585366 0.033691 0.076172 -1.021973 2282.000000
1 2 3 4 5 -0.609756 -2.012195 -1.341463 0.029297 0.072266 -1.008301 2431.000000
1 2 3 4 5 -0.487805 -1.829268 -1.402439 0.030273 0.068359 -1.015625 2700.000000
1 2 3 4 5 -0.243902 -1.951220 -1.280488 0.025391 0.075195 -1.041992 2085.000000
1 2 3 4 5 -0.670732 -1.890244 -1.524390 0.034180 0.071289 -1.011230 1443.000000
1 2 3 4 5 -0.243902 -1.829268 -1.280488 0.025879 0.058105 -1.022461 956.000000
1 2 3 4 5 -0.426829 -1.890244 -1.341463 0.017090 0.062500 -1.017578 629.000000
1 2 3 4 5 -0.365854 -1.951220 -1.341463 0.024414 0.069336 -1.022461 556.000000
1 2 3 4 5 -0.426829 -2.012195 -1.341463 0.019043 0.071777 -1.017090 591.000000
1 2 3 4 5 -0.365854 -1.829268 -1.280488 0.028320 0.076660 -1.012695 419.000000
1 2 3 4 5 -0.365854 -1.951220 -1.341463 0.030273 0.072754 -1.011719 450.000000
1 2 3 4 5 -0.243902 -2.012195 -1.341463 0.028320 0.070313 -1.021973 111.000000
1 2 3 4 5 -0.487805 -1.951220 -1.341463 0.028809 0.072266 -1.026855 207.000000
1 2 3 4 5 -0.365854 -1.951220 -1.402439 0.035156 0.061523 -1.021484 168.000000
1 2 3 4 5 -0.426829 -1.890244 -1.341463 0.029297 0.064941 -1.017090 473.000000
1 2 3 4 5 -0.548780 -2.195122 -1.341463 0.027832 0.068359 -1.003418 234.000000
1 2 3 4 5 -0.487805 -1.890244 -1.219512 0.027344 0.066895 -1.009277 148.000000
1 2 3 4 5 -0.365854 -2.195122 -1.524390 0.025391 0.070313 -1.025391 263.000000
1 2 3 4 5 -0.487805 -1.951220 -1.219512 0.022949 0.060547 -1.022949 314.000000
1 2 3 4 5 -0.609756 -2.012195 -1.219512 0.023438 0.068848 -1.011230 135.000000
1 2 3 4 5 -0.365854 -2.012195 -1.219512 0.024414 0.064941 -1.017578 422.000000
1 2 3 4 5 -0.365854 -2.012195 -1.402439 0.029785 0.065430 -1.021973 296.000000
1 2 3 4 5 -0.548780 -1.890244 -1.219512 0.016113 0.065918 -1.011230 281.000000
1 2 3 4 5 -0.487805 -2.012195 -1.463415 0.025391 0.070801 -1.008789 424.000000
1 2 3 4 5 -0.304878 -1.890244 -1.402439 0.022461 0.075195 -1.010742 560.000000
1 2 3 4 5 -0.548780 -1.890244 -1.341463 0.020996 0.063477 -1.020508 515.000000
1 2 3 4 5 -0.304878 -1.951220 -1.219512 0.025879 0.068848 -1.027832 521.000000
1 2 3 4 5 -0.365854 -1.951220 -1.280488 0.028809 0.073730 -1.018066 218.000000
1 2 3 4 5 -0.487805 -2.073171 -1.341463 0.032227 0.070801 -1.021973 370.000000
1 2 3 4 5 -0.487805 -2.073171 -1.219512 0.024902 0.072754 -1.018555 238.000000
1 2 3 4 5 -0.609756 -2.012195 -1.280488 0.026367 0.067383 -1.015137 329.000000
1 2 3 4 5 -0.487805 -1.890244 -1.097561 0.026855 0.068359 -1.017578 88.000000
1 2 3 4 5 -0.426829 -2.134146 -1.341463 0.019043 0.072754 -1.022461 319.000000
1 2 3 4 5 -0.487805 -2.012195 -1.463415 0.028809 0.064941 -1.022949 637.000000
1 2 3 4 5 -0.487805 -1.829268 -1.341463 0.025879 0.065430 -1.021484 335.000000
1 2 3 4 5 -0.304878 -2.134146 -1.341463 0.034180 0.063965 -1.020508 148.000000
1 2 3 4 5 -0.548780 -2.073171 -1.341463 0.027344 0.068359 -1.015137 304.000000
1 2 3 4 5 -0.487805 -2.012195 -1.280488 0.019531 0.068848 -1.023438 280.000000
1 2 3 4 5 -0.548780 -1.890244 -1.341463 0.021484 0.068848 -1.021973 260.000000
1 2 3 4 5 -0.426829 -1.829268 -1.219512 0.026367 0.075195 -1.018066 14.000000
1 2 3 4 5 -0.243902 -1.951220 -1.158537 0.021484 0.064941 -1.011719 253.000000
1 2 3 4 5 -0.243902 -2.195122 -1.219512 0.032227 0.068359 -1.030762 247.000000
1 2 3 4 5 -0.243902 -2.012195 -1.219512 0.022949 0.070313 -1.022949 354.000000
1 2 3 4 5 -0.182927 -2.134146 -1.158537 0.022949 0.068359 -1.017578 154.000000
1 2 3 4 5 -0.365854 -2.012195 -1.341463 0.021484 0.064941 -1.026367 426.000000
1 2 3 4 5 -0.487805 -2.073171 -1.341463 0.030762 0.071289 -1.023926 187.000000
1 2 3 4 5 -0.426829 -2.012195 -1.097561 0.024902 0.071777 -1.008789 193.000000
1 2 3 4 5 -0.426829 -1.829268 -1.280488 0.036133 0.080078 -1.026855 255.000000
1 2 3 4 5 -0.304878 -2.073171 -1.280488 0.031738 0.061523 -1.017090 120.000000
1 2 3 4 5 -0.426829 -2.073171 -1.219512 0.020996 0.063477 -1.015625 231.000000
1 2 3 4 5 -0.426829 -2.073171 -1.402439 0.035645 0.073242 -1.008301 414.000000
1 2 3 4 5 -0.487805 -2.073171 -1.219512 0.031738 0.068848 -1.012207 150.000000
1 2 3 4 5 -0.426829 -2.195122 -1.341463 0.021484 0.068359 -1.013672 217.000000
1 2 3 4 5 -0.426829 -1.951220 -1.219512 0.022461 0.067871 -1.009277 89.000000
1 2 3 4 5 -0.365854 -2.073171 -1.219512 0.023438 0.056641 -1.010254 238.000000
1 2 3 4 5 -0.548780 -1.951220 -1.280488 0.023438 0.068359 -1.009277 97.000000
1 2 3 4 5 -0.426829 -2.012195 -1.463415 0.022949 0.062500 -1.031250 298.000000
1 2 3 4 5 -0.426829 -2.012195 -1.402439 0.019531 0.066895 -1.009277 109.000000
1 2 3 4 5 -0.304878 -1.951220 -1.524390 0.033203 0.076172 -1.013184 180.000000
1 2 3 4 5 -0.304878 -2.012195 -1.341463 0.023438 0.068359 -1.026367 350.000000
1 2 3 4 5 -0.365854 -2.073171 -1.585366 0.028320 0.071777 -1.017578 86.000000
1 2 3 4 5 -0.487805 -2.073171 -1.341463 0.028320 0.069824 -1.038086 185.000000
1 2 3 4 5 -0.365854 -1.951220 -1.219512 0.025879 0.067383 -1.032227 144.000000
1 2 3 4 5 -0.182927 -1.890244 -1.219512 0.023438 0.069336 -1.024902 190.000000
1 2 3 4 5 -1.097561 -2.134146 -1.524390 0.028809 0.073242 -1.009277 191.000000
1 2 3 4 5 -0.304878 -1.829268 -1.219512 0.026855 0.040039 -1.041992 391.000000
1 2 3 4 5 -0.914634 -1.951220 -1.341463 0.027344 0.065430 -1.036133 237.000000
1 2 3 4 5 -0.060976 -1.951220 -1.280488 0.018555 0.061523 -1.012207 201.000000
1 2 3 4 5 -0.731707 -1.890244 -1.341463 0.022949 0.070313 -1.022949 308.000000
1 2 3 4 5 0.792683 -2.012195 -1.158537 0.027832 0.076172 -1.010254 76.000000
1 2 3 4 5 -1.158537 -1.951220 -1.341463 0.024414 0.063477 -1.023926 178.000000
1 2 3 4 5 -0.548780 -1.951220 -1.158537 0.011719 0.073242 -1.022461 243.000000
1 2 3 4 5 -1.524390 -1.890244 -1.463415 0.030273 0.064453 -1.005859 250.000000
1 2 3 4 5 -3.292683 -2.134146 -1.402439 0.015625 0.061035 -0.997559 249.000000
1 2 3 4 5 -24.024390 0.121951 -2.500000 0.017090 0.056641 -0.993164 343.000000
1 2 3 4 5 -7.621951 -1.341463 3.902439 0.059082 0.078125 -1.054688 284.000000
1 2 3 4 5 7.073171 -4.085366 10.182927 0.007324 0.015137 -0.991699 463.000000
1 2 3 4 5 -27.012195 0.182927 25.914634 -0.049805 0.014648 -0.932617 624.000000
1 2 3 4 5 1.036585 -7.195122 44.573171 -0.050781 -0.020508 -1.095703 1402.000000
1 2 3 4 5 14.817073 -9.024390 42.500000 0.068359 0.218262 -0.856934 1673.000000
1 2 3 4 5 -14.817073 -1.524390 18.475610 -0.129883 0.193848 -1.040039 1164.000000
1 2 3 4 5 18.658537 -7.195122 17.378049 -0.068848 0.053711 -0.958008 729.000000
1 2 3 4 5 10.121951 -6.707317 34.878049 0.016113 0.086426 -0.870605 1606.000000
1 2 3 4 5 10.426829 -6.951220 43.109756 -0.110352 0.062012 -1.132324 1793.000000
1 2 3 4 5 2.134146 -14.512195 43.658537 -0.057617 -0.050293 -1.589355 2159.000000
1 2 3 4 5 19.146341 -20.060976 45.731707 -0.127930 0.097168 -0.743164 2233.000000
1 2 3 4 5 31.402439 -13.780488 29.146341 -0.327637 0.378906 -1.045410 2284.000000
1 2 3 4 5 51.219512 -2.012195 15.426829 -0.216797 0.038574 -1.123047 438.000000
1 2 3 4 5 110.487805 10.731707 29.939024 -0.034668 -0.068848 -1.259766 683.000000
1 2 3 4 5 67.012195 67.926829 8.353659 -0.389160 0.230469 -1.038574 1327.000000
1 2 3 4 5 40.853659 65.792683 -4.939024 -0.182617 -0.011230 -1.221191 1071.000000
1 2 3 4 5 34.085366 62.865854 -22.012195 -0.211426 -0.112793 -1.169922 1190.000000
1 2 3 4 5 41.707317 44.146341 -5.914634 -0.197754 -0.041504 -1.186035 2629.000000
1 2 3 4 5 19.146341 22.987805 -1.402439 -0.175293 -0.116699 -1.122559 925.000000
1 2 3 4 5 18.841463 19.329268 -2.682927 -0.143066 -0.033203 -0.916992 892.000000
1 2 3 4 5 66.036585 40.121951 -15.304878 -0.128906 -0.116211 -0.882324 870.000000
1 2 3 4 5 91.707317 43.109756 -14.573171 -0.023438 -0.148438 -1.231934 880.000000
1 2 3 4 5 54.207317 28.414634 1.951220 -0.056152 -0.208496 -0.906738 1324.000000
1 2 3 4 5 61.463415 22.621951 9.268293 -0.017578 -0.223633 -0.870117 1173.000000
1 2 3 4 5 65.975610 21.097561 9.939024 0.079590 -0.195313 -0.749512 808.000000
1 2 3 4 5 43.231707 27.439024 9.085366 0.085449 -0.245605 -0.766602 862.000000
1 2 3 4 5 27.804878 30.548780 14.390244 0.128906 -0.279785 -0.702148 358.000000
1 2 3 4 5 22.073171 43.597561 26.036585 0.138672 -0.305664 -0.685059 498.000000
1 2 3 4 5 39.329268 49.512195 37.865854 0.195313 -0.309570 -0.802246 0.000000
1 2 3 4 5 23.292683 45.609756 44.512195 0.214844 -0.371582 -0.844727 0.000000
1 2 3 4 5 -1.646341 31.463415 57.743902 0.193359 -0.408691 -0.828613 0.000000
1 2 3 4 5 14.451220 -2.317073 65.548780 0.352051 -0.298828 -0.835938 924.000000
1 2 3 4 5 -11.219512 -12.439024 59.878049 0.161133 -0.373535 -0.670898 592.000000
1 2 3 4 5 -15.487805 0.731707 57.743902 0.186523 -0.402344 -0.615723 216.000000
1 2 3 4 5 51.341463 19.634146 63.170732 0.135742 -0.482910 -0.681152 41.000000
1 2 3 4 5 87.439024 26.219512 75.304878 0.135742 -0.481934 -0.782227 0.000000
1 2 3 4 5 44.817073 20.426829 87.743902 0.200195 -0.449707 -0.784180 0.000000
1 2 3 4 5 26.768293 9.390244 87.195122 0.136719 -0.449219 -0.645996 546.000000
1 2 3 4 5 51.036585 15.060976 85.182927 0.063965 -0.544922 -0.612305 357.000000
1 2 3 4 5 45.000000 21.219512 107.134146 0.140137 -0.603516 -0.654785 0.000000
1 2 3 4 5 39.329268 25.060976 117.012195 0.165039 -0.547363 -0.669434 4.000000
1 2 3 4 5 38.475610 15.548780 108.292683 0.184082 -0.669434 -0.820313 0.000000
1 2 3 4 5 39.146341 1.341463 104.878049 0.207031 -0.804199 -0.863770 6.000000
1 2 3 4 5 16.219512 4.634146 109.939024 0.251465 -0.802734 -0.753906 198.000000
1 2 3 4 5 25.670732 28.048780 94.329268 0.238770 -0.898438 -0.734375 42.000000
1 2 3 4 5 32.500000 36.951220 95.182927 0.220215 -0.968750 -0.805176 0.000000
1 2 3 4 5 32.987805 27.134146 101.707317 0.240723 -0.966309 -0.818848 0.000000
1 2 3 4 5 12.987805 26.402439 100.182927 0.267090 -0.936035 -0.721680 0.000000
1 2 3 4 5 13.414634 36.524390 82.926829 0.247559 -0.994141 -0.683105 0.000000
1 2 3 4 5 22.378049 38.902439 81.219512 0.207520 -1.077148 -0.755371 0.000000
1 2 3 4 5 23.780488 30.792683 92.134146 0.180176 -1.068359 -0.797852 0.000000
1 2 3 4 5 13.597561 24.634146 91.768293 0.168457 -0.946289 -0.749023 377.000000
1 2 3 4 5 9.390244 29.512195 75.487805 0.153320 -0.908203 -0.746094 485.000000
1 2 3 4 5 6.890244 32.560976 65.487805 0.124512 -0.906250 -0.803223 913.000000
1 2 3 4 5 -2.682927 30.121951 65.853659 0.113281 -0.834473 -0.802734 973.000000
1 2 3 4 5 -0.182927 28.780488 65.853659 0.098633 -0.830078 -0.736816 567.000000
1 2 3 4 5 -5.609756 29.085366 59.085366 0.138672 -0.823242 -0.804688 17.000000
1 2 3 4 5 -15.975610 18.170732 44.268293 0.197266 -0.810059 -0.866699 1.000000
1 2 3 4 5 -25.426829 5.609756 29.817073 0.229980 -0.838867 -0.821777 311.000000
1 2 3 4 5 -24.817073 4.451220 25.792683 0.255859 -0.905273 -0.759766 304.000000
1 2 3 4 5 -27.439024 8.841463 18.170732 0.416016 -0.950195 -0.728516 133.000000
1 2 3 4 5 -26.951220 7.378049 1.036585 0.593262 -1.049805 -0.778809 54.000000
1 2 3 4 5 -34.878049 -10.060976 -24.512195 0.802734 -1.242188 -0.933594 0.000000
1 2 3 4 5 -55.060976 -33.475610 -52.987805 1.094238 -1.402832 -0.777344 355.000000
1 2 3 4 5 -38.109756 -28.475610 -90.182927 1.503418 -1.641602 -0.559570 796.000000
1 2 3 4 5 -41.097561 -34.573171 -126.585366 1.911133 -2.003418 -0.650879 449.000000
1 2 3 4 5 -91.585366 -94.024390 -213.109756 2.266113 -2.571289 -0.615723 2456.000000
1 2 3 4 5 -100.060976 -128.170732 -306.341463 2.423828 -3.466309 -0.188965 0.000000
1 2 3 4 5 -83.780488 -84.207317 -386.890244 2.013672 -4.345215 -0.032715 11032.000000
1 2 3 4 5 -96.402439 -43.658537 -473.963415 1.275391 -5.134277 0.091309 30265.000000
1 2 3 4 5 -78.963415 -18.353659 -602.804878 0.176758 -6.027344 -0.031738 17494.000000
1 2 3 4 5 -17.682927 -7.500000 -688.292683 -1.145508 -6.236816 -0.208984 16958.000000
1 2 3 4 5 38.902439 16.463415 -704.085366 -2.334961 -5.695313 -0.597168 16908.000000
1 2 3 4 5 37.987805 28.719512 -689.634146 -3.039063 -4.562500 -0.851563 6915.000000
1 2 3 4 5 28.719512 32.012195 -635.548780 -3.335449 -3.210449 -0.751465 14563.000000
1 2 3 4 5 43.048780 27.378049 -541.585366 -3.475098 -2.027832 -0.635254 12188.000000
1 2 3 4 5 84.268293 28.170732 -377.500000 -3.246094 -1.209473 -0.810547 16833.000000
1 2 3 4 5 77.256098 38.475610 -233.292683 -2.566895 -0.401367 -1.084473 17118.000000
1 2 3 4 5 56.219512 33.475610 -158.109756 -1.995117 -0.283203 -1.066895 17178.000000
1 2 3 4 5 68.902439 36.890244 -97.378049 -1.501953 -0.293945 -1.202148 17566.000000
1 2 3 4 5 44.817073 4.878049 -47.012195 -1.134766 -0.029785 -1.508789 3338.000000
1 2 3 4 5 13.048780 -36.341463 -13.963415 -0.947266 0.034668 -1.387207 9651.000000
1 2 3 4 5 18.780488 -32.378049 19.024390 -0.780273 0.053711 -1.368652 18281.000000
1 2 3 4 5 14.268293 -23.780488 60.365854 -0.775879 0.044922 -1.558105 5226.000000
1 2 3 4 5 -13.170732 -33.597561 105.792683 -0.941406 -0.136719 -1.572266 3812.000000
1 2 3 4 5 -17.073171 -37.317073 155.792683 -1.064453 -0.239258 -1.324707 1340.000000
1 2 3 4 5 -5.243902 -22.012195 200.426829 -1.051758 -0.311523 -1.160156 7618.000000
1 2 3 4 5 -14.024390 -1.341463 233.048780 -0.951660 -0.375977 -1.124512 25891.000000
1 2 3 4 5 -40.243902 3.048780 247.012195 -0.935547 -0.573242 -0.938965 4884.000000
1 2 3 4 5 -38.719512 8.902439 275.182927 -0.870117 -0.824219 -0.743652 1949.000000
1 2 3 4 5 -16.341463 15.975610 319.451220 -0.712402 -1.049316 -0.720703 5462.000000
1 2 3 4 5 -11.585366 14.573171 356.463415 -0.503418 -1.247070 -0.666992 12834.000000
1 2 3 4 5 -1.585366 28.780488 366.097561 -0.330078 -1.370605 -0.421387 93.000000
1 2 3 4 5 8.536585 56.463415 364.207317 -0.131836 -1.517090 -0.394531 7287.000000
1 2 3 4 5 -4.329268 61.890244 352.865854 0.001953 -1.599609 -0.419434 10700.000000
1 2 3 4 5 13.048780 58.292683 340.365854 0.193359 -1.668457 -0.458496 11449.000000
1 2 3 4 5 12.804878 71.951220 321.829268 0.223633 -1.699219 -0.357910 3880.000000
1 2 3 4 5 4.756098 95.121951 300.853659 0.282227 -1.708496 -0.229004 5170.000000
1 2 3 4 5 26.585366 108.597561 278.414634 0.339844 -1.719727 -0.200684 0.000000
1 2 3 4 5 46.158537 112.865854 261.768293 0.346680 -1.712891 -0.344238 0.000000
1 2 3 4 5 23.841463 87.621951 250.670732 0.385254 -1.665527 -0.581055 372.000000
1 2 3 4 5 -10.975610 38.231707 230.426829 0.371582 -1.636230 -0.508301 1822.000000
1 2 3 4 5 -7.134146 27.073171 210.182927 0.419434 -1.641113 -0.298340 2114.000000
1 2 3 4 5 35.304878 50.914634 194.878049 0.478027 -1.585449 -0.338867 816.000000
1 2 3 4 5 35.243902 65.487805 184.390244 0.500000 -1.608398 -0.501953 891.000000
1 2 3 4 5 16.585366 58.536585 173.231707 0.501953 -1.496094 -0.605469 0.000000
1 2 3 4 5 17.073171 43.597561 154.390244 0.522949 -1.487305 -0.564941 0.000000
1 2 3 4 5 26.402439 35.304878 143.597561 0.555176 -1.429199 -0.518066 88.000000
1 2 3 4 5 28.963415 29.878049 116.463415 0.646973 -1.315918 -0.651367 0.000000
1 2 3 4 5 14.390244 14.268293 87.500000 0.706543 -1.402344 -0.705078 0.000000
1 2 3 4 5 27.926829 0.548780 69.207317 0.841309 -1.371582 -0.754883 0.000000
1 2 3 4 5 19.329268 -10.609756 46.036585 1.006836 -1.426758 -0.824219 159.000000
1 2 3 4 5 8.719512 -27.317073 17.560976 1.282715 -1.506836 -0.819824 952.000000
1 2 3 4 5 6.707317 -36.280488 -29.085366 1.613770 -1.722168 -0.740234 1577.000000
1 2 3 4 5 -4.329268 -50.792683 -78.414634 2.056152 -2.141113 -0.635742 2640.000000
1 2 3 4 5 -19.390244 -75.243902 -127.439024 2.403809 -2.840820 -0.347168 1892.000000
1 2 3 4 5 -36.707317 -90.975610 -205.182927 2.476563 -3.355957 0.080566 0.000000
1 2 3 4 5 -77.682927 -111.280488 -353.475610 2.429199 -3.929688 0.317383 7755.000000
1 2 3 4 5 -51.646341 -132.865854 -462.256098 1.896484 -5.512695 0.653809 18827.000000
1 2 3 4 5 -15.426829 -84.634146 -487.439024 0.720215 -6.772461 1.137207 32700.000000
1 2 3 4 5 -10.792683 -45.975610 -637.500000 -0.862305 -7.333984 0.880371 32700.000000
1 2 3 4 5 64.390244 -65.548780 -817.195122 -2.418457 -7.974609 0.285156 28564.000000
1 2 3 4 5 113.597561 -109.512195 -792.500000 -3.744141 -7.197754 -0.187012 32700.000000
1 2 3 4 5 105.975610 -130.609756 -746.280488 -4.302246 -4.877441 -0.261230 17284.000000
1 2 3 4 5 88.719512 -75.853659 -691.890244 -4.541504 -3.292480 -0.188477 22695.000000
1 2 3 4 5 150.548780 -55.914634 -554.756098 -4.278809 -1.842285 -0.933105 32700.000000
1 2 3 4 5 78.353659 -65.548780 -341.402439 -3.540039 -1.036133 -1.325195 12558.000000
1 2 3 4 5 66.585366 -15.304878 -204.268293 -2.708496 -0.427734 -0.928223 4764.000000
1 2 3 4 5 80.975610 4.024390 -168.292683 -1.868164 -0.103027 -1.246582 1111.000000
1 2 3 4 5 30.548780 12.134146 -116.463415 -1.291992 0.049805 -1.318848 0.000000
1 2 3 4 5 9.207317 10.487805 -72.560976 -0.796387 0.185547 -1.309082 332.000000
1 2 3 4 5 8.353659 0.182927 -26.402439 -0.565918 0.144531 -1.198730 0.000000
1 2 3 4 5 21.036585 -8.902439 7.621951 -0.354492 0.199707 -1.245117 2949.000000
1 2 3 4 5 -1.463415 -21.341463 28.292683 -0.219238 0.139160 -1.322266 2481.000000
1 2 3 4 5 -22.682927 -16.707317 43.109756 -0.157227 0.057617 -1.155273 1831.000000
1 2 3 4 5 -7.682927 7.865854 55.000000 -0.110840 -0.030273 -1.080566 593.000000
1 2 3 4 5 12.195122 28.536585 77.378049 -0.124512 -0.145996 -1.153809 0.000000
1 2 3 4 5 11.402439 26.219512 106.646341 -0.113770 -0.286133 -1.272949 1596.000000
1 2 3 4 5 -10.426829 7.682927 126.524390 -0.122559 -0.310547 -1.274414 7588.000000
1 2 3 4 5 -42.073171 -12.317073 135.792683 -0.127441 -0.352539 -1.204102 8869.000000
1 2 3 4 5 -60.365854 -15.792683 144.268293 -0.230469 -0.442383 -0.980957 11184.000000
1 2 3 4 5 -41.280488 -0.000000 161.097561 -0.214844 -0.583984 -0.911133 5679.000000
1 2 3 4 5 -14.512195 15.182927 179.085366 -0.179688 -0.561523 -0.982910 3679.000000
1 2 3 4 5 -27.073171 26.707317 192.073171 -0.182129 -0.614258 -0.912109 9028.000000
1 2 3 4 5 -55.243902 29.329268 214.146341 -0.103516 -0.847656 -0.923828 7386.000000
1 2 3 4 5 -60.914634 21.768293 242.987805 0.032715 -0.810059 -0.867188 8826.000000
1 2 3 4 5 -50.487805 24.817073 250.304878 0.054688 -0.714355 -0.720703 4267.000000
1 2 3 4 5 -34.146341 42.500000 259.573171 0.098633 -0.817383 -0.578125 6212.000000
1 2 3 4 5 -39.634146 67.256098 276.402439 0.201172 -0.959473 -0.584473 8542.000000
1 2 3 4 5 -33.231707 77.682927 291.951220 0.264160 -0.946289 -0.501953 8910.000000
1 2 3 4 5 -36.768293 83.719512 285.121951 0.196289 -0.913086 -0.341309 31386.000000
1 2 3 4 5 -51.402439 95.304878 284.512195 0.184082 -1.108398 -0.178223 2999.000000
1 2 3 4 5 -50.853659 93.170732 289.512195 0.206055 -1.221191 -0.091797 3561.000000
1 2 3 4 5 -19.329268 94.634146 286.951220 0.169434 -1.286621 0.054199 5991.000000
1 2 3 4 5 6.585366 107.804878 286.402439 0.185547 -1.366211 0.021973 439.000000
1 2 3 4 5 -2.926829 95.365854 294.207317 0.391602 -1.625000 -0.324219 1555.000000
1 2 3 4 5 -38.658537 62.134146 283.231707 0.407715 -1.451172 -0.244141 1214.000000
1 2 3 4 5 -12.256098 69.939024 244.268293 0.307617 -1.489258 -0.024414 796.000000
1 2 3 4 5 -7.500000 91.951220 239.756098 0.413086 -1.939941 -0.250488 0.000000
1 2 3 4 5 -22.378049 100.426829 256.890244 0.484863 -1.906250 -0.145508 263.000000
1 2 3 4 5 33.231707 118.597561 228.719512 0.523438 -1.629883 -0.229980 143.000000
1 2 3 4 5 18.353659 118.841463 196.585366 0.602539 -1.734375 -0.469238 80.000000
1 2 3 4 5 -28.841463 75.060976 186.890244 0.799316 -1.791992 -0.479004 506.000000
1 2 3 4 5 -16.036585 35.121951 170.853659 0.901855 -1.783203 -0.295410 559.000000
1 2 3 4 5 18.902439 23.414634 139.573171 1.029785 -1.756348 -0.398926 559.000000
1 2 3 4 5 9.390244 -1.646341 91.646341 1.259766 -1.720215 -0.510742 1579.000000
1 2 3 4 5 2.926829 -29.756098 37.134146 1.427246 -1.727539 -0.446777 951.000000
1 2 3 4 5 8.353659 -39.329268 -18.353659 1.563965 -1.610352 -0.305664 177.000000
1 2 3 4 5 20.731707 -35.731707 -61.829268 1.685059 -1.584473 -0.139648 4882.000000
1 2 3 4 5 3.231707 -35.121951 -84.207317 1.989258 -1.782715 0.174805 3486.000000
1 2 3 4 5 2.317073 -54.512195 -119.207317 2.228516 -2.530762 0.622070 5035.000000
1 2 3 4 5 -4.878049 -121.280488 -202.682927 2.473145 -3.338379 0.675781 32700.000000
1 2 3 4 5 29.573171 -208.658537 -346.951220 2.440430 -3.600586 0.769531 25134.000000
1 2 3 4 5 -24.756098 -241.646341 -421.829268 2.136719 -4.686035 0.939453 28375.000000
1 2 3 4 5 -35.548780 -220.121951 -486.097561 1.136230 -5.507813 1.053223 32700.000000
1 2 3 4 5 9.207317 -160.304878 -603.475610 -0.096191 -6.597168 0.968750 32700.000000
1 2 3 4 5 35.365854 -117.378049 -640.975610 -1.418945 -7.708984 0.584473 32700.000000
1 2 3 4 5 90.792683 -108.841463 -702.073171 -2.380371 -6.647461 0.451660 32700.000000
1 2 3 4 5 97.926829 -102.378049 -718.841463 -3.264648 -5.814941 -0.142578 27334.000000
1 2 3 4 5 81.463415 -109.024390 -705.487805 -3.976563 -4.339355 -0.282715 17290.000000
1 2 3 4 5 166.036585 -49.329268 -599.085366 -4.110840 -2.631836 -0.553223 32700.000000
1 2 3 4 5 161.707317 -47.804878 -442.134146 -3.779785 -1.017090 -1.340332 18727.000000
1 2 3 4 5 57.195122 -46.036585 -321.097561 -3.244141 -0.487305 -1.285645 11700.000000
1 2 3 4 5 65.000000 -9.573171 -173.536585 -2.176758 -0.400879 -1.144531 26714.000000
1 2 3 4 5 73.292683 14.512195 -74.695122 -1.268555 -0.096680 -1.323730 11976.000000
1 2 3 4 5 32.317073 25.609756 -58.597561 -0.640137 0.067383 -1.249512 14684.000000
1 2 3 4 5 10.304878 38.536585 -58.048780 -0.381348 0.029297 -1.129395 6782.000000
1 2 3 4 5 21.341463 42.439024 -22.378049 -0.227539 0.022461 -1.190430 7507.000000
1 2 3 4 5 12.317073 6.707317 17.804878 -0.123047 0.182129 -1.398926 0.000000
1 2 3 4 5 -31.707317 -32.317073 34.268293 -0.035645 0.249023 -1.182129 0.000000
1 2 3 4 5 -16.707317 -21.768293 50.548780 0.112793 0.172852 -1.022949 1201.000000
1 2 3 4 5 9.085366 -8.719512 64.756098 0.254395 0.137695 -1.237793 0.000000
1 2 3 4 5 -25.304878 -19.268293 67.073171 0.243164 -0.044434 -1.221191 0.000000
1 2 3 4 5 -36.280488 -20.670732 75.670732 0.233887 -0.265137 -1.096680 3530.000000
1 2 3 4 5 -40.548780 -7.987805 87.560976 0.106934 -0.299316 -1.085938 3630.000000
1 2 3 4 5 -44.329268 -0.548780 89.634146 -0.058594 -0.312988 -1.166992 1644.000000
1 2 3 4 5 -63.048780 -3.414634 89.024390 -0.154785 -0.371094 -1.236816 1918.000000
1 2 3 4 5 -60.792683 -4.695122 112.560976 -0.075684 -0.465332 -1.215820 7941.000000
1 2 3 4 5 -54.695122 -3.231707 144.756098 -0.041992 -0.435547 -1.172363 7234.000000
1 2 3 4 5 -69.390244 -4.024390 166.890244 -0.080566 -0.473633 -1.159180 8111.000000
1 2 3 4 5 -81.280488 -12.560976 185.731707 0.050781 -0.540039 -1.173340 3328.000000
1 2 3 4 5 -90.304878 -19.268293 196.463415 0.142578 -0.576660 -1.016602 6393.000000
1 2 3 4 5 -102.439024 -14.939024 209.939024 0.138672 -0.681641 -0.847168 8851.000000
1 2 3 4 5 -89.573171 -4.085366 237.134146 0.163086 -0.800293 -0.675781 7919.000000
1 2 3 4 5 -86.402439 8.963415 264.817073 0.224121 -0.799805 -0.546875 5489.000000
1 2 3 4 5 -90.243902 18.475610 277.560976 0.273438 -0.792969 -0.375977 9187.000000
1 2 3 4 5 -79.451220 34.939024 270.365854 0.226563 -0.749023 -0.282227 3541.000000
1 2 3 4 5 -69.085366 42.317073 274.634146 0.295410 -1.003906 -0.307617 494.000000
1 2 3 4 5 -80.365854 41.890244 300.426829 0.379883 -1.147461 -0.174316 15945.000000
1 2 3 4 5 -67.256098 51.341463 307.134146 0.396973 -1.018066 0.036621 6064.000000
1 2 3 4 5 -43.475610 67.987805 295.914634 0.439453 -1.104492 -0.023438 3846.000000
1 2 3 4 5 -39.329268 66.829268 301.219512 0.483398 -1.327637 -0.158203 3060.000000
1 2 3 4 5 -57.804878 52.743902 303.231707 0.482422 -1.371582 -0.087891 6829.000000
1 2 3 4 5 -27.012195 52.378049 292.500000 0.630371 -1.427246 -0.133301 6015.000000
1 2 3 4 5 -3.414634 56.402439 273.353659 0.631348 -1.465820 -0.146484 2916.000000
1 2 3 4 5 -15.548780 57.621951 258.353659 0.691406 -1.617188 -0.298828 2044.000000
1 2 3 4 5 7.500000 44.939024 250.853659 0.792969 -1.684082 -0.392090 3844.000000
1 2 3 4 5 -5.792683 40.121951 228.536585 0.815918 -1.643555 -0.300781 1658.000000
1 2 3 4 5 1.341463 48.292683 205.000000 0.895508 -1.575195 -0.402832 0.000000
1 2 3 4 5 23.048780 39.268293 185.487805 0.928711 -1.618652 -0.531250 0.000000
1 2 3 4 5 15.365854 21.524390 165.609756 0.956055 -1.570313 -0.525879 0.000000
1 2 3 4 5 32.987805 13.353659 132.804878 1.090820 -1.415039 -0.543457 882.000000
1 2 3 4 5 27.195122 4.817073 100.792683 1.209961 -1.377441 -0.592773 571.000000
1 2 3 4 5 14.878049 -15.000000 71.585366 1.292969 -1.320313 -0.600098 0.000000
1 2 3 4 5 28.414634 -33.109756 42.073171 1.401855 -1.331543 -0.530273 0.000000
1 2 3 4 5 22.621951 -43.475610 0.304878 1.593750 -1.358398 -0.337402 361.000000
1 2 3 4 5 26.585366 -33.414634 -30.060976 1.864746 -1.697754 0.163574 642.000000
1 2 3 4 5 61.829268 -11.768293 -74.756098 2.254883 -1.784668 0.497559 2089.000000
1 2 3 4 5 84.268293 -43.414634 -132.012195 2.826660 -2.520508 0.767578 7299.000000
1 2 3 4 5 73.475610 -96.036585 -185.121951 2.953613 -3.289063 1.339355 3194.000000
1 2 3 4 5 112.621951 -173.841463 -353.536585 2.583496 -4.443359 1.463379 20725.000000
1 2 3 4 5 111.097561 -222.500000 -452.926829 1.518066 -5.328125 1.406250 31737.000000
1 2 3 4 5 124.878049 -240.000000 -524.085366 0.147461 -5.878418 1.239258 32700.000000
1 2 3 4 5 120.304878 -233.048780 -589.695122 -1.096680 -6.315430 0.884766 32700.000000
1 2 3 4 5 129.207317 -216.219512 -636.585366 -2.104004 -6.605957 0.859375 32700.000000
1 2 3 4 5 211.158537 -189.756098 -628.475610 -2.817871 -5.865234 0.462402 32700.000000
1 2 3 4 5 193.414634 -224.451220 -649.146341 -3.190430 -3.542969 -0.329102 32700.000000
1 2 3 4 5 123.780488 -201.402439 -612.195122 -3.533203 -1.822754 -0.465332 12272.000000
1 2 3 4 5 162.256098 -111.707317 -408.109756 -3.299805 -1.378906 -0.890137 23783.000000
1 2 3 4 5 113.841463 -100.731707 -201.158537 -2.493164 -0.707520 -1.398438 18355.000000
1 2 3 4 5 53.170732 -116.097561 -137.500000 -1.563965 -0.568359 -0.966309 0.000000
1 2 3 4 5 68.536585 -26.036585 -112.134146 -0.984863 -0.453613 -0.719727 0.000000
1 2 3 4 5 64.085366 40.365854 -105.609756 -0.659180 -0.158203 -1.212402 0.000000
1 2 3 4 5 14.817073 32.012195 -101.646341 -0.481934 -0.075684 -1.188477 0.000000
1 2 3 4 5 5.426829 21.158537 -60.365854 -0.258301 -0.031250 -1.105957 0.000000
1 2 3 4 5 -2.621951 5.975610 -13.048780 -0.090332 0.001953 -1.209961 191.000000
1 2 3 4 5 -16.463415 -14.268293 6.890244 0.091797 0.056152 -1.242676 356.000000
1 2 3 4 5 -22.439024 -14.451220 10.182927 0.215820 0.020020 -1.124023 824.000000
1 2 3 4 5 -23.109756 10.792683 25.609756 0.190918 -0.064453 -1.157715 1888.000000
1 2 3 4 5 -30.304878 17.500000 53.841463 0.196777 -0.141602 -1.259766 3339.000000
1 2 3 4 5 -49.085366 8.475610 78.170732 0.158691 -0.173340 -1.196289 3182.000000
1 2 3 4 5 -65.060976 3.048780 95.975610 0.132813 -0.268066 -0.998535 8154.000000
1 2 3 4 5 -50.914634 -2.195122 112.987805 0.123047 -0.397949 -1.133789 0.000000
1 2 3 4 5 -54.451220 -30.304878 128.597561 0.197754 -0.432617 -1.357910 14997.000000
1 2 3 4 5 -110.243902 -62.317073 133.902439 0.205078 -0.513184 -1.174805 8870.000000
1 2 3 4 5 -111.524390 -54.878049 151.707317 0.177246 -0.624512 -0.952637 5192.000000
1 2 3 4 5 -87.865854 -35.060976 177.621951 0.181152 -0.679688 -0.996582 10964.000000
1 2 3 4 5 -99.756098 -25.426829 195.975610 0.201172 -0.629883 -1.023438 6208.000000
1 2 3 4 5 -119.512195 -26.524390 200.060976 0.195801 -0.585938 -0.938965 6921.000000
1 2 3 4 5 -131.524390 -24.268293 203.963415 0.266113 -0.629395 -0.780762 6639.000000
1 2 3 4 5 -110.060976 -8.658537 222.256098 0.270508 -0.757813 -0.514648 8682.000000
1 2 3 4 5 -70.121951 22.317073 241.585366 0.305176 -0.622070 -0.340332 16241.000000
1 2 3 4 5 -61.585366 42.865854 241.402439 0.319824 -0.640137 -0.350098 10126.000000
1 2 3 4 5 -77.256098 48.597561 249.268293 0.344238 -0.731445 -0.260742 8229.000000
1 2 3 4 5 -72.256098 49.512195 262.621951 0.464355 -0.866699 -0.227539 5737.000000
1 2 3 4 5 -58.780488 47.865854 267.804878 0.477051 -0.832031 -0.170410 10349.000000
1 2 3 4 5 -57.621951 50.609756 258.841463 0.513672 -0.914063 -0.164063 373.000000
1 2 3 4 5 -50.000000 45.182927 260.182927 0.534668 -0.993164 -0.254883 5692.000000
1 2 3 4 5 -56.463415 34.451220 261.524390 0.485352 -1.062988 -0.210938 1532.000000
1 2 3 4 5 -45.365854 37.500000 261.524390 0.479004 -1.167480 -0.126953 7460.000000
1 2 3 4 5 -18.231707 45.304878 270.182927 0.584961 -1.294922 -0.298340 1113.000000
1 2 3 4 5 -13.719512 45.670732 266.951220 0.573730 -1.358398 -0.358887 151.000000
1 2 3 4 5 -7.743902 51.463415 250.121951 0.544922 -1.474609 -0.184570 0.000000
1 2 3 4 5 17.682927 63.536585 243.841463 0.658203 -1.632324 -0.316895 638.000000
1 2 3 4 5 18.597561 67.317073 243.597561 0.746094 -1.582031 -0.400879 945.000000
1 2 3 4 5 6.646341 63.963415 225.792683 0.758301 -1.502930 -0.423340 769.000000
1 2 3 4 5 5.304878 56.951220 190.060976 0.758301 -1.515137 -0.553711 607.000000
1 2 3 4 5 -2.256098 44.207317 166.402439 0.825684 -1.571289 -0.508301 163.000000
1 2 3 4 5 -0.000000 46.585366 166.219512 0.946777 -1.545898 -0.457031 614.000000
1 2 3 4 5 30.975610 43.780488 144.817073 1.002930 -1.322266 -0.604980 6.000000
1 2 3 4 5 10.975610 24.451220 101.402439 1.009277 -1.244141 -0.664551 288.000000
1 2 3 4 5 -11.890244 6.280488 65.487805 1.026855 -1.221191 -0.572266 711.000000
1 2 3 4 5 -6.829268 -2.195122 43.597561 1.119629 -1.188965 -0.530273 681.000000
1 2 3 4 5 -5.000000 -19.634146 19.878049 1.187500 -1.167969 -0.523926 659.000000
1 2 3 4 5 -11.036585 -36.707317 -10.731707 1.246094 -1.197754 -0.483398 315.000000
1 2 3 4 5 -15.121951 -44.268293 -51.463415 1.319824 -1.259766 -0.309570 0.000000
1 2 3 4 5 -5.365854 -33.231707 -85.670732 1.471191 -1.453613 0.050781 0.000000
1 2 3 4 5 31.585366 -16.585366 -104.634146 1.789551 -1.558105 0.532227 2567.000000
1 2 3 4 5 62.926829 -24.268293 -127.317073 2.255859 -2.258301 1.164063 3801.000000
1 2 3 4 5 74.268293 -95.975610 -165.670732 2.816406 -2.473633 1.174805 8197.000000
1 2 3 4 5 83.658537 -191.524390 -276.097561 2.869629 -3.746094 1.650879 23176.000000
1 2 3 4 5 120.304878 -222.012195 -409.939024 2.457031 -5.148926 1.984863 19640.000000
1 2 3 4 5 172.560976 -169.878049 -539.512195 1.415527 -6.171875 1.869141 19547.000000
1 2 3 4 5 203.414634 -153.353659 -580.792683 0.087402 -7.539551 1.361816 26340.000000
1 2 3 4 5 252.256098 -220.426829 -616.585366 -1.603516 -8.177734 0.720215 32700.000000
1 2 3 4 5 215.975610 -293.719512 -726.646341 -2.678711 -7.234375 0.088379 32700.000000
1 2 3 4 5 160.487805 -275.853659 -706.341463 -3.231934 -5.375977 -0.107422 32700.000000
1 2 3 4 5 160.548780 -183.719512 -656.951220 -3.838379 -3.304199 -0.017578 30782.000000
1 2 3 4 5 226.768293 -60.975610 -487.560976 -3.903320 -2.349121 -0.977539 7017.000000
1 2 3 4 5 143.475610 -118.048780 -266.280488 -3.176270 -1.166504 -1.613281 14417.000000
1 2 3 4 5 64.390244 -113.902439 -175.853659 -2.316895 -0.665527 -0.643555 16897.000000
1 2 3 4 5 94.512195 -25.121951 -120.548780 -1.375000 -0.440918 -0.982422 1102.000000
1 2 3 4 5 41.890244 8.170732 -91.707317 -0.736328 -0.150391 -1.240723 1417.000000
1 2 3 4 5 23.597561 24.329268 -63.841463 -0.345215 -0.209473 -1.108398 523.000000
1 2 3 4 5 59.756098 33.719512 -24.573171 -0.134766 -0.181152 -1.099121 927.000000
1 2 3 4 5 29.146341 12.743902 -17.500000 0.103516 0.198730 -1.294434 0.000000
1 2 3 4 5 -18.963415 -8.841463 -7.560976 0.165527 0.103516 -1.117676 367.000000
1 2 3 4 5 0.975610 4.634146 8.109756 0.279785 0.169434 -1.042969 407.000000
1 2 3 4 5 10.548780 22.500000 23.475610 0.355469 0.234863 -1.068359 0.000000
1 2 3 4 5 -5.975610 16.829268 42.195122 0.453613 0.132324 -1.074707 0.000000
1 2 3 4 5 -11.585366 -5.548780 64.939024 0.563477 0.054688 -1.008789 0.000000
1 2 3 4 5 -11.280488 -17.073171 68.780488 0.569336 0.074219 -0.895996 0.000000
1 2 3 4 5 -28.658537 -16.097561 47.439024 0.541016 0.008301 -0.872070 0.000000
1 2 3 4 5 -41.646341 -16.158537 34.817073 0.411621 -0.075684 -0.865234 0.000000
1 2 3 4 5 -38.353659 -11.585366 40.182927 0.323242 -0.093262 -0.830078 23.000000
1 2 3 4 5 -34.329268 -0.853659 51.524390 0.261230 -0.033203 -0.845703 267.000000
1 2 3 4 5 -39.512195 0.548780 56.280488 0.261230 0.052734 -0.877441 473.000000
1 2 3 4 5 -33.597561 2.256098 69.878049 0.280273 -0.000000 -0.859375 382.000000
1 2 3 4 5 -14.146341 5.060976 83.963415 0.288086 0.043945 -0.876953 565.000000
1 2 3 4 5 -9.451220 5.609756 92.134146 0.314941 0.067383 -0.896973 1408.000000
1 2 3 4 5 -11.768293 1.219512 101.646341 0.292480 -0.058105 -0.919922 2232.000000
1 2 3 4 5 -23.048780 -12.682927 104.146341 0.318359 0.013184 -0.913086 6706.000000
1 2 3 4 5 -28.719512 -19.573171 100.731707 0.307129 -0.014648 -0.795898 4185.000000
1 2 3 4 5 -5.670732 -12.439024 110.000000 0.284180 -0.093750 -0.708496 7234.000000
1 2 3 4 5 -11.524390 0.792683 124.268293 0.297363 -0.113281 -0.772949 4920.000000
1 2 3 4 5 -32.743902 6.829268 137.804878 0.313477 -0.132813 -0.750000 1893.000000
1 2 3 4 5 -33.170732 5.182927 153.658537 0.395996 -0.151367 -0.784668 824.000000
1 2 3 4 5 -15.365854 4.939024 159.878049 0.427734 -0.136230 -0.772461 15145.000000
1 2 3 4 5 -17.256098 -0.609756 162.621951 0.477539 -0.210449 -0.832031 7409.000000
1 2 3 4 5 -63.353659 -14.207317 163.109756 0.528809 -0.257324 -0.887207 3793.000000
1 2 3 4 5 -104.573171 -29.756098 156.707317 0.561523 -0.338867 -0.838867 0.000000
1 2 3 4 5 -104.634146 -34.817073 147.012195 0.581055 -0.305664 -0.886230 3836.000000
1 2 3 4 5 -99.268293 -28.292683 137.073171 0.638184 -0.329590 -0.612793 1259.000000
1 2 3 4 5 -110.243902 -20.121951 138.170732 0.564941 -0.510742 -0.812500 450.000000
1 2 3 4 5 -94.268293 -25.182927 153.597561 0.510742 -0.463379 -0.805664 2082.000000
1 2 3 4 5 -83.902439 -46.097561 184.695122 0.683594 -0.204102 -0.285156 10147.000000
1 2 3 4 5 -59.817073 -50.182927 198.048780 0.340820 -0.427246 -0.354980 7132.000000
1 2 3 4 5 -34.512195 -55.853659 191.280488 0.424805 -0.502930 -0.715332 2016.000000
1 2 3 4 5 -40.792683 -50.609756 157.926829 0.531250 -0.301270 -1.033203 533.000000
1 2 3 4 5 -66.341463 -43.292683 138.170732 0.461426 -0.455566 -1.148926 652.000000
1 2 3 4 5 -38.109756 -28.353659 140.365854 0.239258 -0.450684 -0.958496 0.000000
1 2 3 4 5 7.439024 -9.451220 131.341463 0.379883 -0.266113 -1.033203 910.000000
1 2 3 4 5 -16.097561 0.853659 107.804878 0.408691 -0.311523 -0.957031 973.000000
1 2 3 4 5 -80.121951 -7.560976 81.036585 0.273438 -0.210938 -1.080078 0.000000
1 2 3 4 5 -92.378049 -16.646341 59.268293 0.332520 -0.374512 -0.901855 102.000000
1 2 3 4 5 -100.182927 -25.731707 57.804878 0.286133 -0.321289 -1.025879 169.000000
1 2 3 4 5 -104.024390 -40.548780 64.085366 0.239258 -0.375977 -1.186523 2952.000000
1 2 3 4 5 -42.804878 -51.341463 64.207317 0.249023 -0.243164 -1.130859 2813.000000
1 2 3 4 5 31.890244 -41.524390 62.865854 0.230469 -0.226563 -1.060059 5.000000
1 2 3 4 5 20.731707 -37.560976 63.353659 0.195801 -0.240723 -1.187500 0.000000
1 2 3 4 5 -35.060976 -53.170732 54.512195 0.206543 -0.205078 -1.150391 519.000000
1 2 3 4 5 -43.902439 -53.292683 36.097561 0.165039 -0.193848 -1.067383 1448.000000
1 2 3 4 5 -37.987805 -46.280488 17.987805 0.167480 -0.234863 -1.155273 350.000000
1 2 3 4 5 -39.146341 -41.463415 9.939024 0.105469 -0.270996 -1.161133 834.000000
1 2 3 4 5 -17.987805 -27.743902 18.597561 0.098145 -0.221191 -1.101563 856.000000
1 2 3 4 5 43.963415 -8.902439 29.207317 0.167480 -0.276367 -1.081055 1048.000000
1 2 3 4 5 56.768293 10.670732 25.914634 0.065430 -0.031250 -1.042969 1094.000000
1 2 3 4 5 -8.719512 5.365854 11.463415 0.053223 -0.028809 -1.071289 1104.000000
1 2 3 4 5 -6.219512 -7.500000 9.329268 0.020508 -0.101563 -0.992188 871.000000
1 2 3 4 5 5.914634 -7.256098 6.524390 -0.048340 -0.035156 -0.952148 5265.000000
1 2 3 4 5 21.707317 6.707317 13.231707 0.062988 -0.240723 -0.875488 1452.000000
1 2 3 4 5 0.670732 0.243902 19.817073 0.063965 -0.083008 -1.292969 1110.000000
1 2 3 4 5 -37.743902 -13.109756 10.792683 0.033691 -0.019531 -0.977539 1203.000000
1 2 3 4 5 -79.695122 -18.719512 -1.829268 0.019043 -0.103027 -0.814453 704.000000
1 2 3 4 5 -137.195122 -24.756098 -18.292683 -0.003906 -0.016602 -1.251953 515.000000
1 2 3 4 5 -179.756098 -4.634146 -36.219512 0.205566 -0.234863 -1.080566 5024.000000
1 2 3 4 5 38.414634 -20.792683 -6.219512 -0.235840 0.171387 -1.018066 2719.000000
1 2 3 4 5 63.231707 -7.317073 -4.634146 0.143066 0.173340 -1.123047 2070.000000
1 2 3 4 5 -20.487805 -12.012195 -7.500000 -0.063477 -0.147949 -0.719238 753.000000
1 2 3 4 5 -11.890244 1.402439 -8.963415 -0.047363 0.053711 -0.902832 560.000000
1 2 3 4 5 17.378049 -25.792683 -11.097561 0.012695 0.319824 -1.216309 1212.000000
1 2 3 4 5 -5.243902 -5.731707 -13.292683 0.062012 -0.082031 -1.126465 732.000000
1 2 3 4 5 17.195122 4.329268 -1.707317 0.011719 0.124023 -0.882813 1610.000000
1 2 3 4 5 -4.085366 0.426829 -11.890244 -0.126465 0.143066 -0.902344 687.000000
1 2 3 4 5 -15.914634 11.890244 -19.085366 0.027832 -0.020996 -0.909668 447.000000
1 2 3 4 5 -11.585366 12.134146 -10.548780 0.075195 -0.062012 -1.194824 2099.000000
1 2 3 4 5 -3.780488 10.060976 0.792683 0.104980 -0.076660 -0.954102 6764.000000
1 2 3 4 5 1.463415 11.646341 6.341463 0.036133 0.073730 -0.739258 1752.000000
1 2 3 4 5 -4.756098 15.182927 3.780488 0.023438 0.078125 -0.993652 1657.000000
1 2 3 4 5 -41.524390 11.341463 0.121951 -0.320313 0.527344 -3.332031 2529.000000
1 2 3 4 5 22.804878 0.853659 -2.804878 0.142578 0.103516 -0.363770 11429.000000
1 2 3 4 5 -19.512195 -2.500000 -8.902439 0.031738 0.235352 -1.297852 1492.000000
1 2 3 4 5 -6.768293 -2.682927 -1.707317 -0.119629 -0.005371 -1.172363 542.000000
1 2 3 4 5 11.524390 -6.890244 11.158537 -0.049805 0.048828 -0.992188 717.000000
1 2 3 4 5 0.670732 -4.451220 8.536585 -0.052246 0.117676 -0.979004 1141.000000
1 2 3 4 5 3.902439 -2.560976 3.658537 0.011719 0.096191 -1.075195 414.000000
1 2 3 4 5 -10.060976 -7.012195 -3.170732 0.084961 0.150879 -1.022461 496.000000
1 2 3 4 5 -7.926829 -7.743902 -7.317073 0.052246 0.065430 -0.974609 849.000000
1 2 3 4 5 1.158537 -7.682927 -5.182927 -0.061523 0.062988 -0.887695 493.000000
1 2 3 4 5 -15.609756 0.792683 -5.914634 -0.076172 0.116699 -0.948242 536.000000
1 2 3 4 5 -2.743902 -0.670732 -2.987805 0.013672 0.025391 -1.059570 507.000000
1 2 3 4 5 2.317073 8.414634 10.182927 0.121582 -0.241211 -0.862305 2200.000000
1 2 3 4 5 20.426829 17.134146 18.231707 -0.097656 0.038574 -0.718750 2325.000000
1 2 3 4 5 21.280488 6.463415 8.292683 0.076172 -0.866699 0.196777 32700.000000
1 2 3 4 5 -13.231707 -2.500000 12.743902 0.090332 0.014648 -0.875000 3932.000000
1 2 3 4 5 -7.743902 -2.256098 9.756098 -0.000000 0.158691 -0.978027 619.000000
1 2 3 4 5 3.658537 -2.439024 7.500000 -0.017578 0.198730 -1.067383 497.000000
1 2 3 4 5 10.548780 -2.500000 4.756098 0.024414 0.194336 -1.017090 512.000000
1 2 3 4 5 2.073171 -1.829268 -0.853659 0.024902 0.026855 -1.012695 307.000000
1 2 3 4 5 -5.975610 -1.951220 -1.158537 0.022461 0.067383 -1.007324 556.000000
1 2 3 4 5 0.609756 -2.134146 -0.914634 0.014648 0.074219 -1.008789 635.000000
1 2 3 4 5 2.439024 -1.951220 -0.670732 0.024414 0.072754 -0.993164 550.000000
1 2 3 4 5 -2.621951 -2.012195 -0.914634 0.017090 0.054688 -1.000977 676.000000
1 2 3 4 5 -0.914634 -1.890244 -0.975610 0.030762 0.075684 -1.016113 392.000000
1 2 3 4 5 0.731707 -1.768293 -0.853659 0.022461 0.064941 -1.002441 133.000000
1 2 3 4 5 -1.158537 -1.768293 -0.975610 0.023926 0.064453 -1.002930 0.000000
1 2 3 4 5 -0.548780 -2.012195 -1.036585 0.016602 0.075195 -1.002441 0.000000
1 2 3 4 5 -0.060976 -1.890244 -0.914634 0.020996 0.060059 -0.990234 0.000000
1 2 3 4 5 -0.670732 -2.134146 -0.975610 0.022461 0.073730 -1.007324 0.000000
1 2 3 4 5 -0.365854 -1.951220 -1.036585 0.019531 0.063965 -1.004395 13.000000
1 2 3 4 5 -0.792683 -1.829268 -0.853659 0.023438 0.066895 -1.004395 200.000000
1 2 3 4 5 -0.548780 -1.890244 -1.219512 0.025879 0.068848 -1.008301 315.000000
1 2 3 4 5 -0.548780 -1.890244 -1.097561 0.026367 0.063477 -1.000488 195.000000
1 2 3 4 5 -0.365854 -1.890244 -1.097561 0.017578 0.081055 -0.995605 477.000000
1 2 3 4 5 -0.609756 -2.134146 -1.036585 0.018555 0.065430 -0.998047 425.000000
1 2 3 4 5 -0.426829 -2.134146 -1.036585 0.022461 0.066895 -1.001465 386.000000
1 2 3 4 5 -0.487805 -1.890244 -0.975610 0.026855 0.067383 -0.999023 289.000000
1 2 3 4 5 -0.304878 -1.829268 -1.036585 0.028320 0.061035 -1.006348 319.000000
1 2 3 4 5 -0.487805 -1.890244 -0.975610 0.018555 0.067871 -1.002930 233.000000
1 2 3 4 5 -0.426829 -1.951220 -0.975610 0.015137 0.067383 -1.002930 440.000000
1 2 3 4 5 -0.426829 -1.951220 -1.097561 0.025879 0.071289 -1.020996 19.000000
1 2 3 4 5 -0.487805 -1.951220 -1.097561 0.030273 0.072266 -1.000488 137.000000
1 2 3 4 5 -0.426829 -1.890244 -0.853659 0.025879 0.058594 -1.002441 0.000000
1 2 3 4 5 -0.426829 -2.073171 -0.975610 0.020508 0.070801 -1.010742 3651.000000
1 2 3 4 5 -0.487805 -1.951220 -0.914634 0.025391 0.068848 -1.003418 3170.000000
1 2 3 4 5 -0.487805 -1.890244 -1.036585 0.024902 0.060059 -1.001465 2339.000000
1 2 3 4 5 -0.609756 -1.707317 -0.975610 0.020020 0.071777 -1.010742 2011.000000
1 2 3 4 5 -0.548780 -1.890244 -0.914634 0.025879 0.070313 -1.012207 1477.000000
1 2 3 4 5 -0.243902 -1.951220 -0.914634 0.022949 0.062012 -1.001465 1040.000000
1 2 3 4 5 -0.426829 -1.951220 -1.097561 0.025879 0.067871 -0.996094 630.000000
1 2 3 4 5 -0.487805 -1.768293 -0.853659 0.023438 0.060547 -1.017578 776.000000
1 2 3 4 5 -0.548780 -1.951220 -1.036585 0.022949 0.070313 -1.000488 548.000000
1 2 3 4 5 -0.670732 -1.890244 -1.158537 0.020508 0.073730 -1.007324 644.000000
1 2 3 4 5 -0.365854 -2.012195 -1.036585 0.020996 0.063965 -1.008789 1231.000000
1 2 3 4 5 -0.548780 -1.768293 -1.036585 0.018555 0.066895 -1.003418 718.000000
1 2 3 4 5 -0.487805 -2.073171 -1.158537 0.020508 0.065430 -1.001465 615.000000
1 2 3 4 5 -0.548780 -1.951220 -1.219512 0.020996 0.067871 -0.994141 419.000000
1 2 3 4 5 -0.487805 -1.890244 -0.975610 0.021484 0.069336 -0.996094 765.000000
1 2 3 4 5 -0.487805 -1.829268 -0.914634 0.015625 0.068359 -0.996582 590.000000
1 2 3 4 5 -0.548780 -1.890244 -0.853659 0.025879 0.063477 -1.000488 292.000000
1 2 3 4 5 -0.426829 -1.951220 -1.219512 0.020996 0.071289 -0.992188 374.000000
1 2 3 4 5 -0.609756 -1.707317 -1.036585 0.015625 0.064453 -1.012695 373.000000
1 2 3 4 5 -0.487805 -1.890244 -0.975610 0.026855 0.062988 -1.007324 510.000000
1 2 3 4 5 -0.487805 -1.951220 -1.036585 0.022461 0.073242 -1.018066 234.000000
1 2 3 4 5 -0.609756 -1.707317 -1.036585 0.019043 0.073730 -1.002930 327.000000
1 2 3 4 5 -0.548780 -1.890244 -0.975610 0.018555 0.063965 -1.000000 349.000000
1 2 3 4 5 -0.304878 -1.890244 -0.975610 0.021484 0.071777 -1.011719 219.000000
1 2 3 4 5 -0.609756 -1.951220 -0.914634 0.018066 0.068359 -0.998535 466.000000
1 2 3 4 5 -0.365854 -2.073171 -1.158537 0.026367 0.064453 -1.013184 217.000000
1 2 3 4 5 -0.487805 -2.073171 -1.036585 0.025879 0.079590 -1.002441 2035.000000
1 2 3 4 5 -0.365854 -1.890244 -0.914634 0.017578 0.069824 -1.007813 2116.000000
1 2 3 4 5 -0.304878 -2.012195 -0.914634 0.031738 0.070801 -1.006348 1020.000000
1 2 3 4 5 -0.426829 -1.890244 -0.914634 0.023438 0.062500 -1.000488 698.000000
1 2 3 4 5 -0.243902 -1.890244 -0.914634 0.020996 0.074219 -0.995605 433.000000
1 2 3 4 5 -0.426829 -2.012195 -1.097561 0.021484 0.064453 -1.002930 400.000000
1 2 3 4 5 -0.487805 -2.073171 -0.914634 0.021484 0.063965 -0.996582 465.000000
1 2 3 4 5 -0.426829 -2.012195 -1.097561 0.027344 0.075684 -1.012207 426.000000
1 2 3 4 5 -0.426829 -2.012195 -0.792683 0.018555 0.072754 -1.014160 255.000000
1 2 3 4 5 -0.487805 -1.829268 -1.036585 0.022461 0.074219 -0.996582 282.000000
1 2 3 4 5 -0.487805 -2.073171 -1.158537 0.021484 0.068848 -0.987793 307.000000
1 2 3 4 5 -0.487805 -1.829268 -1.280488 0.022949 0.070801 -1.000977 248.000000
1 2 3 4 5 -0.426829 -2.134146 -1.158537 0.022461 0.062500 -1.020020 199.000000
1 2 3 4 5 -0.487805 -2.012195 -0.914634 0.030273 0.068848 -1.018066 673.000000
1 2 3 4 5 -0.487805 -2.073171 -0.975610 0.010742 0.062012 -1.002441 376.000000
1 2 3 4 5 -0.548780 -1.951220 -1.036585 0.014160 0.074707 -1.001465 485.000000
1 2 3 4 5 -0.365854 -1.890244 -1.036585 0.025879 0.069336 -1.015137 119.000000
1 2 3 4 5 -0.487805 -2.012195 -1.036585 0.029785 0.069336 -1.011230 388.000000
1 2 3 4 5 -0.548780 -1.890244 -1.158537 0.025879 0.073242 -1.010254 264.000000
1 2 3 4 5 -0.548780 -1.829268 -1.158537 0.015625 0.061523 -1.004395 659.000000
1 2 3 4 5 -0.426829 -1.951220 -1.036585 0.013672 0.072754 -1.009277 262.000000
1 2 3 4 5 -0.670732 -1.890244 -1.097561 0.021973 0.069824 -1.009277 352.000000
1 2 3 4 5 -0.548780 -1.707317 -1.219512 0.030273 0.075195 -1.006348 3113.000000
1 2 3 4 5 -0.426829 -2.134146 -1.036585 0.013184 0.070801 -1.004395 2187.000000
1 2 3 4 5 -0.487805 -1.890244 -0.914634 0.020508 0.067871 -1.007813 1958.000000
1 2 3 4 5 -0.548780 -1.890244 -0.975610 0.019043 0.065430 -0.988281 688.000000
1 2 3 4 5 -0.548780 -1.768293 -1.158537 0.021484 0.073730 -0.999023 606.000000
1 2 3 4 5 -0.609756 -1.768293 -0.853659 0.020996 0.064453 -0.991699 549.000000
1 2 3 4 5 -0.609756 -1.890244 -1.036585 0.028809 0.071777 -0.998047 305.000000
1 2 3 4 5 -0.426829 -1.951220 -1.036585 0.021484 0.073730 -1.005859 565.000000
1 2 3 4 5 -0.426829 -1.890244 -0.792683 0.017578 0.063477 -1.009277 641.000000
1 2 3 4 5 -0.487805 -1.829268 -0.975610 0.024414 0.064941 -0.992188 266.000000
1 2 3 4 5 -0.609756 -1.707317 -0.975610 0.023438 0.067383 -1.006348 337.000000
1 2 3 4 5 -0.365854 -1.768293 -1.036585 0.028809 0.078125 -0.999023 473.000000
1 2 3 4 5 -0.365854 -1.707317 -1.036585 0.015625 0.069336 -1.005859 563.000000
1 2 3 4 5 -0.670732 -1.890244 -0.975610 0.020508 0.067383 -1.001953 170.000000
1 2 3 4 5 -0.487805 -1.890244 -0.975610 0.022461 0.070801 -1.013672 313.000000
1 2 3 4 5 -0.670732 -1.890244 -1.036585 0.013184 0.067871 -1.004395 442.000000
1 2 3 4 5 -0.487805 -2.012195 -1.097561 0.019531 0.067871 -1.007813 0.000000
1 2 3 4 5 -0.487805 -2.073171 -0.853659 0.028809 0.059570 -0.993652 236.000000
1 2 3 4 5 -0.365854 -2.073171 -0.975610 0.021973 0.062012 -1.000000 287.000000
1 2 3 4 5 -0.487805 -1.890244 -0.914634 0.021973 0.073730 -1.002441 411.000000
1 2 3 4 5 -0.487805 -1.951220 -1.097561 0.016602 0.065430 -0.998535 284.000000
1 2 3 4 5 -0.365854 -1.890244 -1.097561 0.021973 0.065430 -1.007813 266.000000
1 2 3 4 5 -0.426829 -1.951220 -0.914634 0.025391 0.062988 -1.002930 181.000000
1 2 3 4 5 -0.487805 -2.073171 -1.158537 0.024414 0.072266 -0.995117 577.000000
1 2 3 4 5 -0.548780 -2.012195 -1.036585 0.024902 0.074707 -1.000000 384.000000
1 2 3 4 5 -0.304878 -1.707317 -1.036585 0.021973 0.073730 -1.019043 94.000000
1 2 3 4 5 -0.487805 -1.829268 -1.036585 0.020996 0.064941 -1.010742 360.000000
1 2 3 4 5 -0.548780 -1.890244 -0.975610 0.021484 0.058594 -1.002441 246.000000
1 2 3 4 5 -0.365854 -1.829268 -1.036585 0.015137 0.072754 -0.998047 105.000000
1 2 3 4 5 -0.365854 -2.073171 -0.914634 0.020996 0.068848 -1.011230 255.000000
1 2 3 4 5 -0.487805 -1.768293 -0.914634 0.021973 0.062988 -1.010742 246.000000
1 2 3 4 5 -0.426829 -2.073171 -1.036585 0.021484 0.072266 -1.002930 216.000000
1 2 3 4 5 -0.426829 -1.890244 -1.097561 0.030273 0.071289 -1.003418 524.000000
1 2 3 4 5 -0.426829 -2.073171 -1.036585 0.019531 0.067383 -1.008789 380.000000
1 2 3 4 5 -0.365854 -1.890244 -0.914634 0.027344 0.064941 -0.999023 192.000000
1 2 3 4 5 -0.365854 -1.890244 -0.853659 0.023926 0.074219 -1.003418 231.000000
1 2 3 4 5 -0.487805 -1.951220 -1.036585 0.019531 0.061523 -1.000977 134.000000
1 2 3 4 5 -0.304878 -2.073171 -0.975610 0.023926 0.067871 -1.001953 215.000000
1 2 3 4 5 -0.487805 -1.890244 -0.975610 0.022949 0.067383 -1.001953 149.000000
1 2 3 4 5 -0.426829 -2.073171 -0.975610 0.024902 0.064453 -1.015625 91.000000
1 2 3 4 5 -0.487805 -2.012195 -1.158537 0.020020 0.061035 -1.018555 321.000000
1 2 3 4 5 -0.365854 -2.012195 -0.853659 0.029297 0.067871 -0.997559 66.000000
1 2 3 4 5 -0.548780 -2.073171 -1.158537 0.029297 0.066895 -1.016602 270.000000
1 2 3 4 5 -0.609756 -2.012195 -1.036585 0.029297 0.072754 -1.009277 168.000000
1 2 3 4 5 -0.548780 -1.951220 -1.036585 0.023926 0.065430 -0.993164 268.000000
1 2 3 4 5 -0.487805 -1.951220 -1.036585 0.025391 0.068359 -1.006836 385.000000
1 2 3 4 5 -0.609756 -1.951220 -0.975610 0.026855 0.065430 -0.999023 340.000000
1 2 3 4 5 -0.426829 -2.012195 -0.975610 0.020508 0.062500 -1.020996 168.000000
1 2 3 4 5 -0.426829 -2.256098 -0.975610 0.025391 0.065430 -1.000977 189.000000
1 2 3 4 5 -0.304878 -1.829268 -1.097561 0.028809 0.061523 -1.007813 159.000000
1 2 3 4 5 -0.548780 -2.073171 -0.914634 0.021484 0.067383 -1.002930 148.000000
