101 0 0 0 0.9993779495145252 0.03322440389086252 -0.011818190331039206 4.2823771362557274E-4 x
102 0 0 0 0.9993798839161596 0.03317344521453253 -0.0117969734856813 4.4896870698417737E-4 x
103 0 0 0 0.9993791798147098 0.033188553908518284 -0.011814354665495656 4.42567709543635E-4 x
104 0 0 0 0.9993775814307294 0.03323034101119573 -0.011832313302094093 4.364995610028407E-4 x
105 0 0 0 0.9993765314133584 0.03324651030875553 -0.011876237680139576 4.159219389988969E-4 x
106 0 0 0 0.9993765632281834 0.033248480272722224 -0.01186777304625796 4.2354775642751506E-4 x
107 0 0 0 0.9993767104961918 0.03323756983620938 -0.01188568327193204 4.301189993321879E-4 x
108 0 0 0 0.999375301927807 0.033292965513304004 -0.011849643329493864 4.126705688457833E-4 x
109 0 0 0 0.9993756333333558 0.03328163484844369 -0.011853738874683386 4.0639397124638194E-4 x
110 0 0 0 0.9993759732646085 0.033270372455404804 -0.011857349892900462 3.868224559711154E-4 x
111 0 0 0 0.9993770840282276 0.03324568049877609 -0.011833969900620408 3.546883162908114E-4 x
112 0 0 0 0.9993766324726758 0.03324762039955946 -0.011866006701757225 3.7428638118523815E-4 x
113 0 0 0 0.9993772649693267 0.0332235034137697 -0.011882017208517533 3.142457638563413E-4 x
114 0 0 0 0.9993777422948341 0.03321230255904885 -0.011873333038197771 3.0842660452480244E-4 x
115 0 0 0 0.9993773368762354 0.0332275456608914 -0.01186460130240146 3.1620160027621426E-4 x
116 0 0 0 0.9993768866909483 0.03322988465570011 -0.01189576037835294 3.224882905323083E-4 x
117 0 0 0 0.9993779854855954 0.03320523541252953 -0.011872753232862137 3.036422616525071E-4 x
118 0 0 0 0.9993787534968919 0.03318048813228501 -0.01187745431671815 2.972292989971951E-4 x
119 0 0 0 0.9993792459180687 0.03316960496817437 -0.011867470992304821 2.5152879456363493E-4 x
120 0 0 0 0.9993794481468965 0.033171319695698594 -0.011845454168530013 2.595896599528863E-4 x
121 0 0 0 0.9993791679283515 0.033173129510557675 -0.011863863213471122 2.6634369528825703E-4 x
122 0 0 0 0.9993796580566229 0.03316154888988732 -0.011855077576735203 2.605254326339103E-4 x
123 0 0 0 0.9993784748962071 0.03317622963528946 -0.011913170952017738 2.793907401502818E-4 x
124 0 0 0 0.999379119970086 0.03316538542473442 -0.011889935481906803 2.4740994644334284E-4 x
125 0 0 0 0.9993798671836815 0.033141186732791976 -0.011894459238559038 2.542622499694535E-4 x
126 0 0 0 0.999380735851339 0.03310305666390017 -0.011926871450379663 2.86681267163303E-4 x
127 0 0 0 0.9993800191948108 0.03311832450249332 -0.011944674577932234 2.802954770573229E-4 x
128 0 0 0 0.9993804745734799 0.033093651204876944 -0.01197538501228125 2.597017977803218E-4 x
129 0 0 0 0.9993807960789008 0.03308153918735766 -0.011981241725819701 2.9332644862796724E-4 x
130 0 0 0 0.9993811310707285 0.03307001329900883 -0.011985269409902737 2.870494155046713E-4 x
131 0 0 0 0.9993807354813055 0.03308548076817291 -0.011975999084590362 2.6824822439025677E-4 x
132 0 0 0 0.9993783810795074 0.03314062019137382 -0.012020081836312453 2.614514915533733E-4 x
133 0 0 0 0.9993788090767929 0.03311665349466199 -0.012050942700637139 2.408518040654812E-4 x
134 0 0 0 0.9993794608276798 0.03310526573907705 -0.012028267526439115 2.3544942945732172E-4 x
135 0 0 0 0.999379481160286 0.03309324053192737 -0.01205950655928635 2.4159561353815024E-4 x
136 0 0 0 0.9993795347614512 0.03309531094264887 -0.012049744140053373 2.2262020072947954E-4 x
137 0 0 0 0.9993806118602406 0.03307131549369232 -0.012026604391372294 2.037552000404485E-4 x
138 0 0 0 0.9993803619795341 0.033086303894990274 -0.012005741468669187 2.2529094851932494E-4 x
139 0 0 0 0.9993795004023533 0.03310095628149426 -0.012036908191624075 2.3175413711240677E-4 x
140 0 0 0 0.9993792147654259 0.03310308200477551 -0.012054633231772971 2.384832773057076E-4 x
141 0 0 0 0.999380883321615 0.03306540200619021 -0.012019504073959672 2.465021167720561E-4 x
142 0 0 0 0.9993801966485117 0.033093336356303626 -0.01199893325541106 2.814894718083567E-4 x
143 0 0 0 0.9993803963852482 0.0330952948120743 -0.011976683586963027 2.895382942371087E-4 x
144 0 0 0 0.9993793833550118 0.033123829260902245 -0.011981809352983019 3.103299532470859E-4 x
145 0 0 0 0.9993801302617032 0.033099482907023234 -0.011986611665099145 3.1719107655389677E-4 x
146 0 0 0 0.9993798662723641 0.03310139380792541 -0.012003841060979428 2.973502768595348E-4 x
147 0 0 0 0.9993809450637399 0.033076573412523756 -0.011982230464429894 3.0510308002797376E-4 x
148 0 0 0 0.999381006869395 0.03307784323135765 -0.011973370462455916 3.1272295218397005E-4 x
149 0 0 0 0.9993808800595045 0.03308007361937591 -0.011977603042432358 3.198846430791273E-4 x
150 0 0 0 0.9993803333276149 0.03309573878236394 -0.011980770897473533 2.8733453942306474E-4 x
151 0 0 0 0.9993808220447734 0.033084073106213745 -0.011972358915714633 2.815276349007734E-4 x
152 0 0 0 0.999380582243135 0.033099370789860555 -0.011950190737468698 2.7645980908022415E-4 x
153 0 0 0 0.9993808009297894 0.033100633671097376 -0.011928194700085803 2.845253968708749E-4 x
154 0 0 0 0.9993810066994051 0.03310175715423347 -0.01190694125887342 3.191733751988835E-4 x
155 0 0 0 0.9993812406661045 0.0331037524789834 -0.01188285629888001 2.740486603256635E-4 x
156 0 0 0 0.9993827644487298 0.033065743321773845 -0.011860637895494748 2.683469868339418E-4 x
157 0 0 0 0.9993842923258327 0.03304070993555507 -0.011800299219933775 3.172974458305172E-4 x
158 0 0 0 0.9993831487881938 0.033083057555418044 -0.011778245389354873 3.2581670921069385E-4 x
159 0 0 0 0.9993850930701721 0.03303196460726365 -0.011756445340335053 3.3325105818667137E-4 x
160 0 0 0 0.9993851144533238 0.033034253018885795 -0.011747976147101125 3.4087101430438496E-4 x
161 0 0 0 0.9993860057069477 0.03299551970874533 -0.0117803928564698 3.600283458063588E-4 x
162 0 0 0 0.9993866306924551 0.03297028031965972 -0.011797827210777998 3.664449892774756E-4 x
163 0 0 0 0.9993863873811583 0.03298567336082134 -0.01177554601635218 3.6136710892765143E-4 x
164 0 0 0 0.9993865502295383 0.03297472384335386 -0.011792975565259984 3.413723398023652E-4 x
165 0 0 0 0.9993868751719929 0.032963003494981304 -0.011797997466562 3.484111484280485E-4 x
166 0 0 0 0.9993878245395206 0.032937487629142746 -0.011789390072465123 3.2916950595124903E-4 x
167 0 0 0 0.9993882850267455 0.032913181668346794 -0.011819096411213644 2.9526901185727067E-4 x
168 0 0 0 0.9993881927226539 0.032914891811683354 -0.011822909575475089 2.6258854295003065E-4 x
169 0 0 0 0.9993880604621185 0.03291753043075354 -0.011826877221932116 2.5645912553181027E-4 x
170 0 0 0 0.9993871971466892 0.03294682920799132 -0.011818357292619529 2.511082002611709E-4 x
171 0 0 0 0.999387787787917 0.03292267032968016 -0.011835866987464149 2.442363438589444E-4 x
172 0 0 0 0.9993864845162701 0.032964252373543584 -0.011829084313299905 2.922258942214477E-4 x
173 0 0 0 0.9993856134725315 0.03297895070301184 -0.011861157273905068 3.1199805130263734E-4 x
174 0 0 0 0.9993855368502341 0.03299417891469279 -0.011825667233567393 2.9408637452144493E-4 x
175 0 0 0 0.9993842580958303 0.03303615174298136 -0.011816678612769123 2.8888548617146676E-4 x
176 0 0 0 0.9993848667980324 0.03301118480709527 -0.011834799484271127 2.953199585957836E-4 x
177 0 0 0 0.999384614753469 0.03302680550469877 -0.011812606434543745 2.9024375643247886E-4 x
178 0 0 0 0.9993849316603465 0.03301517783849176 -0.011817781191467886 3.105644024443411E-4 x
179 0 0 0 0.9993845443706851 0.0330302432409464 -0.011808575350662518 3.050452913511073E-4 x
180 0 0 0 0.9993857502408802 0.032992278187919055 -0.011812819996344192 2.984613513343054E-4 x
181 0 0 0 0.9993851786360312 0.0330074831941116 -0.011818161929932139 3.1909938386831007E-4 x
182 0 0 0 0.999384189429307 0.033035885520333104 -0.011822247447005593 3.265760505177399E-4 x
183 0 0 0 0.9993837740012802 0.033050837031210915 -0.0118145738020771 3.6094372094474825E-4 x
184 0 0 0 0.9993848524936331 0.033026571326101706 -0.011791741285732776 3.4209672842902073E-4 x
185 0 0 0 0.999383824013737 0.033041965809256835 -0.011835906764367044 3.3482264718113196E-4 x
186 0 0 0 0.9993832698282586 0.03305733047375272 -0.011839963701082432 3.2885997653311715E-4 x
187 0 0 0 0.999382146598846 0.03309839192833218 -0.011819011087006386 3.639892395814017E-4 x
188 0 0 0 0.999380846994484 0.0331397901233049 -0.011811774585602548 3.986882361722381E-4 x
189 0 0 0 0.9993819053759749 0.033115673497284136 -0.01179002987320315 3.9315581720468425E-4 x
190 0 0 0 0.9993834363880848 0.033077750831351 -0.011767305387458455 3.741617302529207E-4 x
191 0 0 0 0.9993833233059514 0.03307968098922889 -0.011771675345960011 3.680531926808834E-4 x
192 0 0 0 0.999382870456642 0.03309535149028673 -0.01176494738521547 4.024432882547397E-4 x
193 0 0 0 0.9993831856263645 0.033084249472962776 -0.011769611796234166 3.9618464891858906E-4 x
194 0 0 0 0.9993832029639391 0.033072511790054014 -0.011801322939140931 3.890685299784458E-4 x
195 0 0 0 0.9993839602198523 0.03304828233154791 -0.01180528215347706 3.826270980246063E-4 x
196 0 0 0 0.9993847067092179 0.03302377106424955 -0.011810009149243657 4.027708054228663E-4 x
197 0 0 0 0.9993839995866746 0.03303885615171599 -0.011827858241988455 3.9638836433404905E-4 x
198 0 0 0 0.9993829550979288 0.03305460441316763 -0.011872269109377399 3.8911825278268973E-4 x
199 0 0 0 0.9993816430520264 0.03308365867379583 -0.011902386280882938 3.6913440455722184E-4 x
200 0 0 0 0.9993827181709195 0.03305931755836249 -0.011880295693752674 3.5031144542566235E-4 x
201 0 0 0 0.9993820379089944 0.03307378220012867 -0.011897434994711464 3.4391334750667643E-4 x
202 0 0 0 0.9993816201588274 0.03307552900700122 -0.011927831407508152 3.369087985739322E-4 x
203 0 0 0 0.9993808985545133 0.033104426849005456 -0.011907473502112896 3.5861144571804456E-4 x
204 0 0 0 0.9993815645861329 0.03309279107762813 -0.011884443452721289 3.399233514729473E-4 x
205 0 0 0 0.9993820179948254 0.03308157049927212 -0.011876939779381847 3.606984462998926E-4 x
206 0 0 0 0.9993814316806273 0.03309664783381509 -0.011882740579652145 4.0790986837809846E-4 x
207 0 0 0 0.9993800015202124 0.03313795035413775 -0.011887173908023118 4.288406082211355E-4 x
208 0 0 0 0.9993806077207268 0.033113709492401826 -0.011904458699726827 4.086789325903909E-4 x
209 0 0 0 0.9993806359280687 0.03311567934685786 -0.011896343766091775 4.1631527003439166E-4 x
210 0 0 0 0.999381698151816 0.03309076928321155 -0.011875155118995583 4.5064213928394973E-4 x
211 0 0 0 0.9993811392395046 0.03310614709871821 -0.011879554135792442 4.4469108706500244E-4 x
212 0 0 0 0.9993804159737326 0.03313480984423792 -0.011858564989283813 4.929311822803382E-4 x
213 0 0 0 0.9993813587844382 0.03312336017158071 -0.011809473893645077 5.282532245498186E-4 x
214 0 0 0 0.9993806566257771 0.0331522276830187 -0.011787493310685277 5.3662215244284E-4 x
215 0 0 0 0.9993791734310519 0.033194596791874094 -0.011793030511703833 5.575728136823615E-4 x
216 0 0 0 0.9993787626325781 0.03321048934577638 -0.011783968821872862 5.38771933455171E-4 x
217 0 0 0 0.999378791280505 0.03319768598159431 -0.011816029811023018 5.71510008124152E-4 x
218 0 0 0 0.9993785090530245 0.033213034054652646 -0.01179501568857118 6.063140646765293E-4 x
219 0 0 0 0.999378397182274 0.0332141300826844 -0.011800335880733108 6.268024742648844E-4 x
220 0 0 0 0.9993785685901986 0.03320282650609321 -0.011817971042087504 6.200927839402512E-4 x
221 0 0 0 0.999378835851241 0.03317843558113056 -0.011862784327576838 6.389154911304302E-4 x
222 0 0 0 0.999380527450765 0.033139826288906195 -0.011827709543093385 6.46956518142026E-4 x
223 0 0 0 0.9993808591837469 0.033128434631003824 -0.0118319329722017 6.406857239904593E-4 x
224 0 0 0 0.9993805871653619 0.03313074208122082 -0.011849492434895612 6.208503841472969E-4 x
225 0 0 0 0.999380269196798 0.0331322372167391 -0.01186957633949332 6.674988168939645E-4 x
226 0 0 0 0.999379092250274 0.033161024810773355 -0.01188786664063479 6.745615260776498E-4 x
227 0 0 0 0.9993800220542172 0.03313679375851238 -0.011878343080106673 6.552739805834874E-4 x
228 0 0 0 0.9993800807808777 0.03313827676421044 -0.011869572435556417 6.496165807748324E-4 x
229 0 0 0 0.9993801236429202 0.033140137365896105 -0.011861073879599192 6.439637056035653E-4 x
230 0 0 0 0.9993790492603618 0.0331558892970205 -0.01190642548444367 6.63277138548036E-4 x
231 0 0 0 0.9993789485734678 0.033157931224797245 -0.01191025503257192 6.438712145071509E-4 x
232 0 0 0 0.9993786359705206 0.03315991286562853 -0.011929105261966206 6.771942814809499E-4 x
233 0 0 0 0.9993771800151028 0.033187838491748035 -0.011973738210350814 6.701004226708508E-4 x
234 0 0 0 0.9993778236984885 0.03317666470239849 -0.011951258816388288 6.647041455929264E-4 x
235 0 0 0 0.9993776051208522 0.03319048827257963 -0.011929918143180687 6.862391966572344E-4 x
236 0 0 0 0.9993785038660039 0.03315296810264687 -0.011960095214269485 6.65461492781482E-4 x
237 0 0 0 0.9993784059795405 0.03315505097992865 -0.011963564869986742 6.460432747642043E-4 x
238 0 0 0 0.9993785322508518 0.033143104397001445 -0.01198350161789129 6.925287262776862E-4 x
239 0 0 0 0.9993788763392105 0.03314486673228274 -0.011949386533662397 7.010690019330151E-4 x
240 0 0 0 0.9993802686396355 0.03310661785690308 -0.011939331479989681 6.948896733317588E-4 x
241 0 0 0 0.9993803745838282 0.03309487573109437 -0.011959372558207946 7.546555803111752E-4 x
242 0 0 0 0.9993804138248503 0.03309715757261702 -0.011950132364993973 7.489728589606942E-4 x
243 0 0 0 0.999381166683054 0.0330725247225868 -0.011954936074072546 7.558380492231405E-4 x
244 0 0 0 0.9993814896493357 0.033061136342723 -0.011959829745850905 7.495881889817112E-4 x
245 0 0 0 0.999382070119967 0.033049803297597574 -0.01193954003657154 7.973759681654893E-4 x
246 0 0 0 0.9993809180087789 0.033078099735098815 -0.011957129185269326 8.044249451111892E-4 x
247 0 0 0 0.9993816606920245 0.0330537710163331 -0.011961869081142705 8.112842515080195E-4 x
248 0 0 0 0.9993814184358125 0.03306848953481746 -0.011939930979578987 8.327864745314338E-4 x
249 0 0 0 0.999382472082446 0.03304441792503916 -0.011917821712440988 8.40514131408919E-4 x
250 0 0 0 0.999382394107064 0.03305878378178903 -0.011882899905137535 8.624694468622397E-4 x
251 0 0 0 0.999381532776741 0.03307405263325041 -0.01191330763387035 8.556216720107925E-4 x
252 0 0 0 0.9993806600014623 0.03308896113576896 -0.011944616932994093 8.620860289091979E-4 x
253 0 0 0 0.9993791793540098 0.033117071768278786 -0.011989091302911684 8.815446278773483E-4 x
254 0 0 0 0.9993792042539417 0.033119739338091286 -0.011980059784947934 8.758644211945087E-4 x
255 0 0 0 0.9993775638813037 0.033162546172163354 -0.011997938692204075 8.830680540085711E-4 x
256 0 0 0 0.9993767604045241 0.033205556736012096 -0.011948005917533403 8.525959210580467E-4 x
257 0 0 0 0.9993751296104083 0.03324759573048159 -0.01196696979869424 8.59841938539685E-4 x
258 0 0 0 0.9993756002986147 0.03322229596387845 -0.011998405378692583 8.525532481466643E-4 x
259 0 0 0 0.9993756675045826 0.03322423231808181 -0.01198784643451682 8.468320415209903E-4 x
260 0 0 0 0.9993750741508728 0.033226733966432276 -0.012031744375224881 8.261011746246362E-4 x
261 0 0 0 0.9993744662558941 0.03324153637844999 -0.01203801250520523 8.733326236084507E-4 x
262 0 0 0 0.9993740023242359 0.033258372922817275 -0.012029454557561011 8.810970507470802E-4 x
263 0 0 0 0.9993735478773574 0.033260805513533456 -0.01206095110661414 8.741155634298568E-4 x
264 0 0 0 0.9993733269292638 0.03327567070140052 -0.01203954973135392 8.558060371127456E-4 x
265 0 0 0 0.9993731727438933 0.033277586028206345 -0.012045578102629908 8.76308229587227E-4 x
266 0 0 0 0.99937362812365 0.03326600974593776 -0.012038240399684121 8.970923226782598E-4 x
267 0 0 0 0.9993750892043097 0.0331998958685848 -0.012096951964348441 9.283024106802094E-4 x
268 0 0 0 0.9993752963792032 0.03318731903501259 -0.012113830255682271 9.34857628169802E-4 x
269 0 0 0 0.9993748606179854 0.03318930745823957 -0.012144830069266319 9.278673468723486E-4 x
270 0 0 0 0.9993746288379378 0.0332044306883867 -0.012122929882707367 9.228156660683746E-4 x
271 0 0 0 0.9993756860628316 0.03316747738631539 -0.012139436536727128 8.891742482944308E-4 x
272 0 0 0 0.9993758550564829 0.03315627014337195 -0.012156618390991488 8.824452388206005E-4 x
273 0 0 0 0.999375277565122 0.03317205150779431 -0.012161468798412713 8.765084512085081E-4 x
274 0 0 0 0.9993737908611937 0.03321368328128035 -0.012167492226591085 9.107774339057726E-4 x
275 0 0 0 0.9993732218979292 0.03322907942126928 -0.012171636185397825 9.180995249837142E-4 x
276 0 0 0 0.9993722595652668 0.03325765159175081 -0.012175011737515586 8.857263720347502E-4 x
277 0 0 0 0.9993722863527674 0.03325921608350358 -0.012166996366587399 9.066504114906694E-4 x
278 0 0 0 0.999371861076361 0.03327370952181023 -0.012159686790124961 9.410422918178724E-4 x
279 0 0 0 0.9993720572593474 0.033275531833593074 -0.012137929594375457 9.491130457179651E-4 x
280 0 0 0 0.9993728295649837 0.033251334107869325 -0.012141159026992145 9.426371549681376E-4 x
281 0 0 0 0.9993727510570619 0.033253305289514146 -0.012144716189078539 9.099454098850661E-4 x
282 0 0 0 0.9993736273741921 0.03321570859052759 -0.012176007298100727 9.024732990289774E-4 x
283 0 0 0 0.9993736503704548 0.03321712932417719 -0.012168671156237201 9.234213471657189E-4 x
284 0 0 0 0.9993732414616942 0.03321911193197695 -0.012199303172672161 8.898622918257694E-4 x
285 0 0 0 0.999374107878967 0.033194281081999594 -0.012192380467357506 9.370502160522592E-4 x
286 0 0 0 0.9993746080350225 0.03318212250184164 -0.012183900740581297 9.445230868154512E-4 x
287 0 0 0 0.9993744510531343 0.033183940304059925 -0.012190217078364148 9.650366448129644E-4 x
288 0 0 0 0.9993754230381413 0.033158554285877335 -0.012181117540366302 9.457697787867775E-4 x
289 0 0 0 0.9993738147950426 0.03320074780953249 -0.012198590740624548 9.396972037175251E-4 x
290 0 0 0 0.9993744799261932 0.03318770463042532 -0.012177919930141853 9.609369331509939E-4 x
291 0 0 0 0.9993755292128155 0.033148915671159726 -0.012195887296023361 9.80476156871607E-4 x
292 0 0 0 0.9993766111632811 0.03311227144940817 -0.012211457470294555 9.20242200692239E-4 x
293 0 0 0 0.9993774497857132 0.03308782668774258 -0.01221343223162716 8.60614902218876E-4 x
294 0 0 0 0.9993752717978406 0.033142464176899776 -0.012243913285653506 8.542685341857229E-4 x
295 0 0 0 0.9993754816144359 0.03314441000194196 -0.012220936195980225 8.622946315721153E-4 x
296 0 0 0 0.9993752169002624 0.033159510159410786 -0.012200064361201168 8.838331991547266E-4 x
297 0 0 0 0.9993753609859056 0.03316242453922491 -0.01217875610220306 9.05181072462033E-4 x
298 0 0 0 0.9993760425707638 0.03314995357356376 -0.012157155328388403 8.998266450344942E-4 x
299 0 0 0 0.9993758214800286 0.033165030762858594 -0.012134561995175036 8.947518102514771E-4 x
300 0 0 0 0.9993761702866892 0.033153630664335285 -0.012138413586508807 8.751871149209607E-4 x
301 0 0 0 0.9993771042850751 0.03312748792255165 -0.012130397845663634 9.090780083895302E-4 x
302 0 0 0 0.9993771653840059 0.0331286869085193 -0.012121512959234165 9.166986015041155E-4 x
303 0 0 0 0.9993772011180655 0.03312996579808468 -0.012113468234771819 9.376241063729282E-4 x
304 0 0 0 0.999377559142191 0.03311756669965155 -0.012118316083115492 9.313829506302155E-4 x
305 0 0 0 0.9993774154642775 0.03311881156885499 -0.012124118015315266 9.651645240436519E-4 x
306 0 0 0 0.9993777815804678 0.033096155205253726 -0.0121552924173055 9.711128577445904E-4 x
307 0 0 0 0.999376765849863 0.03312593684929917 -0.012159187678940468 9.520201220390933E-4 x
308 0 0 0 0.9993760855395889 0.03314025110451556 -0.012177604593254697 9.323919071970121E-4 x
309 0 0 0 0.9993762464280725 0.03314331904797711 -0.01215541314986654 9.40430208146104E-4 x
310 0 0 0 0.9993758530132604 0.03315754175279273 -0.012148358304280743 9.482770908449604E-4 x
311 0 0 0 0.9993742495527985 0.03319926754233288 -0.01216573125870976 9.554833198251728E-4 x
312 0 0 0 0.9993747505410856 0.03318801698355459 -0.012156755925162646 9.36373332785434E-4 x
313 0 0 0 0.9993740143423676 0.03320379424708016 -0.012174671576269532 9.29987542236441E-4 x
314 0 0 0 0.9993740442523442 0.03319275139479377 -0.012204821607974611 8.962472172490885E-4 x
315 0 0 0 0.9993744423428065 0.033195220910259206 -0.012167717063962923 8.648480646515136E-4 x
316 0 0 0 0.9993748371626684 0.03319597330313912 -0.012132577206917839 8.733686883456962E-4 x
317 0 0 0 0.999375780420454 0.03317083391057679 -0.012125003617089734 8.541510235335259E-4 x
318 0 0 0 0.9993761435538918 0.03315967029842145 -0.012127879921009962 8.212732023289316E-4 x
319 0 0 0 0.9993764878335128 0.033148188575160206 -0.012131322147115582 8.149740493299694E-4 x
320 0 0 0 0.9993771604653132 0.033137392400739325 -0.012107490406646422 7.829694885799446E-4 x
321 0 0 0 0.999376837400689 0.03313943046794429 -0.012126363048090625 8.162931356347661E-4 x
322 0 0 0 0.9993771315660297 0.03312749146206656 -0.012133350344008944 8.366730034704642E-4 x
323 0 0 0 0.9993785519546077 0.033102973742947184 -0.012084399917630275 8.187191925015406E-4 x
324 0 0 0 0.9993798709315628 0.033076338848744447 -0.012048543649322317 8.136222134924997E-4 x
325 0 0 0 0.9993797404435063 0.03307751359802159 -0.012054737490228135 8.341398470438202E-4 x
326 0 0 0 0.9993793284907291 0.03307919681424463 -0.012084717272643404 8.271227141574553E-4 x
327 0 0 0 0.9993785108945612 0.03309371984748644 -0.012113895828257363 8.069675879809055E-4 x
328 0 0 0 0.9993792920707469 0.03308167028073197 -0.012079936074090069 8.41912142460394E-4 x
329 0 0 0 0.9993792275339444 0.033095957606767513 -0.0120445388423308 8.638563675017204E-4 x
330 0 0 0 0.9993793903487347 0.0330984388833822 -0.012023610346633386 8.719426052877859E-4 x
331 0 0 0 0.9993806423416642 0.03307363017831456 -0.011988131325859838 8.668372999493149E-4 x
332 0 0 0 0.9993805756484249 0.03306385693466906 -0.012020161408807774 8.729839248832704E-4 x
333 0 0 0 0.9993802568859881 0.03307787109627851 -0.012010389961397281 8.409061835891246E-4 x
334 0 0 0 0.9993803093222698 0.033080198926644294 -0.012000924844413568 8.219372098516231E-4 x
335 0 0 0 0.9993810158216215 0.03306869474503769 -0.01197592157885082 7.899022350938726E-4 x
336 0 0 0 0.9993815679183589 0.0330586400134146 -0.011955267291685634 8.24384310110365E-4 x
337 0 0 0 0.9993814399310766 0.03305960896169129 -0.011960908453096844 8.581640664109757E-4 x
338 0 0 0 0.9993822883534407 0.03304720115557021 -0.011924607652062533 8.53201950338876E-4 x
339 0 0 0 0.9993815900861024 0.03306030009098784 -0.011943365405944779 8.999875819243114E-4 x
340 0 0 0 0.9993796933124911 0.033115290193081084 -0.011948127401324851 9.21087216844954E-4 x
341 0 0 0 0.9993793712750009 0.033118557023632436 -0.011966497253077944 9.145458702971412E-4 x
342 0 0 0 0.9993790512718885 0.033147299785890934 -0.011916809977163214 8.706524981946149E-4 x
343 0 0 0 0.9993791954296469 0.03313630517775985 -0.011935767900561136 8.639827439730447E-4 x
344 0 0 0 0.9993785234262331 0.03316493569303944 -0.011913797567201796 8.458028176969586E-4 x
345 0 0 0 0.9993773701987089 0.033179544845379876 -0.011970271213435416 8.38060644111359E-4 x
346 0 0 0 0.9993754379497648 0.033220646059376455 -0.012017052701621279 8.444776373191417E-4 x
347 0 0 0 0.9993747287728401 0.033235504144921095 -0.01203444802853794 8.513607306471673E-4 x
348 0 0 0 0.9993745788150207 0.0332242076805936 -0.012078547585268008 8.437597568739538E-4 x
349 0 0 0 0.9993738942140691 0.03322857027412749 -0.012123623382884115 8.363235105547809E-4 x
350 0 0 0 0.9993748008313595 0.03320463389896804 -0.012114879342875745 8.303309122058334E-4 x
351 0 0 0 0.9993743719952919 0.03322172436381478 -0.01210467370281691 8.114825068825593E-4 x
352 0 0 0 0.9993736014331928 0.03323759094298522 -0.01212425188193356 8.184271869552825E-4 x
353 0 0 0 0.999372460092974 0.03326489864631841 -0.012142941639514824 8.255265634178172E-4 x
354 0 0 0 0.9993708875444403 0.03330488747231502 -0.012162237346351367 8.328156011763014E-4 x
355 0 0 0 0.9993699730530933 0.03334576652089803 -0.01212469722712523 8.417435145730243E-4 x
356 0 0 0 0.9993697535111442 0.033347686311859845 -0.012141498254160114 7.820517021712673E-4 x
357 0 0 0 0.9993692149011425 0.033362691029207456 -0.012144139233088373 7.893272143696364E-4 x
358 0 0 0 0.9993691143302611 0.03336489218311011 -0.012148446889507789 7.566574733141448E-4 x
359 0 0 0 0.9993687219480242 0.033379462900807566 -0.012141034878171784 7.512126953449211E-4 x
360 0 0 0 0.9993693494961584 0.0333663086836515 -0.012121586077725186 8.123320829636106E-4 x
361 0 0 0 0.9993693301588158 0.03335478034935861 -0.01215354817118308 8.317647604904011E-4 x
362 0 0 0 0.9993701358771939 0.03333075592424724 -0.012156287078153284 7.854366880106405E-4 x
363 0 0 0 0.9993707729702414 0.033306286053298995 -0.01217308414556558 7.519737915629896E-4 x
364 0 0 0 0.9993706520307772 0.033308361889797286 -0.012177707625230863 7.458718334238676E-4 x
365 0 0 0 0.9993704196372275 0.033310113099113595 -0.012193963660217312 7.127199237231592E-4 x
366 0 0 0 0.9993704067337148 0.033299366591620604 -0.01222475068977556 7.055494733480978E-4 x
367 0 0 0 0.9993696549196853 0.033315350584154704 -0.012242250346217402 7.124237674051793E-4 x
368 0 0 0 0.9993710802536312 0.03327664964342169 -0.012232266381347431 6.929649164030535E-4 x
369 0 0 0 0.9993702535456273 0.03330568173517654 -0.012221095514424192 6.875439849694811E-4 x
370 0 0 0 0.9993690907292412 0.0333353840504997 -0.012236995017358213 6.54689361838095E-4 x
371 0 0 0 0.9993684075175905 0.03336417503832412 -0.012213855317341255 6.630369934903297E-4 x
372 0 0 0 0.9993689369762853 0.03336659345306718 -0.012164772657410266 6.454102734464631E-4 x
373 0 0 0 0.99936897444258 0.03336775214159961 -0.012157384651924211 6.663610343469054E-4 x
374 0 0 0 0.9993685577582267 0.03338209726496632 -0.012151077102227016 6.875112289669155E-4 x
375 0 0 0 0.999368734801209 0.033384503361546 -0.0121286599835572 7.08832940307869E-4 x
376 0 0 0 0.9993686104933577 0.033386967143756274 -0.01213247706429795 7.026989409439138E-4 x
377 0 0 0 0.9993689872929638 0.03338858489303632 -0.012096439588562406 7.111857402521959E-4 x
378 0 0 0 0.9993685587351435 0.033391042906445005 -0.012124662804857165 7.173681972875278E-4 x
379 0 0 0 0.9993682449139196 0.03339281174241641 -0.012144437406131452 7.374426730694484E-4 x
380 0 0 0 0.9993663794107991 0.03344770143780545 -0.012147232142295891 7.319311166598603E-4 x
381 0 0 0 0.999366395939008 0.033448618664916586 -0.012141231430873579 7.662092593428897E-4 x
382 0 0 0 0.9993663048270987 0.03343501091436158 -0.012184922394325936 7.851672635668339E-4 x
383 0 0 0 0.9993677376040777 0.033395092503526035 -0.012176413460448537 7.923307569168267E-4 x
384 0 0 0 0.999368052893077 0.03338389591091839 -0.012181642711761746 7.86086097252706E-4 x
385 0 0 0 0.9993671747157139 0.033414150928512215 -0.012171921965069813 7.674204419607059E-4 x
386 0 0 0 0.9993675509892848 0.03340179459596014 -0.012174501422088545 7.74378829845569E-4 x
387 0 0 0 0.9993662636826764 0.03344318710285277 -0.012165156634885987 7.957470576642469E-4 x
388 0 0 0 0.9993653722457895 0.033470216707090425 -0.012159893564473901 8.569353044141836E-4 x
389 0 0 0 0.999366804359953 0.03343279293657142 -0.012148300775645333 8.108563994208254E-4 x
390 0 0 0 0.9993669194873159 0.03342151819322613 -0.01216757890029155 8.440259461114176E-4 x
391 0 0 0 0.999365764813874 0.03344931040683154 -0.012185540277400313 8.510930832525953E-4 x
392 0 0 0 0.9993656149987564 0.0334510795364174 -0.012192459708337251 8.583485692841202E-4 x
393 0 0 0 0.9993653453165947 0.03347790411118167 -0.012142041833468103 8.410331029715722E-4 x
394 0 0 0 0.9993640944127994 0.03351901067380496 -0.012133742553371686 8.093290945652085E-4 x
395 0 0 0 0.9993623884832575 0.03355756625189147 -0.012166274172912443 8.294606911527355E-4 x
396 0 0 0 0.9993633260031795 0.0335316767138011 -0.012160138326797262 8.368587081790404E-4 x
397 0 0 0 0.9993633281711545 0.033533390594711075 -0.01215282825925571 8.710839208815712E-4 x
398 0 0 0 0.9993637819918092 0.0335226332475977 -0.012145597796076995 8.65307662633788E-4 x
399 0 0 0 0.9993635112441528 0.03352377517912464 -0.012164225528572244 8.720715497907681E-4 x
400 0 0 0 0.9993648207300863 0.033486973113376166 -0.012155547712030406 9.057475627286739E-4 x
401 0 0 0 0.9993647359162172 0.03350355276745747 -0.01211906566091442 8.74532203083141E-4 x
402 0 0 0 0.9993640944099584 0.03352188761928099 -0.01212264060742322 8.552422505912622E-4 x
403 0 0 0 0.9993633452175688 0.03355236026413697 -0.012101349411776808 8.370774578203121E-4 x
404 0 0 0 0.9993616730832018 0.03359440805469123 -0.012121327552257906 8.576352192819138E-4 x
405 0 0 0 0.9993617298452566 0.03359566488200795 -0.012113557911052661 8.520191122991021E-4 x
406 0 0 0 0.9993626765705782 0.03357073833098127 -0.01210497455418028 8.460476614839642E-4 x
407 0 0 0 0.9993629416398775 0.033571055871614436 -0.012082552164287979 8.408434772814594E-4 x
408 0 0 0 0.9993630821316309 0.033571007764673616 -0.012072365816648514 8.218841891979238E-4 x
409 0 0 0 0.999362589651112 0.033598370903672105 -0.012037260163242323 8.174632742367805E-4 x
410 0 0 0 0.9993626279847003 0.03358442684464493 -0.01207159866485707 8.369986290792656E-4 x
411 0 0 0 0.9993639569257196 0.03355687382079667 -0.012037580208665051 8.452691075030613E-4 x
412 0 0 0 0.9993638773637408 0.03357244630797158 -0.012001954974509036 8.273730710557868E-4 x
413 0 0 0 0.999364123271017 0.03357302945964875 -0.011980184461319083 8.221872816190883E-4 x
414 0 0 0 0.9993631220428125 0.03361427014825746 -0.011945517374701646 8.577633086241107E-4 x
415 0 0 0 0.9993631414335867 0.03361579863941174 -0.011939036699270511 8.654643384996577E-4 x
416 0 0 0 0.9993623880743507 0.033631698212910864 -0.011956805698328635 8.723388901560971E-4 x
417 0 0 0 0.9993636523398886 0.03360542053745933 -0.01192338218217055 8.938958087122632E-4 x
418 0 0 0 0.9993642565328762 0.0335807661171377 -0.011940699846846085 9.135637062642505E-4 x
419 0 0 0 0.9993644070866061 0.03358049564520624 -0.011931277155286295 8.813546973088617E-4 x
420 0 0 0 0.9993644007146889 0.03358285174820527 -0.011923612609838128 9.022831924378537E-4 x
421 0 0 0 0.9993646339461558 0.033570592533241995 -0.011940073352327465 8.822601512133231E-4 x
422 0 0 0 0.9993631003666423 0.03362531947464745 -0.011917614410339016 8.378439990424919E-4 x
423 0 0 0 0.9993638186005771 0.03361578466449371 -0.011881728153858554 8.727138943046653E-4 x
424 0 0 0 0.9993650672957295 0.03359088032040302 -0.01184647685910597 8.809167550037468E-4 x
425 0 0 0 0.9993659633420521 0.0335523678957862 -0.011879542030455461 8.867937442996168E-4 x
426 0 0 0 0.999364934111672 0.033580546157234936 -0.011885938157211343 8.943499750991319E-4 x
427 0 0 0 0.9993645241647658 0.03358300231012282 -0.011914945477832384 8.739971566864252E-4 x
428 0 0 0 0.9993645713432469 0.03358467104163748 -0.011905720872337757 8.816039154868386E-4 x
429 0 0 0 0.9993647064678206 0.0335882231422651 -0.01188472298901153 8.76408641413564E-4 x
430 0 0 0 0.9993633953892074 0.033616942060080375 -0.011915187708667601 8.564254500798683E-4 x
431 0 0 0 0.9993640643836451 0.0336051107997974 -0.011892815449540496 8.510507731084404E-4 x
432 0 0 0 0.9993639333201412 0.033622394699585854 -0.011855254171604926 8.463463170272608E-4 x
433 0 0 0 0.999364583865098 0.03359812833243336 -0.011870628688098428 8.261133374913854E-4 x
434 0 0 0 0.9993643398255033 0.03361404442296962 -0.01184644644928352 8.209806275968413E-4 x
435 0 0 0 0.999364686439034 0.033614861947043884 -0.0118123511768031 8.561042977725504E-4 x
436 0 0 0 0.9993645241889152 0.03360277489721026 -0.011858981591490285 8.751385509770749E-4 x
437 0 0 0 0.9993638139434536 0.03363075335794277 -0.011837883764455775 8.968371930197791E-4 x
438 0 0 0 0.9993640296705322 0.0336179066226085 -0.011855647919747424 9.03419831624599E-4 x
439 0 0 0 0.9993646070389681 0.0336069296933205 -0.011836444137724651 9.246970378687114E-4 x
440 0 0 0 0.9993651498060856 0.033598839139409364 -0.011813987204922344 9.19275729262387E-4 x
441 0 0 0 0.9993650139551039 0.033599510633317946 -0.011821947331174915 9.398558483537363E-4 x
442 0 0 0 0.9993671349128155 0.033547807686383976 -0.011787731805539329 9.610590348677101E-4 x
443 0 0 0 0.9993679189215199 0.033523355082083074 -0.01179241819289265 9.413647938673107E-4 x
444 0 0 0 0.9993684154884278 0.0335111450601688 -0.011783362722627106 9.621038678163777E-4 x
445 0 0 0 0.9993677591442054 0.03353801243911548 -0.011761878834185249 9.705210009393096E-4 x
446 0 0 0 0.9993667530634786 0.03356603482380145 -0.011765694523883924 9.912668351152215E-4 x
447 0 0 0 0.9993675622499418 0.03354015388241085 -0.01177018774943316 9.981385154439158E-4 x
448 0 0 0 0.9993689864694155 0.03348899317760857 -0.011790925986428518 0.0010441663786227475 x
449 0 0 0 0.9993690526960621 0.03350312649018491 -0.011743057726584107 0.001066594575432388 x
450 0 0 0 0.9993696686761973 0.03347848600715874 -0.01176031458135143 0.0010729891164896232 x
451 0 0 0 0.9993687331317359 0.03350605373728331 -0.011761840014441473 0.0010671087566481313 x
452 0 0 0 0.9993698307088479 0.03346738868234249 -0.011779286358720593 0.0010600833141965163 x
453 0 0 0 0.9993697684874113 0.03347278254677066 -0.011769749085529793 0.0010543568932304423 x
454 0 0 0 0.9993687674227854 0.03350148497763719 -0.011772418143242857 0.0010617792693130373 x
455 0 0 0 0.9993682186977741 0.033513691180610344 -0.011787179712636625 0.001028763680712101 x
456 0 0 0 0.9993687566999627 0.033499691181347664 -0.011779525616455386 0.001049570853607606 x
457 0 0 0 0.9993685079660332 0.033490759587238045 -0.011824237688254751 0.0010685088236937843 x
458 0 0 0 0.9993682437644321 0.03349295825106437 -0.011842101779172875 0.0010486792830711883 x
459 0 0 0 0.9993684456931597 0.033493099278599024 -0.011828607038646364 0.0010030498878530816 x
460 0 0 0 0.9993675097560153 0.03350871242892767 -0.011860573222261382 0.001036068653862042 x
461 0 0 0 0.9993659566635817 0.03354868431207111 -0.011877795489143883 0.0010432723188872968 x
462 0 0 0 0.9993651651500218 0.03356367128486368 -0.011899037438249173 0.0010768298818211162 x
463 0 0 0 0.9993663957178994 0.033523905093513925 -0.011903483523177149 0.0011233775454262858 x
464 0 0 0 0.9993653177491406 0.03355018938383298 -0.011919258078184065 0.001130380172310349 x
465 0 0 0 0.9993649594973427 0.0335537958070379 -0.011935934981620586 0.0011636029945654236 x
466 0 0 0 0.9993660300280651 0.033539129740796925 -0.011889138152643976 0.001145947713513965 x
467 0 0 0 0.9993652431703987 0.03355390887250294 -0.011910277535766041 0.0011795047126024528 x
468 0 0 0 0.9993654640569686 0.03355545790934914 -0.011889173826938321 0.001161051422930272 x
469 0 0 0 0.999366371979617 0.03354037780964233 -0.011854532790020616 0.0011694721094703952 x
470 0 0 0 0.9993660317426494 0.033539774496813314 -0.011888126581334158 0.0011360334674085574 x
471 0 0 0 0.9993671507504895 0.033514695381711646 -0.011865294079938355 0.0011304825146947078 x
472 0 0 0 0.999366530259674 0.033515641899044615 -0.011911653584956532 0.0011629504320210637 x
473 0 0 0 0.9993665000863529 0.03352110796764228 -0.011904393780235887 0.0011041895220980336 x
474 0 0 0 0.9993651293498181 0.033564632118391585 -0.011897302834847684 0.0010990430539119362 x
475 0 0 0 0.9993642440186195 0.033580044461001934 -0.011929970680316078 0.0010789766712721426 x
476 0 0 0 0.9993653911535229 0.03354394194562117 -0.011934834064368911 0.0010856607072694472 x
477 0 0 0 0.9993632910477626 0.03360078544343105 -0.011954839688702845 0.001039967204784832 x
478 0 0 0 0.9993643253122912 0.03355848929441137 -0.011986630179527063 0.001045842399882335 x
479 0 0 0 0.9993641711223107 0.03355808383779366 -0.012001188635208 0.0010392100341805543 x
480 0 0 0 0.9993645015109646 0.033546959232911615 -0.012005319795705325 0.001032929121232146 x
481 0 0 0 0.9993645329316647 0.03355022774849559 -0.011994059215406977 0.0010271707925749948 x
482 0 0 0 0.9993644031121712 0.03354216136306175 -0.012026864832599921 0.0010333081082853292 x
483 0 0 0 0.9993646480467413 0.033532699203994404 -0.012033428755829067 0.0010270885482773471 x
484 0 0 0 0.9993659961192052 0.03349540771585002 -0.012025849740449346 0.0010209802337979943 x
485 0 0 0 0.9993653776584137 0.03351195054072793 -0.012031656370317532 0.0010150633470772242 x
486 0 0 0 0.9993657725824958 0.03349787183774404 -0.012039676596575136 9.956708208513575E-4 x
487 0 0 0 0.9993655259936156 0.03349844594183479 -0.01205906621706491 9.89190051900587E-4 x
488 0 0 0 0.9993651352228469 0.03352728638756659 -0.012011532135238019 9.852229550629079E-4 x
489 0 0 0 0.9993643924171908 0.03354180661013689 -0.012031102950944407 0.0010054549872576004 x
490 0 0 0 0.999365385020732 0.033531438135733775 -0.011981076631483222 9.610835887117663E-4 x
491 0 0 0 0.9993649263048002 0.03354294602248716 -0.011985451328090509 9.817333629998024E-4 x
492 0 0 0 0.9993636045110732 0.03358474983013378 -0.011976824264994843 0.0010031141552039758 x
493 0 0 0 0.9993641241226712 0.033571589580636704 -0.011968602129336552 0.0010238909245357752 x
494 0 0 0 0.9993646544887146 0.033558996990618234 -0.011961243289806871 0.0010048575013435453 x
495 0 0 0 0.9993635376752552 0.0335863167808476 -0.011976145743743285 0.001025096785811519 x
496 0 0 0 0.9993631217058961 0.03360305341659593 -0.011966608856412484 9.929993985429168E-4 x
497 0 0 0 0.9993636682888241 0.033581585819608885 -0.011982876762341802 9.727603221193316E-4 x
498 0 0 0 0.9993625987381289 0.033607894284925666 -0.011998815706047088 9.664919860896462E-4 x
499 0 0 0 0.999363356369558 0.033582778693294756 -0.012004391612957861 9.866625623992087E-4 x
500 0 0 0 0.9993635843267605 0.03357347834970597 -0.012010845257565619 9.937148838781937E-4 x
501 0 0 0 0.9993632801191017 0.033589528003326125 -0.011991677530391778 9.887507829269954E-4 x
502 0 0 0 0.9993629548966515 0.03360617789542943 -0.011970319998989174 0.001010260667450495 x
503 0 0 0 0.999361655409053 0.03364734974621938 -0.01196245878347568 0.0010183972636064022 x
504 0 0 0 0.9993608765788798 0.03366181920533459 -0.011982722128695628 0.001065204988309433 x
505 0 0 0 0.9993612196131779 0.03366532624302863 -0.011944632214160394 0.0010603317785175558 x
506 0 0 0 0.9993608877159138 0.033679065033054546 -0.011936467075151539 0.0010283170348405648 x
507 0 0 0 0.9993600581332255 0.03369276853057847 -0.011967793984056164 0.0010215007862512033 x
508 0 0 0 0.9993613434690277 0.03366593444469301 -0.01193635646967635 0.0010165785629013208 x
509 0 0 0 0.9993606429780563 0.033694343406732816 -0.011915238586237446 0.001011720469501353 x
510 0 0 0 0.9993602614359589 0.03370926741991103 -0.011904365219420078 0.0010194318944920307 x
511 0 0 0 0.9993591166713561 0.033737688995502814 -0.011920478834221334 0.001013139404263238 x
512 0 0 0 0.9993585583942372 0.033742134274532494 -0.011952976775154668 0.0010327076083715685 x
513 0 0 0 0.9993598196450354 0.03370219620819702 -0.011957280389479996 0.0010659716103371497 x
514 0 0 0 0.9993616394242447 0.033663343633821965 -0.011912575819012275 0.0010878786850918882 x
515 0 0 0 0.9993629909413074 0.03362567337796767 -0.011903701762033826 0.0011082919665482234 x
516 0 0 0 0.9993651094849163 0.03357385727367099 -0.011868790245150142 0.0011427467284263208 x
517 0 0 0 0.9993656840865311 0.03356064157473411 -0.011858342048094436 0.0011368954315649495 x
518 0 0 0 0.999365374935698 0.03357691473975643 -0.01183878999470702 0.001131913270604398 x
519 0 0 0 0.9993652999736203 0.03357995627871099 -0.011831852353404036 0.0011794129229550042 x
520 0 0 0 0.9993646326249491 0.03358672252495397 -0.011868318009174079 0.0011858145156296654 x
521 0 0 0 0.9993657833161518 0.033558737308928034 -0.011849781284884819 0.0011937213347400816 x
522 0 0 0 0.9993660508311004 0.033558114249122896 -0.011826793138653962 0.001215063104943218 x
523 0 0 0 0.9993661281117786 0.03356264751691662 -0.011809258959859544 0.0011966943412735703 x
524 0 0 0 0.9993658038730849 0.033577856870736535 -0.011791236056960698 0.001218330546278787 x
525 0 0 0 0.9993663353865038 0.03357977900379855 -0.011741057826643187 0.0012139601795468807 x
526 0 0 0 0.9993662055462986 0.033581363641726425 -0.011745444284906295 0.00123440937528692 x
527 0 0 0 0.9993670034808697 0.033564412383250815 -0.011723730649847547 0.0012556730006467907 x
528 0 0 0 0.9993659832151971 0.03359296979748482 -0.011728103758797808 0.0012631526948312971 x
529 0 0 0 0.9993661821492924 0.03359197527266126 -0.01171742448257521 0.0012309090639143353 x
530 0 0 0 0.9993662878237769 0.03359356181444959 -0.01170584074411908 0.0012118821792063768 x
531 0 0 0 0.9993669450464215 0.03357312829272584 -0.011713044603370422 0.0011656720562074996 x
532 0 0 0 0.9993679017144289 0.03354815201528922 -0.011703574660946013 0.001159680738158134 x
533 0 0 0 0.9993685350366649 0.03353897419057109 -0.011681430031889005 0.00110117270422401 x
534 0 0 0 0.9993682707249552 0.03355417622978399 -0.011660838212796235 0.0010961651008648393 x
535 0 0 0 0.9993686040630755 0.03354155092556852 -0.011666660310351625 0.0011165176803126433 x
536 0 0 0 0.9993700910797992 0.03349026819837922 -0.01168472103705866 0.001135907320479782 x
537 0 0 0 0.9993654713747221 0.03364133387867307 -0.011649919191219847 0.0010930058011037716 x
538 0 0 0 0.9993663907162055 0.033601989183866796 -0.011682714660827284 0.0011124782720397914 x
539 0 0 0 0.9993627586498238 0.03370811169411301 -0.011688151393034696 0.0011076763267369853 x
540 0 0 0 0.9993654616715639 0.03362693330955687 -0.011690280869295853 0.0011138704474865622 x
541 0 0 0 0.9993629458769211 0.033695981221717596 -0.011707069264281144 0.0011080554812208708 x
542 0 0 0 0.999371719114117 0.03343567664544649 -0.011701489454054392 0.0011391693080190454 x
543 0 0 0 0.9993663490146028 0.03359452004204358 -0.011705578076761043 0.0011349547377825667 x
544 0 0 0 0.9993653015683224 0.03362471353305814 -0.011704980265399638 0.0011688019774242784 x
545 0 0 0 0.9993570138270298 0.03386443932158766 -0.01172443176134988 0.0011385798303827931 x
546 0 0 0 0.9993361969220462 0.03448746621659015 -0.011683678896541805 0.0011277600735916501 x
547 0 0 0 0.9991406267838956 0.03962624580476192 -0.012121630110805623 9.135845674535377E-4 x
548 0 0 0 0.9990737329676113 0.04117840950012435 -0.012318707978974686 0.0020649743173171255 x
549 0 0 0 0.999138281066332 0.03948238275326902 -0.011956331746395484 0.0045697802037062705 x
550 0 0 0 0.998843933193517 0.04517429286780501 -0.012597122463902991 0.010554283112956638 x
551 0 0 0 0.9987193416050774 0.044657667548992766 -0.01187603864628429 0.020599250934836517 x
552 0 0 0 0.9986335188739215 0.04126533736546516 -0.010855184432663523 0.030173363825339455 x
553 0 0 0 0.9983572195488936 0.044405705691398525 -0.010955912420946184 0.034510338446269974 x
554 0 0 0 0.9983972378907872 0.04015274746094223 -0.010097739347127925 0.038584296073176656 x
555 0 0 0 0.9981606816754506 0.037746779445716944 -0.009469584788073242 0.04648398823915309 x
556 0 0 0 0.997760690161685 0.03522840670429664 -0.008793587079184293 0.05617149949427547 x
557 0 0 0 0.9972044771209869 0.03434834318281741 -0.006404037490996509 0.06604854604204763 x
558 0 0 0 0.9966288778815214 0.029784542033750708 -0.003032142594041495 0.07638433700536133 x
559 0 0 0 0.9962836714657868 0.022799499829218476 -0.001008205605467337 0.08305427321725921 x
560 0 0 0 0.9961677210792417 0.011565971065803437 -0.001905231681945806 0.08667450539422393 x
561 0 0 0 0.9955328371467478 -0.012326387363993494 -0.006818465770359364 0.09335919270022708 x
562 0 0 0 0.9948333226145643 -0.025434616386729534 -0.023107396088938758 0.09552899429448372 x
563 0 0 0 0.9941948361652512 -0.03293130222429339 -0.038549701850782644 0.09490035597076238 x
564 0 0 0 0.9936996684476603 -0.03891584815251181 -0.05330395346723417 0.09058263759873611 x
565 0 0 0 0.9928157176865974 -0.047053853668456824 -0.06399232867617088 0.0894866886190082 x
566 0 0 0 0.9922542631915919 -0.05081295668233417 -0.06961766659079739 0.08945893532656836 x
567 0 0 0 0.9917355532276562 -0.05451998877806705 -0.0744799112949285 0.08911176185764777 x
568 0 0 0 0.9903927031784568 -0.06784949378641478 -0.08489895122340492 0.085503846492202 x
569 0 0 0 0.9882043843542494 -0.08661258742113528 -0.0964033267772145 0.08158892712581026 x
570 0 0 0 0.9863917213500067 -0.09792795788865585 -0.10374201097227284 0.08172565249269703 x
571 0 0 0 0.9842252603977105 -0.11105092556877327 -0.10980527029338867 0.08313321442825192 x
572 0 0 0 0.9817452753100402 -0.1251441719952381 -0.11563958208417825 0.08451412708793887 x
573 0 0 0 0.9795547737972493 -0.13421952146861027 -0.12241157578315394 0.08644634926960448 x
574 0 0 0 0.977510983485917 -0.14008407960521374 -0.1294140036679365 0.09000413023962167 x
575 0 0 0 0.9749168157454863 -0.14479096239870826 -0.13871548528676036 0.09659603369702091 x
576 0 0 0 0.9711429353655404 -0.15333865221241869 -0.14923606095268052 0.10534350923815218 x
577 0 0 0 0.9676302061055877 -0.15877036863585048 -0.1582991859191298 0.11586682878475256 x
578 0 0 0 0.9649130315664771 -0.15973615013000814 -0.16324328841707403 0.12953313337372088 x
579 0 0 0 0.9624082394041776 -0.16520799242648126 -0.16129751067298362 0.1430378027517956 x
580 0 0 0 0.9611545129417537 -0.16545930702874226 -0.1565426804114266 0.15588331911681486 x
581 0 0 0 0.9594942506746088 -0.1642847572384656 -0.15447965216917087 0.16887077463895805 x
582 0 0 0 0.9543493209576898 -0.1765617158813873 -0.15856722013327762 0.18138293958314072 x
583 0 0 0 0.9466240018445243 -0.19637555333641976 -0.16488100194147595 0.19533022393487412 x
584 0 0 0 0.9398462016290429 -0.2079290958241364 -0.16758126635591244 0.2130049942132028 x
585 0 0 0 0.9338782918700576 -0.21621269957330475 -0.16712632283932868 0.2306343355428503 x
586 0 0 0 0.9262227697498479 -0.22903161139944544 -0.16904753510122808 0.24714132121701785 x
587 0 0 0 0.9169105430528679 -0.24095721198519382 -0.17072819218806237 0.26845216039922937 x
588 0 0 0 0.9065184042325956 -0.2516683774046343 -0.17220580436639973 0.29194617919169347 x
589 0 0 0 0.8964380151847691 -0.2622975557013047 -0.1721058660794743 0.31301509239291775 x
590 0 0 0 0.8865088509175655 -0.27375006923580036 -0.16939091805736267 0.332369784604281 x
591 0 0 0 0.8769170029550594 -0.28055950406081864 -0.16529638485974513 0.3535251614266839 x
592 0 0 0 0.8666067321477113 -0.2866852970800966 -0.16728933784767513 0.3725836680221615 x
593 0 0 0 0.8550116547577845 -0.2932498837385283 -0.1713694284195793 0.39190827360345604 x
594 0 0 0 0.8427075045347083 -0.30079109523367775 -0.1731541459507621 0.41156581559827254 x
595 0 0 0 0.8314022637462988 -0.3044971612022679 -0.1730414388589432 0.4314028454877372 x
596 0 0 0 0.8209039700143624 -0.3065625125832577 -0.1758818382834626 0.44855509901831314 x
597 0 0 0 0.8095343259596361 -0.3098116535685552 -0.18005374022306947 0.46502856367956463 x
598 0 0 0 0.7969182838920674 -0.3143964682531388 -0.1820981850452984 0.48261409070983785 x
599 0 0 0 0.784918700160593 -0.3176691025506833 -0.18192123635151228 0.49989362787215647 x
600 0 0 0 0.7744893409747983 -0.31890791005509783 -0.1831667792682021 0.5146979080909756 x
601 0 0 0 0.7650072209555743 -0.3188729538916351 -0.18526752483560452 0.5279772110645886 x
602 0 0 0 0.7560508122556048 -0.3174323258941417 -0.18576608209057197 0.5414008224132973 x
603 0 0 0 0.7467701584072853 -0.3165020326401592 -0.18630096314311442 0.5544842152658213 x
604 0 0 0 0.7385080035825053 -0.31426177249721393 -0.1866583829731334 0.5665722505182783 x
605 0 0 0 0.7331210391719548 -0.3110003068020312 -0.1849743736795342 0.5758444513706281 x
606 0 0 0 0.7306175462875936 -0.3072045348767249 -0.1810938887532758 0.5822614346357547 x
607 0 0 0 0.7285679671040949 -0.3035049170814676 -0.17741207036706474 0.5878762113789346 x
608 0 0 0 0.7274720254887022 -0.2984828614035061 -0.1746744946919598 0.5926054796269176 x
609 0 0 0 0.728601546036954 -0.29301744761843834 -0.17297118619417529 0.5944422017743326 x
610 0 0 0 0.7341882465167994 -0.28751815216281335 -0.16921143524310858 0.5913276765351306 x
611 0 0 0 0.7453265895902014 -0.28088091574550444 -0.16033219486607347 0.5829989479486508 x
612 0 0 0 0.7596848879782994 -0.2749519906761036 -0.1566371709885696 0.5681065661170837 x
613 0 0 0 0.7784238816993336 -0.2678553398536402 -0.15363932128562172 0.5465388698591583 x
614 0 0 0 0.8109013727025522 -0.255877578843529 -0.13930854854431796 0.5075024696459763 x
615 0 0 0 0.8516649351027054 -0.2422703489461693 -0.12263132423810602 0.4482560369405129 x
616 0 0 0 0.8925353730388996 -0.2236481594273865 -0.11911921023405486 0.373058604527854 x
617 0 0 0 0.9315888142293791 -0.19498631998050284 -0.12555278095349373 0.27992698229717766 x
618 0 0 0 0.9637034547788648 -0.16213580672568303 -0.1417757081715919 0.157757028360501 x
619 0 0 0 0.9772069265291544 -0.1359310927956784 -0.1625019343186201 0.013508593469478926 x
620 0 0 0 0.9661259529276213 -0.11796368293914809 -0.18521501239792237 -0.13557511486097026 x
621 0 0 0 0.9330238931185794 -0.09805055214786537 -0.20593963945009497 -0.27828289382661214 x
622 0 0 0 0.8839051184107923 -0.07681587818337893 -0.2225224182001823 -0.4040975574096714 x
623 0 0 0 0.828333519966226 -0.06113154418274568 -0.23178216943084734 -0.5063630515155354 x
624 0 0 0 0.7813456990920644 -0.06052917780530582 -0.23206361190924485 -0.5761784421272478 x
625 0 0 0 0.7480185319234568 -0.06701259712301441 -0.23191598178587505 -0.6182172475094808 x
626 0 0 0 0.7237495088214145 -0.07305361921670726 -0.23219073915826038 -0.6457068048652128 x
627 0 0 0 0.7068823299133898 -0.08457711058799297 -0.23000471932550975 -0.6635223531342388 x
628 0 0 0 0.6990195206597418 -0.09024350311352035 -0.22533075082141035 -0.6726469152658652 x
629 0 0 0 0.6985626882826571 -0.08662934548691552 -0.21835119123608862 -0.6758907340137137 x
630 0 0 0 0.702619092147858 -0.08603781329864754 -0.21049030936690688 -0.6742534654673499 x
631 0 0 0 0.7123420622309397 -0.0879048622690672 -0.20380438504660317 -0.6658117558302828 x
632 0 0 0 0.7293318891799716 -0.08606637829813014 -0.19862509733710818 -0.6490112823823951 x
633 0 0 0 0.7529521168384572 -0.08516743048844716 -0.19228652048058478 -0.6235667667330832 x
634 0 0 0 0.7805642428856115 -0.09002444442088914 -0.18571793015943877 -0.5900202645269197 x
635 0 0 0 0.8099123652525373 -0.09715809018361138 -0.18273135062883766 -0.5488274042176416 x
636 0 0 0 0.8390275408298216 -0.1004720180609477 -0.18284538195071756 -0.502499478223728 x
637 0 0 0 0.8681346746397508 -0.1054885385385742 -0.18263248589839826 -0.4492880256802991 x
638 0 0 0 0.8970213765793503 -0.11672707258577569 -0.17976561225558502 -0.3865381806957977 x
639 0 0 0 0.9240089273060582 -0.12957490376337358 -0.17429969805241843 -0.3147021795797671 x
640 0 0 0 0.9450456812235517 -0.14495605742149453 -0.1696424683820835 -0.23895153219588888 x
641 0 0 0 0.9585324211330375 -0.16284832521600975 -0.1691110903826433 -0.16154708205588797 x
642 0 0 0 0.9658250560266248 -0.1768065223206851 -0.16949663691084896 -0.0848074577613558 x
643 0 0 0 0.9666293753874141 -0.19284391863565573 -0.1682821242287412 -0.01095446705434713 x
644 0 0 0 0.9616157070676756 -0.20713360528686825 -0.16979868806979637 0.059659928020187845 x
645 0 0 0 0.9515728572882756 -0.2176304344403977 -0.17615730582215014 0.12694366814848476 x
646 0 0 0 0.9362641159455262 -0.23042779024588994 -0.18617311360610544 0.18881766454796084 x
647 0 0 0 0.916577792065406 -0.24540598362751234 -0.19792402427974554 0.24594132411050648 x
648 0 0 0 0.8961409436794221 -0.2564060590288615 -0.20358394387651046 0.2995678883831326 x
649 0 0 0 0.8784357979272256 -0.26215025229728256 -0.1978671619513833 0.34709707627943936 x
650 0 0 0 0.860401276831867 -0.2680093701559875 -0.191073746854803 0.3890648321264089 x
651 0 0 0 0.8386065614312967 -0.2781249773934345 -0.19236372299940413 0.42706174044052064 x
652 0 0 0 0.8155281304353154 -0.28588606496773794 -0.1965687273327936 0.46318868915454703 x
653 0 0 0 0.7935060307481403 -0.2902347528977149 -0.1984649552446202 0.49671282338639605 x
654 0 0 0 0.773006049658544 -0.2950373244449152 -0.1987604554089853 0.5252703168286702 x
655 0 0 0 0.7526184628072298 -0.3015133518331656 -0.19920247284853343 0.5504303070498948 x
656 0 0 0 0.7349309560602446 -0.30747485638565974 -0.20064142697580292 0.570156750636267 x
657 0 0 0 0.7221105563219719 -0.31157649793924846 -0.19964169028535947 0.5844823572019009 x
658 0 0 0 0.7111169333270458 -0.31856776836264883 -0.19942308495030786 0.5941866014013459 x
659 0 0 0 0.7039372650314408 -0.32479818254313175 -0.1973346274221141 0.6000312594664621 x
660 0 0 0 0.7018923785664842 -0.3303313152074062 -0.19329139200375017 0.6007218565033912 x
661 0 0 0 0.7064319999513066 -0.3347396505722051 -0.1909593593291272 0.593664651856757 x
662 0 0 0 0.7185950368313536 -0.3371888045420618 -0.18851708990622523 0.5782613509012418 x
663 0 0 0 0.7385358330229841 -0.33810464527039835 -0.18381529515884656 0.5535901096057364 x
664 0 0 0 0.7684757512343479 -0.33443484356454 -0.1799074505060109 0.5150064702770186 x
665 0 0 0 0.8152224509822976 -0.31887232906685403 -0.1779889285100243 0.44950276361525193 x
666 0 0 0 0.8643085718299222 -0.3030352558061536 -0.1807493219489279 0.35842713208520127 x
667 0 0 0 0.9013685892621602 -0.28585484544366807 -0.1949944131931786 0.26038212774952085 x
668 0 0 0 0.9310578255557362 -0.25678188855431144 -0.2232683688259254 0.1317027815337077 x
669 0 0 0 0.939026812067607 -0.22840187620238545 -0.25387539696933437 -0.04010625860187102 x
670 0 0 0 0.9182723847053504 -0.2038678617895188 -0.26617288087057056 -0.2106317162869338 x
671 0 0 0 0.8747286497818297 -0.1736204353732117 -0.2649873299684816 -0.3667253040462962 x
672 0 0 0 0.8109664052305995 -0.14313614408125105 -0.2668095521483186 -0.5006577640737475 x
673 0 0 0 0.7430953367742229 -0.13070842080181444 -0.256034558002481 -0.6042937483578449 x
674 0 0 0 0.6974795893304953 -0.1157511045963312 -0.24430081807566234 -0.6636573020314438 x
675 0 0 0 0.666388175180421 -0.11307231714073658 -0.2374283208708495 -0.6976885003528308 x
676 0 0 0 0.6381312725323445 -0.1170688111577531 -0.2298327967743599 -0.7254379766714978 x
677 0 0 0 0.6181988029979646 -0.11779393439505988 -0.22974949465258668 -0.7424082426121743 x
678 0 0 0 0.6057124826571703 -0.11751958056387461 -0.2316643741515707 -0.7520858689580194 x
679 0 0 0 0.6012718860117948 -0.11725369425776087 -0.23069667445702313 -0.7559779987996987 x
680 0 0 0 0.6025505775857566 -0.11893622214103865 -0.22565250503505385 -0.7562194942510366 x
681 0 0 0 0.6084234524472671 -0.11669950699150117 -0.22213346508342424 -0.7529002930469078 x
682 0 0 0 0.6169954332983987 -0.11319932224604476 -0.22234245395000934 -0.7463687975146371 x
683 0 0 0 0.6258649696018038 -0.11633763254364575 -0.22308606229627337 -0.7382351955092741 x
684 0 0 0 0.6366964053559429 -0.12658999012477065 -0.22275079782720297 -0.7273064992658708 x
685 0 0 0 0.6520400337127075 -0.13774759605871997 -0.22121907173102273 -0.7119912334561709 x
686 0 0 0 0.6715811252679296 -0.14377627117002217 -0.2196865184757693 -0.6928528051702622 x
687 0 0 0 0.693886025742335 -0.1424844840725825 -0.21952932728795355 -0.6708406886426733 x
688 0 0 0 0.7174203358352319 -0.1381966877522045 -0.22101098404036928 -0.6460370594307192 x
689 0 0 0 0.741100067425267 -0.13982191444201694 -0.22146479343571118 -0.6182021251763147 x
690 0 0 0 0.7645768891476651 -0.1484553282790419 -0.21991032247188524 -0.5873862835963679 x
691 0 0 0 0.7882663895026186 -0.1568547069013594 -0.22109895762183646 -0.5524019831987683 x
692 0 0 0 0.813790947099062 -0.16157142285337162 -0.2248670233876374 -0.5109538056708579 x
693 0 0 0 0.840847494354946 -0.165426024579594 -0.22640342783128817 -0.46298078739300136 x
694 0 0 0 0.8654756912758194 -0.17131296802672655 -0.22657437495973357 -0.41263512624123844 x
695 0 0 0 0.8865944565489146 -0.18183198129962724 -0.22756943432407994 -0.3593042620882828 x
696 0 0 0 0.9047298450378822 -0.19345375277041937 -0.2322976891799261 -0.30012886671967687 x
697 0 0 0 0.9192388676714349 -0.20698037497159935 -0.23709636791793326 -0.23652556068822397 x
698 0 0 0 0.9291943600032749 -0.21884672476816527 -0.24258255682289398 -0.17279367905574217 x
699 0 0 0 0.9350866242896296 -0.22731676757686672 -0.24995409407546032 -0.1070656018894296 x
700 0 0 0 0.9369133248769487 -0.23515626527885608 -0.2555338461742762 -0.039967562191142766 x
701 0 0 0 0.9327620292567392 -0.24829466913872714 -0.2601426794086744 0.025110563598136036 x
702 0 0 0 0.922269452527033 -0.2654849901768018 -0.26642607310360145 0.08918477727115141 x
703 0 0 0 0.908679246325677 -0.28019509939875464 -0.2683566979770772 0.15419927438467831 x
704 0 0 0 0.8956222514762519 -0.28701399150271395 -0.26205069995393626 0.21636354128166244 x
705 0 0 0 0.8790185935182321 -0.2954450482075227 -0.26002130182254224 0.26912350015818765 x
706 0 0 0 0.8586243808516334 -0.3017722822874882 -0.26166121571446355 0.32129592347395053 x
707 0 0 0 0.8345841680552533 -0.3046635679527985 -0.2618204092888598 0.37696080707893925 x
708 0 0 0 0.8052284801224573 -0.31350837461946457 -0.2708092430441509 0.4242427933683647 x
709 0 0 0 0.7773642930022124 -0.3171289314112078 -0.28029012995514807 0.46537236690298067 x
710 0 0 0 0.754754536944544 -0.3156851420538446 -0.2771692174253941 0.5038508757160846 x
711 0 0 0 0.7341152674782987 -0.3192149309261027 -0.26950239508318635 0.5352990388311337 x
712 0 0 0 0.7144681921945599 -0.3274712301140868 -0.26588117190995514 0.5582159064498189 x
713 0 0 0 0.7022805973772631 -0.3342888051983948 -0.2604312796946588 0.5720389023685947 x
714 0 0 0 0.6987784092718565 -0.3404405204431744 -0.25377460286711423 0.5756799785605824 x
715 0 0 0 0.7023048033135902 -0.3455172958797116 -0.25043676073931076 0.5697957444216585 x
716 0 0 0 0.7099879776445176 -0.34961006095609465 -0.2524238517055149 0.5567513591978703 x
717 0 0 0 0.7214656465781464 -0.34957613148079036 -0.25400705240331567 0.5410769505679218 x
718 0 0 0 0.7377916524487356 -0.34954254838519194 -0.25495049751981325 0.5181541549189294 x
719 0 0 0 0.7665312186285113 -0.35065980711411554 -0.2502722302300873 0.47626820313583684 x
720 0 0 0 0.8083035272332569 -0.3569020938086236 -0.24431937426009817 0.39946757898288837 x
721 0 0 0 0.8548556936364532 -0.3491429178912596 -0.2313855304842463 0.3062379829907442 x
722 0 0 0 0.8949068758059072 -0.3304742930070482 -0.2237719667971864 0.1996359991898284 x
723 0 0 0 0.9197196132999695 -0.3070372212566385 -0.23453685248823472 0.06954453608493172 x
724 0 0 0 0.9236634132460221 -0.28042908729794286 -0.25223724155696137 -0.06768899467185391 x
725 0 0 0 0.9027073573588613 -0.2555846815435387 -0.26897369498107254 -0.21782802606344784 x
726 0 0 0 0.8581667828368733 -0.22523236716822148 -0.2809787959721832 -0.3658839567803327 x
727 0 0 0 0.7948313908042874 -0.18658575780166395 -0.2855252401320611 -0.501900540371526 x
728 0 0 0 0.7189548470417253 -0.17145737987349183 -0.28083821091070965 -0.6122386741252128 x
729 0 0 0 0.6533645726936712 -0.16289688022295395 -0.26706619970083356 -0.6893873994640457 x
730 0 0 0 0.6042446654709047 -0.145478958583946 -0.26280727759809175 -0.7380085309132711 x
731 0 0 0 0.5744105722957489 -0.1428894606077285 -0.25652512490523666 -0.7640876630167872 x
732 0 0 0 0.5588104737186804 -0.15072837926659935 -0.24851948897776072 -0.7766916207506043 x
733 0 0 0 0.5464656897531207 -0.15626832601546692 -0.24818275944605758 -0.7844493470713774 x
734 0 0 0 0.5341691822322568 -0.16098609797708127 -0.25266661614695296 -0.7905101783634945 x
735 0 0 0 0.5273317944810876 -0.1696589342364132 -0.25441389297738914 -0.7927235303832038 x
736 0 0 0 0.529698892426002 -0.17328893739841797 -0.2521492399875178 -0.7910820363980663 x
737 0 0 0 0.5386504737765514 -0.16605307581990944 -0.25244509477396176 -0.7864817335676715 x
738 0 0 0 0.549197071162791 -0.16337871069322085 -0.250828051351585 -0.7802405158498243 x
739 0 0 0 0.5604435321478412 -0.16678936411832407 -0.24579846294082658 -0.7730895620214931 x
740 0 0 0 0.5738024851750254 -0.1643571064303941 -0.24505315697483832 -0.7639937171400419 x
741 0 0 0 0.588922837349429 -0.16081567097028537 -0.24550757117649374 -0.7530167621731232 x
742 0 0 0 0.6052349971202261 -0.1593361249847906 -0.2477297280017679 -0.739548902642605 x
743 0 0 0 0.6213407459849543 -0.158511925095943 -0.2512803087083487 -0.7250295534919082 x
744 0 0 0 0.6378494352753841 -0.1545482902727856 -0.25721611135708544 -0.7092973959849084 x
745 0 0 0 0.657578533285783 -0.15197861759589343 -0.2616488200519842 -0.6899513514159995 x
746 0 0 0 0.6812161889252115 -0.1521904660914859 -0.26409624645827096 -0.6656092987509408 x
747 0 0 0 0.7076791569134019 -0.15116299102619696 -0.2674481116023219 -0.636247961579998 x
748 0 0 0 0.7363890184342533 -0.1480037930369658 -0.27006235697434106 -0.6024055229839543 x
749 0 0 0 0.7656109841013947 -0.14289063590931608 -0.27194697020917297 -0.5652140590845001 x
750 0 0 0 0.7947354405374313 -0.13679543278196263 -0.2749929222746451 -0.5235088173303502 x
751 0 0 0 0.823641560879583 -0.13547573699114282 -0.27689633534429736 -0.4760139949113361 x
752 0 0 0 0.851688316177363 -0.13730598432115884 -0.2791307707296172 -0.4217346222311565 x
753 0 0 0 0.8770602713012 -0.13955549435136638 -0.28209612396137246 -0.3629205441241671 x
754 0 0 0 0.8970065442367923 -0.14414491693725306 -0.2864724716877688 -0.30419570260380174 x
755 0 0 0 0.9129297903231377 -0.15106844908356887 -0.29033672153758205 -0.24380752605045958 x
756 0 0 0 0.9266007072445405 -0.15679271806589076 -0.2926787687647544 -0.17653982896155557 x
757 0 0 0 0.9349755629736121 -0.1651669339985423 -0.2948792820007807 -0.10764195094108445 x
758 0 0 0 0.9367468722498382 -0.17730111043712612 -0.2989172018286197 -0.04145021132461835 x
759 0 0 0 0.9341552697861268 -0.18986673858642955 -0.30107147716106186 0.025700567103029315 x
760 0 0 0 0.9288312859980942 -0.19802050127476403 -0.2987910627719162 0.09372419129364028 x
761 0 0 0 0.918226138347484 -0.21080080488236366 -0.29622893911577775 0.1570738525240778 x
762 0 0 0 0.9032400663855428 -0.22607218884195046 -0.29495910318383733 0.2145876868719083 x
763 0 0 0 0.8862524331441834 -0.23712024235245205 -0.29303780802955587 0.26918294611279187 x
764 0 0 0 0.8664584874903412 -0.2520519539294103 -0.2894746665040238 0.31925525748012545 x
765 0 0 0 0.84678737568076 -0.26265623025195073 -0.284512804020439 0.3647126395478404 x
766 0 0 0 0.8262632208509528 -0.2715020253940757 -0.28181545942005176 0.405161433144604 x
767 0 0 0 0.8050286435395815 -0.28347486905487523 -0.28049838482594697 0.4391941914520021 x
768 0 0 0 0.7860448004351882 -0.2940897298536167 -0.27613770512168073 0.46839381967908533 x
769 0 0 0 0.7689603917503579 -0.306123134592691 -0.2739891669739101 0.4898147392302772 x
770 0 0 0 0.755595814768072 -0.3160562897191561 -0.27118790326562314 0.5056090461575321 x
771 0 0 0 0.7471674698379612 -0.32429098209752905 -0.26566574081375166 0.5157497892428458 x
772 0 0 0 0.7419838050492393 -0.3349870132487103 -0.2607428765075789 0.5188996881381932 x
773 0 0 0 0.7424361322220306 -0.34349591657761414 -0.2565017147829102 0.5147873494746378 x
774 0 0 0 0.7453537341771515 -0.34977837121380656 -0.2565813262632237 0.5062301107127056 x
775 0 0 0 0.7490944085690483 -0.35679892213419034 -0.26740880145559914 0.4899434958426816 x
776 0 0 0 0.7584197848906804 -0.3672240342500385 -0.279689733404395 0.4601299724900336 x
777 0 0 0 0.7758016262600375 -0.3772530006549633 -0.28594286123971396 0.41719143123409586 x
778 0 0 0 0.806090540008136 -0.3885273953280651 -0.2949656993252604 0.33505184764531787 x
779 0 0 0 0.838566499715345 -0.39273432295072697 -0.3007237265581227 0.22832261696245393 x
780 0 0 0 0.86242060067374 -0.39002727291166 -0.3057044431411998 0.10321931680827717 x
781 0 0 0 0.8722521259307909 -0.3750314133266491 -0.31194935958257286 -0.03486064949845318 x
782 0 0 0 0.86188248248136 -0.350967571238987 -0.31865049315211474 -0.18011722167602057 x
783 0 0 0 0.8248501001555171 -0.3360138568821415 -0.3194648061007614 -0.32351080031372087 x
784 0 0 0 0.7711769474284903 -0.3063728635948044 -0.30952275532821577 -0.46434625888621545 x
785 0 0 0 0.7072821314089982 -0.263148947568184 -0.30115831473424315 -0.5829307741488111 x
786 0 0 0 0.6502682380246787 -0.24637708420076743 -0.2855021949912689 -0.6594983302876326 x
787 0 0 0 0.6205975999491161 -0.23558028812323664 -0.2653905744485899 -0.6992341451752889 x
788 0 0 0 0.6031811379765851 -0.21736498420322292 -0.24855224841283696 -0.7260487299352075 x
789 0 0 0 0.5834171375165955 -0.21652896473523045 -0.23961060445070395 -0.7452022606765225 x
790 0 0 0 0.5609753859633572 -0.22608133818333806 -0.23933618636607237 -0.7595472564391489 x
791 0 0 0 0.5417642540025054 -0.2278092219364252 -0.2453815733256821 -0.7709619542870079 x
792 0 0 0 0.5303183631635878 -0.2288340859575411 -0.24966627054049134 -0.7772156381274582 x
793 0 0 0 0.52806561619883 -0.22894676577013798 -0.251190435878171 -0.7782245488002023 x
794 0 0 0 0.5309773274082226 -0.22517151964952944 -0.2517881607330925 -0.7771509419873268 x
795 0 0 0 0.5347371017629944 -0.2209382414398955 -0.2532506823020185 -0.7753106586273153 x
796 0 0 0 0.5397420291370808 -0.22174341659560753 -0.2569563911199547 -0.7703777075189172 x
797 0 0 0 0.5494213641860153 -0.2243783494432372 -0.26119478105613575 -0.7612935092499766 x
798 0 0 0 0.564413254060483 -0.22458482465870092 -0.2661936417485571 -0.7484252001813662 x
799 0 0 0 0.5831232930225503 -0.2229114169371235 -0.2721288908681456 -0.7322728945471721 x
800 0 0 0 0.6038154406278735 -0.22305245743585703 -0.2740285597396106 -0.7145368173426944 x
801 0 0 0 0.6282919279522546 -0.2190685677443613 -0.2717333690941264 -0.6952835335438546 x
802 0 0 0 0.6573077270825127 -0.20269646050604403 -0.2729376616761326 -0.6725813925873267 x
803 0 0 0 0.6874076630088357 -0.18801695287889336 -0.27416136606888447 -0.6457212058017842 x
804 0 0 0 0.7177066909019966 -0.18087050165206942 -0.27342356354498193 -0.6143472327316188 x
805 0 0 0 0.7487919695129698 -0.17383483514090428 -0.27450387022101647 -0.5777020527210422 x
806 0 0 0 0.7793101520100729 -0.16324011317478895 -0.2771036973561688 -0.5378121357279512 x
807 0 0 0 0.8084102569389818 -0.150718690347187 -0.2806682745038619 -0.4949566168290945 x
808 0 0 0 0.835454757535483 -0.14443226011010185 -0.2833142521074177 -0.4482049809000672 x
809 0 0 0 0.858643208942957 -0.14916313568113646 -0.2863465741043348 -0.3981053104250475 x
810 0 0 0 0.8776045835925109 -0.15680107306109625 -0.29161275665371406 -0.34667797521781846 x
811 0 0 0 0.8944647692838826 -0.16191933501967848 -0.2979738763983295 -0.29142147216852254 x
812 0 0 0 0.9087304754960536 -0.16843651210772254 -0.30271409586807063 -0.2328137462790332 x
813 0 0 0 0.9194723021664526 -0.17724066651053474 -0.3051639800699548 -0.17329563454250513 x
814 0 0 0 0.9262965846215163 -0.18517816212832805 -0.3073720693568164 -0.11491778177722167 x
815 0 0 0 0.9299652596161329 -0.19396839845724317 -0.3071423414565779 -0.05660793576524294 x
816 0 0 0 0.9313768448918461 -0.20076493138352625 -0.30368742917925234 0.002135529061978503 x
817 0 0 0 0.9288280201948109 -0.20917346733327874 -0.29982549178958723 0.060246526355418606 x
818 0 0 0 0.9211243140396734 -0.22278069795174296 -0.29643406943511996 0.1184297309935733 x
819 0 0 0 0.9099606406603393 -0.23626628129092167 -0.29230920146896683 0.17522901446552522 x
820 0 0 0 0.8956815837569532 -0.24893614672197495 -0.2894970329850303 0.22798412941850918 x
821 0 0 0 0.876795842848182 -0.26476913383934625 -0.2897563820223902 0.27779055924815627 x
822 0 0 0 0.8549767600143955 -0.27960656204145057 -0.2899151918709941 0.32677835274242384 x
823 0 0 0 0.8329498268770369 -0.2904551522809683 -0.28884111135224844 0.3720231213402629 x
824 0 0 0 0.812486612798057 -0.2986552262614826 -0.28795940748638216 0.4095728744567137 x
825 0 0 0 0.7940893834694573 -0.30466321329091295 -0.28526355879868504 0.441845085465327 x
826 0 0 0 0.7743193619388812 -0.3103278885928351 -0.2828675602755078 0.473404764056995 x
827 0 0 0 0.7539238369644735 -0.319620931055642 -0.2842222336397963 0.49865722735431733 x
828 0 0 0 0.7402416014821009 -0.32471043216660866 -0.2829918457966038 0.5162568371363424 x
829 0 0 0 0.7330711567939063 -0.32583377692428706 -0.278728722813246 0.5279671656182748 x
830 0 0 0 0.7284890955914531 -0.3273316941424355 -0.27525321975642353 0.5351572335565612 x
831 0 0 0 0.7273859906844297 -0.32994423103033715 -0.27039479287006424 0.5375249584480568 x
832 0 0 0 0.7312760965917083 -0.33177806507829394 -0.264308484021648 0.5341344506401696 x
833 0 0 0 0.7405403346920324 -0.33144577211498755 -0.25945113356124344 0.5238595442817647 x
834 0 0 0 0.7521599456883501 -0.32939276024382663 -0.25988677973439483 0.5081482926472717 x
835 0 0 0 0.761923548208232 -0.3303249825428206 -0.2683870016525408 0.48818677771711755 x
836 0 0 0 0.7717065280444049 -0.33570081472725216 -0.2803731068784951 0.4616978649554373 x
837 0 0 0 0.7877621303113306 -0.3473602731600294 -0.2838279188333259 0.4221532650214691 x
838 0 0 0 0.8161335207508191 -0.36124736476508656 -0.2790323710556322 0.354354841451651 x
839 0 0 0 0.8469778130787298 -0.3728551814448531 -0.2798627314181003 0.255508217842985 x
840 0 0 0 0.866017828584282 -0.3782121815372662 -0.2997853575336137 0.13075704845028666 x
841 0 0 0 0.8674034020970122 -0.37955528795630156 -0.32175886900506573 -0.0045112782577749295 x
842 0 0 0 0.8513334649052524 -0.37957448297956486 -0.32731697474112875 -0.15497787406442556 x
843 0 0 0 0.8170237633626838 -0.3526356955703033 -0.32088481721096185 -0.3242732958382688 x
844 0 0 0 0.7631543038971128 -0.30823726321128325 -0.31052583716500864 -0.4755617756551739 x
845 0 0 0 0.6886526578759037 -0.26866344429836614 -0.3041269169200499 -0.60090289473666 x
846 0 0 0 0.6112785621589145 -0.26099905623318426 -0.2919491468938961 -0.6877381098341456 x
847 0 0 0 0.5693091063724058 -0.2452911195546337 -0.26928628870261956 -0.7370239499404727 x
848 0 0 0 0.543740901286367 -0.22483954717721708 -0.2540060536057607 -0.7676418012491638 x
849 0 0 0 0.5201040533998277 -0.2254913992524602 -0.24106132763715135 -0.7877403371784707 x
850 0 0 0 0.501833880972967 -0.22722911229486448 -0.23931796261054322 -0.7995352395018224 x
851 0 0 0 0.48839263024414364 -0.23079546033349602 -0.24061306443580943 -0.8064189031982484 x
852 0 0 0 0.47941850328904406 -0.24194440264959433 -0.2345714192624199 -0.8103067653647216 x
853 0 0 0 0.4742082568752843 -0.2464567438330454 -0.23152502971694733 -0.8128848400266078 x
854 0 0 0 0.4744455518161659 -0.24275342086154988 -0.2342351836145703 -0.8130842968468385 x
855 0 0 0 0.47569106998618615 -0.24434657819423922 -0.23404471211759836 -0.8119333891335881 x
856 0 0 0 0.4782012755830379 -0.2508731675102712 -0.23322821770578447 -0.8086969718750664 x
857 0 0 0 0.485199705922195 -0.2556620896156054 -0.23365902933676483 -0.8028833036723325 x
858 0 0 0 0.4975767366635964 -0.25712862744699794 -0.23140566769006493 -0.7954581554295264 x
859 0 0 0 0.5110546778609575 -0.2567840650256261 -0.2276280935987318 -0.7880802695093662 x
860 0 0 0 0.5217025787540944 -0.2535707591260906 -0.22806730143790316 -0.7819933474476486 x
861 0 0 0 0.5308645160681368 -0.24818102678267395 -0.23131079290385095 -0.7765850633453055 x
862 0 0 0 0.5404500866337925 -0.24416217032484686 -0.2341811331310735 -0.7703620806641728 x
863 0 0 0 0.5510710965767945 -0.24291485374755442 -0.23700688483392052 -0.762325886276843 x
864 0 0 0 0.5625478051295053 -0.24143997320656674 -0.2405930922070973 -0.7532341404000589 x
865 0 0 0 0.5757242661868085 -0.24164404031162495 -0.2426257428592992 -0.742483990404849 x
866 0 0 0 0.5898076599661594 -0.2453909258088897 -0.24106252961365995 -0.7306155449976155 x
867 0 0 0 0.6046756738337487 -0.2501525561616631 -0.23831087740324955 -0.7176342758193629 x
868 0 0 0 0.6211426335236573 -0.25431487064296754 -0.23465793493371873 -0.7031652927738888 x
869 0 0 0 0.6389744990350015 -0.2547919279964509 -0.2306369810800859 -0.6881854735237329 x
870 0 0 0 0.6565999454561393 -0.25316209588928784 -0.22659353806824695 -0.6733801551409514 x
871 0 0 0 0.6735971964323895 -0.2562267847670311 -0.21953998705002226 -0.6575840979011358 x
872 0 0 0 0.6918825946695352 -0.26082518425384643 -0.21431678730229387 -0.6382295928055376 x
873 0 0 0 0.7123745145487093 -0.26347841258576343 -0.21201574086768907 -0.6149398366890064 x
874 0 0 0 0.7343086576548115 -0.26630276431912736 -0.20840094317446367 -0.5885938157109487 x
875 0 0 0 0.7551058816541316 -0.2718998020646692 -0.20188075857521834 -0.5613641994691368 x
876 0 0 0 0.7756397829476247 -0.2762938192748994 -0.19425746639745023 -0.5332060476854091 x
877 0 0 0 0.798502107303699 -0.27096214626091036 -0.18940537727943724 -0.5030899551599768 x
878 0 0 0 0.8224414760534511 -0.2561094886928759 -0.1864564122762489 -0.47247428987148476 x
879 0 0 0 0.8442038064246169 -0.23989265475113086 -0.18285756503276324 -0.4430965564354252 x
880 0 0 0 0.8631532986776345 -0.22463140181435937 -0.18027053234091941 -0.41474046278408355 x
881 0 0 0 0.8811971244409368 -0.20778574966587457 -0.17979338684699983 -0.38469604645602945 x
882 0 0 0 0.8986429603938969 -0.19385048608244318 -0.17602793090645624 -0.35196162620502464 x
883 0 0 0 0.9171106655136199 -0.1812157426768637 -0.16598171883887647 -0.3138772862418215 x
884 0 0 0 0.9338122508933082 -0.17325196942946103 -0.15239512652116644 -0.2734120710264709 x
885 0 0 0 0.9474229603589727 -0.16950118045070137 -0.13607472948039384 -0.23482493906588622 x
886 0 0 0 0.9578226666292543 -0.16331277390008278 -0.1222073503327912 -0.2024105745679398 x
887 0 0 0 0.9668241327326226 -0.1514316955549958 -0.1114961188932441 -0.1728819059904616 x
888 0 0 0 0.973531202744721 -0.14595780327286334 -0.10259679027048477 -0.14285382589336335 x
889 0 0 0 0.9771595999441103 -0.1503016341855184 -0.09656478629142813 -0.11508161037594111 x
890 0 0 0 0.9800513450030687 -0.14932324832688837 -0.09405068655956883 -0.09141333067149576 x
891 0 0 0 0.9840969891097953 -0.13378969452124914 -0.09175424798001863 -0.0723504778323388 x
892 0 0 0 0.9877204331628685 -0.11510094450252162 -0.08833837119793334 -0.057934882940064936 x
893 0 0 0 0.9910874332885724 -0.09449425111566458 -0.08301893554842907 -0.04386789741901337 x
894 0 0 0 0.9941464344205541 -0.07300241586819024 -0.07432131937080157 -0.028633122311233827 x
895 0 0 0 0.9958212760118451 -0.06461562341752043 -0.06287737521937214 -0.014534205792823003 x
896 0 0 0 0.9959454655032792 -0.07242832611279611 -0.053330739825988634 -0.0016122994659654066 x
897 0 0 0 0.9959033746912953 -0.07779137690194966 -0.04461107633480188 0.011611280137816815 x
898 0 0 0 0.9966797039833342 -0.0709563859437754 -0.03251952523756227 0.023178426172086885 x
899 0 0 0 0.9973839072191363 -0.06205858295218012 -0.020627100100876764 0.03079929615568111 x
900 0 0 0 0.9978695372593953 -0.05433270750406262 -0.010556792667778852 0.03453835018595984 x
901 0 0 0 0.9982549701768124 -0.04632242340662151 -0.0016004774666210173 0.03658805923943073 x
902 0 0 0 0.9982477366887579 -0.04278695251779726 0.004286462093821269 0.04064922056731972 x
903 0 0 0 0.997483380008274 -0.052580465734270554 0.005575446834629579 0.04723468665113482 x
904 0 0 0 0.9964675487849857 -0.06480130240724985 0.0025163867676920096 0.053356191978081474 x
905 0 0 0 0.9964374942299035 -0.06284878825679491 0.0011760676893397893 0.056222475686098256 x
906 0 0 0 0.9963815361760354 -0.06164651710239972 0.0025838418448238276 0.05845395673475367 x
907 0 0 0 0.9961923164991803 -0.06304404090239106 0.003789258224671364 0.060099575512658134 x
908 0 0 0 0.9956819872466076 -0.06780037058157715 0.0017682328881135209 0.06338267408449039 x
909 0 0 0 0.9953680060640626 -0.06795003755205498 0.001550077608752429 0.06799207424496895 x
910 0 0 0 0.995702189552539 -0.05995219844311304 0.004687155828774291 0.07043375747718227 x
911 0 0 0 0.9965737320705923 -0.04300635100549015 0.009517221171683844 0.07000480570113177 x
912 0 0 0 0.997606408347222 -0.013645042374762325 0.01637494420415715 0.06578090943014892 x
913 0 0 0 0.997848746704995 0.02503033313662021 0.01924804781902862 0.057453231218939 x
914 0 0 0 0.9979924336938999 0.016388345468020885 0.023012168105581474 0.056683018106202514 x
915 0 0 0 0.9981405453496859 0.002539921674444601 0.023302053935395414 0.056267351184425586 x
916 0 0 0 0.9981415139807547 0.006657767013486178 0.025749979375952792 0.05482819319236197 x
917 0 0 0 0.998229876653838 0.00916845941649796 0.025174474261891608 0.05309706727521866 x
918 0 0 0 0.998224808804864 0.005134810358561536 0.03015110606999705 0.05110553406266639 x
919 0 0 0 0.9983277255679209 0.0060002524025257395 0.030957339645478702 0.04844989634212155 x
920 0 0 0 0.9983898962327682 0.00229326093638925 0.029377545223330713 0.04846974201758628 x
921 0 0 0 0.9985093617389141 0.003122980618405936 0.028959605913481238 0.046158885787453745 x
922 0 0 0 0.9987491536290654 0.006500242266084517 0.02606774760321517 0.0421704577945626 x
923 0 0 0 0.9988918440095921 0.008951652468799651 0.023031400531480062 0.040056291375432 x
924 0 0 0 0.9989266777980044 0.009737433360434774 0.02034936035586341 0.04045464507445589 x
925 0 0 0 0.9989180402252487 0.009513385428965033 0.017324807526069273 0.04209626413844049 x
926 0 0 0 0.9989191863015642 0.010662476357054512 0.01359614172605872 0.04314992197816059 x
927 0 0 0 0.9988052164827809 0.019730406758612807 0.011086561679323266 0.04331210830767279 x
928 0 0 0 0.9989137709118713 0.014750586342927488 0.010185904936548359 0.04301099656819275 x
929 0 0 0 0.9989107923253322 0.018990386268077943 0.010486856774322668 0.04131125803411476 x
930 0 0 0 0.9988849238558196 0.02032425163045957 0.010760085113897096 0.041231714220451736 x
931 0 0 0 0.998805844036425 0.017706933202612338 0.011693374506209319 0.044006992943172715 x
932 0 0 0 0.9987051640726916 0.01751337353678226 0.012215544453174626 0.04617420790454198 x
933 0 0 0 0.9986687379950514 0.016607378459879765 0.012269301536438862 0.047269556501723375 x
934 0 0 0 0.9986367197539522 0.018712463672449317 0.013420742014373514 0.04684473658968819 x
935 0 0 0 0.9986483161512871 0.020280490012148284 0.014739711481246252 0.04553002612030824 x
936 0 0 0 0.9986730847151599 0.019877439372944138 0.01601562070714401 0.04472647049395964 x
937 0 0 0 0.9986536054575004 0.02323411941043574 0.01562258320453031 0.043670206044559824 x
938 0 0 0 0.9986630171462327 0.023723706449878847 0.015346791127857948 0.043287872883076145 x
939 0 0 0 0.9986037588781314 0.023088512159905025 0.012899012664263536 0.04572820609860419 x
940 0 0 0 0.9985380475724273 0.018794096049414864 0.008492333455979679 0.04996428500842489 x
941 0 0 0 0.998522859628295 0.01415694592738681 0.006387348098769034 0.052066125897812426 x
942 0 0 0 0.998315523307223 0.016948163965811617 0.006549326104305839 0.055099745821494864 x
943 0 0 0 0.9981492822699067 0.018623875145162127 0.006668014555096515 0.057503905611188316 x
944 0 0 0 0.998050248578311 0.01783303099649233 0.006705134211701344 0.05943673521865964 x
945 0 0 0 0.9980082955838825 0.0155398508067738 0.006651789021105929 0.0607758890142778 x
946 0 0 0 0.9980110757269716 0.014990222218413196 0.006569667055985759 0.06087713395774654 x
947 0 0 0 0.9979900627731352 0.01621462192575751 0.006626748444357384 0.060901616127434985 x
948 0 0 0 0.9979878797037037 0.016007382161417276 0.006640634859182547 0.060990635752642255 x
949 0 0 0 0.9979890040595635 0.01540519214438027 0.006583743320178727 0.061133314609052636 x
950 0 0 0 0.9979760830768636 0.01589151476308032 0.006611238499680056 0.06121673701363497 x
951 0 0 0 0.9979698957046795 0.01602033127222523 0.006582637182223678 0.061287071563640334 x
952 0 0 0 0.9979679535925439 0.015786371557660887 0.006509626537025055 0.06138712273516458 x
953 0 0 0 0.9979611062868933 0.0159632689585686 0.006461426453819839 0.06145774443451803 x
954 0 0 0 0.9979566169071038 0.016010537959482842 0.006463798909003539 0.061518068477807296 x
955 0 0 0 0.9979525719519985 0.015944527366905936 0.00642889537100764 0.06160442748493167 x
956 0 0 0 0.9979467500846874 0.01601583370304141 0.00645539408542458 0.061677426611435035 x
957 0 0 0 0.9979431318141726 0.01601704320686259 0.006439242065444536 0.06173731572925035 x
958 0 0 0 0.9979357343473138 0.016114873718446988 0.006399488936495082 0.061835487376410904 x
959 0 0 0 0.9979340437535511 0.016159354067014416 0.006369597884522181 0.061854246552780864 x
960 0 0 0 0.9979307638597079 0.016200834321117207 0.006338677346388578 0.061899472365909335 x
961 0 0 0 0.9979278040904566 0.016213488562159338 0.006312373839214511 0.061946545895296905 x
962 0 0 0 0.9979230114632363 0.01626604990845611 0.006340229906986406 0.062007098764962465 x
963 0 0 0 0.9979188978403626 0.016279658346208727 0.006363182503547041 0.062067350238536295 x
964 0 0 0 0.9979141226127272 0.016310370860542243 0.006330990991138068 0.06213931320454687 x
965 0 0 0 0.9979109981750285 0.016297781465479427 0.006281733167789601 0.062197764180321385 x
966 0 0 0 0.9979060946914118 0.016328443151773973 0.006254831173857585 0.06227106237219069 x
967 0 0 0 0.9979012785004528 0.01634458314058062 0.0062424962837918235 0.06234520197472519 x
968 0 0 0 0.9978982224934356 0.016362651479275764 0.006223842800815261 0.0623912250384632 x
969 0 0 0 0.9978949738523656 0.016395348779895732 0.006203677498969591 0.06243659250840815 x
970 0 0 0 0.9978888000679946 0.016407037188731873 0.006170162677251273 0.06253543733021891 x
971 0 0 0 0.997883826267832 0.016423409384495928 0.0061811876713099585 0.0626093748270401 x
972 0 0 0 0.9978780376632648 0.016453869205542083 0.006163143958487053 0.06269535703723053 x
973 0 0 0 0.9978740874086801 0.016479394168921843 0.006131887845781615 0.0627545631613027 x
974 0 0 0 0.9978689008563337 0.016541033919043092 0.006066279471764912 0.06282715299957545 x
975 0 0 0 0.9978629375777276 0.016586056430751516 0.006035580048901442 0.06291289465839031 x
976 0 0 0 0.9978580391265166 0.016558864085405158 0.006015332524763649 0.06299963131162689 x
977 0 0 0 0.9978549494866725 0.016575235196930087 0.005996987847108257 0.0630459951137155 x
978 0 0 0 0.9978485869324473 0.016602179734787267 0.00593942491523315 0.06314497934632946 x
979 0 0 0 0.9978441374458504 0.0166464240486713 0.005924622111060042 0.06320500600569527 x
980 0 0 0 0.9978409305629911 0.016719703770432557 0.0059004266149131675 0.06323854651061687 x
981 0 0 0 0.9978371164470725 0.016718740849472186 0.005896951150086567 0.0632992789226951 x
982 0 0 0 0.9978328694376735 0.016762917196096058 0.005844869415008397 0.06335934641690483 x
983 0 0 0 0.997830178272098 0.016788571902984398 0.005857380558685338 0.06339377158619137 x
984 0 0 0 0.9978282300301237 0.016830886069926724 0.005844427471017002 0.0634144092189483 x
985 0 0 0 0.9978231921284006 0.016861925829409378 0.005816265885893735 0.0634879812181573 x
986 0 0 0 0.9978173141918811 0.0168930414405831 0.005778337181689091 0.0635754942505542 x
987 0 0 0 0.9978104713661465 0.01693354798636167 0.005747216996017893 0.06367485910045395 x
988 0 0 0 0.9978089096421303 0.016951409994049045 0.00573300112988609 0.06369585729104899 x
989 0 0 0 0.9978044606259666 0.01700733531966011 0.005670185882188775 0.06375623806585524 x
990 0 0 0 0.9977995361026217 0.017033712445300723 0.005637973643588556 0.06382908151397805 x
991 0 0 0 0.9977952008663357 0.017065321403341202 0.00562283470626476 0.06388971484813166 x
992 0 0 0 0.9977906392100208 0.017127542399707863 0.005558880389394933 0.0639498744722832 x
993 0 0 0 0.9977853384721673 0.017167649632125904 0.005533212196764974 0.06402400876918535 x
994 0 0 0 0.9977808874677296 0.017159446243330115 0.005502746097762213 0.0640981574939228 x
995 0 0 0 0.9977743503912413 0.017214876909077866 0.0054917376823939695 0.06418593717917902 x
996 0 0 0 0.9977721579019133 0.017212341921512567 0.0054987586341745075 0.06422008918414568 x
997 0 0 0 0.9977675842356065 0.017246752462076964 0.005508806880701905 0.06428102694345232 x
998 0 0 0 0.9977619963398576 0.01725048410040513 0.00548140076046513 0.06436904305570355 x
999 0 0 0 0.9977566463496294 0.01724029398553099 0.00547051459878101 0.06445556918108561 x
1000 0 0 0 0.9977509717787056 0.017252851176588684 0.005439654260742841 0.06454260300337054 x
1001 0 0 0 0.9977457862280027 0.017233446963571042 0.005408952981617082 0.06463046957636308 x
1002 0 0 0 0.9977424810151965 0.017245198529836702 0.005406770031573676 0.06467852458994919 x
1003 0 0 0 0.997736288326414 0.017269435017198066 0.00541806897275806 0.06476658165616071 x
1004 0 0 0 0.9977329072710477 0.017288372171852927 0.005412823429824639 0.06481403612357502 x
1005 0 0 0 0.9977251352160894 0.017305389158413544 0.00541193879331152 0.06492910736033265 x
1006 0 0 0 0.9977208076887489 0.01733962043982899 0.00537088791880044 0.06498985329170247 x
1007 0 0 0 0.997717970495156 0.017366915435530025 0.005383676759109407 0.06502505381647727 x
1008 0 0 0 0.99771714854239 0.017398344382390893 0.005342867988788369 0.06503262933980655 x
1009 0 0 0 0.9977145894894076 0.017406077470589094 0.005366351402225482 0.06506787732590258 x
1010 0 0 0 0.9977084842815064 0.01743356359563787 0.005358633932989048 0.06515471046231808 x
1011 0 0 0 0.997703000589096 0.017455531802053056 0.005377016864342991 0.06523124032748807 x
1012 0 0 0 0.9976981596844005 0.017500972746809423 0.0053688039575454476 0.06529375206971783 x
1013 0 0 0 0.9976943117238913 0.01750369061631761 0.005336257848698398 0.06535446060347812 x
1014 0 0 0 0.9976898960409557 0.017531408928196338 0.005329453720187647 0.06541496741437691 x
1015 0 0 0 0.9976870209143097 0.017576467387408413 0.005300432149236332 0.06544907571800096 x
1016 0 0 0 0.9976842377160222 0.01761439751940906 0.005264093221733287 0.06548422814373818 x
1017 0 0 0 0.9976798613936948 0.017631460565936265 0.0052543046011946344 0.06554706744719906 x
1018 0 0 0 0.9976756259852514 0.01770056743343283 0.005229171756494506 0.06559490064183768 x
1019 0 0 0 0.9976738322190393 0.01774948044896255 0.005157986289265222 0.06561459918804875 x
1020 0 0 0 0.9976692523160775 0.01776254643785993 0.00518830982277038 0.06567827927332329 x
1021 0 0 0 0.997663090286701 0.017790573093101756 0.005160747712720577 0.06576640838341978 x
1022 0 0 0 0.9976575564047773 0.017830754508034913 0.005135397757109139 0.06584141578064137 x
1023 0 0 0 0.9976547014328757 0.01787769391330416 0.005083190879455503 0.06587598909849336 x
1024 0 0 0 0.9976473323321323 0.017932135428473408 0.005030361597210679 0.06597677069815142 x
1025 0 0 0 0.9976424479624538 0.017989478829371502 0.005000096771258857 0.06603729027760316 x
1026 0 0 0 0.9976380962888017 0.018006919825808706 0.004985473999642338 0.06609935491849607 x
1027 0 0 0 0.9976303826431756 0.018018283786550432 0.0049583380589879825 0.06621462044224988 x
1028 0 0 0 0.997625173510448 0.018045370187963906 0.004915349807723476 0.06628889144717637 x
1029 0 0 0 0.9976195678748099 0.018101785316693732 0.004848322890255628 0.06636276762446 x
1030 0 0 0 0.9976156365092292 0.018111876722785764 0.004788770066186053 0.06642340999314449 x
1031 0 0 0 0.997611729842869 0.018116209530561155 0.004724090149192257 0.06648550522050431 x
1032 0 0 0 0.9976056194154399 0.01818315694457607 0.0046999968539125705 0.0665605810058694 x
1033 0 0 0 0.9976002083122476 0.018212195106449183 0.004672075647439681 0.06663566638002105 x
1034 0 0 0 0.9975948714869973 0.018278947034649575 0.00465326054627076 0.06669857303146962 x
1035 0 0 0 0.9975911002012043 0.018304061858583114 0.004654183676967204 0.06674800890760148 x
1036 0 0 0 0.9975839277179839 0.018323614838180933 0.004660545616336348 0.06684932021030913 x
1037 0 0 0 0.9975788990042658 0.01831772993171878 0.004670385269074902 0.06692524585703089 x
1038 0 0 0 0.9975725006359163 0.018349010123175725 0.004642983161169445 0.06701389788595698 x
1039 0 0 0 0.9975687613301375 0.018373450579909318 0.0046325817715114 0.06706356625003576 x
1040 0 0 0 0.9975656394919651 0.01837204619474012 0.004603346234255942 0.06711238355961502 x
1041 0 0 0 0.9975595989672716 0.01838178226539597 0.004585078694756329 0.06720069674019051 x
1042 0 0 0 0.997556606833964 0.018409353679173027 0.004596808774102399 0.06723675488985051 x
1043 0 0 0 0.9975516113327315 0.018452651008220213 0.0045954748430558435 0.06729906395490952 x
1044 0 0 0 0.997547888368489 0.018445861756940244 0.004525941178025741 0.0673607931371479 x
1045 0 0 0 0.9975434117164553 0.018471253605584208 0.004485698320827552 0.06742279319271254 x
1046 0 0 0 0.9975378180771473 0.018504958458669146 0.004458631031260496 0.06749806388078548 x
1047 0 0 0 0.9975336209154506 0.018509439521879084 0.004421588998323612 0.06756127102583179 x
1048 0 0 0 0.997527522000894 0.01850741073079188 0.004432533773798734 0.06765109934910106 x
1049 0 0 0 0.997521312545358 0.018532360334601383 0.004377810663273437 0.06773933430445854 x
1050 0 0 0 0.9975167001439709 0.018546099444239284 0.004390284509217419 0.06780265873264911 x
1051 0 0 0 0.9975132778230652 0.0185620252901576 0.004357064033995205 0.06785077580113374 x
1052 0 0 0 0.997508711024166 0.018572016951372856 0.004370388742758286 0.06791429392625851 x
1053 0 0 0 0.9975028703953085 0.018570470282201268 0.004337064765243207 0.06800258124395517 x
1054 0 0 0 0.9974959357547798 0.018575146370434118 0.004306668481164942 0.06810488012328289 x
1055 0 0 0 0.9974912974105692 0.01859634205794189 0.0042940541012500165 0.06816779849473684 x
1056 0 0 0 0.9974863288594864 0.018580511564391854 0.004302499242985331 0.06824424392353017 x
1057 0 0 0 0.997480778269213 0.018606789089471113 0.004274528588748277 0.06831992965869443 x
1058 0 0 0 0.9974753763007572 0.018614540102909596 0.004283621214758825 0.06839607561628448 x
1059 0 0 0 0.9974725061593867 0.018633597888526098 0.004284141072118495 0.06843270140156194 x
1060 0 0 0 0.9974655577226813 0.018632274027680192 0.004276065233454841 0.06853477064714744 x
1061 0 0 0 0.9974623918040548 0.018668083278343628 0.004284847952927612 0.06857054528926715 x
1062 0 0 0 0.9974571083728129 0.01872248270347119 0.004281407418273156 0.06863275565270428 x
1063 0 0 0 0.9974521602901804 0.018759756551962933 0.004267127909575765 0.0686953498132675 x
1064 0 0 0 0.9974474389004506 0.018785292299092676 0.0042509922883636276 0.06875789764626285 x
1065 0 0 0 0.9974413516535903 0.018835623296038773 0.00423527718128159 0.06883336206888609 x
1066 0 0 0 0.9974359422922873 0.01884209292325294 0.004233949264190028 0.06891001546507497 x
1067 0 0 0 0.9974302936485383 0.018847865667031165 0.00428275392403402 0.06898713858984432 x
1068 0 0 0 0.9974274779790949 0.018830516800246014 0.0042345618835219955 0.06903554370722875 x
1069 0 0 0 0.997420490950267 0.01886675016326573 0.004248087846157657 0.06912570954758228 x
