1 2 3 4 5 -0.121951 1.890244 0.548780 -0.011719 -0.055664 -0.983887 0.000000 0.000000 0.000000 1079.000000
1 2 3 4 5 -0.121951 1.951220 0.487805 0.000977 -0.060547 -0.990234 0.000000 0.000000 0.000000 3119.000000
1 2 3 4 5 -0.060976 1.951220 0.487805 -0.006836 -0.057617 -0.978516 0.000000 0.000000 0.000000 -288.000000
1 2 3 4 5 -0.121951 1.829268 0.609756 -0.000977 -0.059570 -0.980957 0.000000 0.000000 0.000000 1897.000000
1 2 3 4 5 -0.243902 1.890244 0.426829 -0.009766 -0.064453 -0.982910 -32.400000 -150.600000 138.600000 463.000000
1 2 3 4 5 -0.182927 1.951220 0.609756 -0.011230 -0.065430 -0.978027 0.000000 0.000000 0.000000 1175.000000
1 2 3 4 5 -0.060976 1.890244 0.548780 -0.013672 -0.054688 -0.980469 0.000000 0.000000 0.000000 1833.000000
1 2 3 4 5 -0.121951 1.829268 0.487805 -0.011719 -0.058594 -0.971680 -30.000000 -151.800000 139.200000 378.000000
1 2 3 4 5 -0.182927 1.890244 0.487805 -0.010742 -0.060059 -0.979492 0.000000 0.000000 0.000000 1476.000000
1 2 3 4 5 -0.121951 1.890244 0.487805 -0.008789 -0.056152 -0.979004 0.000000 0.000000 0.000000 2633.000000
1 2 3 4 5 -0.060976 1.829268 0.548780 -0.003906 -0.059082 -0.982422 -36.000000 -147.600000 138.600000 1651.000000
1 2 3 4 5 -0.121951 1.890244 0.487805 -0.007813 -0.061035 -0.969727 0.000000 0.000000 0.000000 2139.000000
1 2 3 4 5 -0.182927 1.890244 0.609756 -0.014160 -0.058594 -0.963867 0.000000 0.000000 0.000000 742.000000
1 2 3 4 5 -0.121951 1.829268 0.548780 -0.017578 -0.056641 -0.987305 -28.800000 -147.600000 139.200000 1072.000000
1 2 3 4 5 -0.121951 1.890244 0.609756 -0.006348 -0.057129 -0.977051 0.000000 0.000000 0.000000 1937.000000
1 2 3 4 5 -0.243902 1.890244 0.487805 -0.006836 -0.060547 -0.974121 0.000000 0.000000 0.000000 945.000000
1 2 3 4 5 -0.182927 1.829268 0.426829 -0.016113 -0.061035 -0.974121 -31.800000 -152.400000 138.000000 2434.000000
1 2 3 4 5 -0.121951 1.890244 0.548780 -0.015137 -0.056641 -0.983887 0.000000 0.000000 0.000000 1377.000000
1 2 3 4 5 -0.121951 1.890244 0.548780 -0.012695 -0.054199 -0.976563 0.000000 0.000000 0.000000 1096.000000
1 2 3 4 5 -0.182927 1.890244 0.548780 -0.013672 -0.069824 -0.981934 -28.800000 -150.600000 140.400000 2124.000000
1 2 3 4 5 -0.121951 1.951220 0.487805 -0.011719 -0.059082 -0.978516 0.000000 0.000000 0.000000 2046.000000
1 2 3 4 5 -0.121951 1.890244 0.548780 -0.012695 -0.060059 -0.976074 0.000000 0.000000 0.000000 3299.000000
1 2 3 4 5 -0.121951 1.951220 0.426829 -0.013672 -0.066895 -0.975586 -33.000000 -145.800000 144.000000 1844.000000
1 2 3 4 5 -0.182927 1.951220 0.487805 -0.014648 -0.067383 -0.979004 0.000000 0.000000 0.000000 2557.000000
1 2 3 4 5 -0.060976 2.012195 0.487805 -0.008789 -0.051758 -0.976074 0.000000 0.000000 0.000000 2826.000000
1 2 3 4 5 -0.060976 1.890244 0.548780 0.000977 -0.056641 -0.976563 -32.400000 -145.200000 141.000000 3104.000000
1 2 3 4 5 -0.182927 1.951220 0.548780 -0.008789 -0.053223 -0.987305 0.000000 0.000000 0.000000 3840.000000
1 2 3 4 5 -0.121951 1.890244 0.609756 -0.006348 -0.068848 -0.994141 0.000000 0.000000 0.000000 1675.000000
1 2 3 4 5 -0.121951 1.951220 0.426829 -0.008789 -0.065918 -0.968262 -31.800000 -147.600000 136.800000 1880.000000
1 2 3 4 5 -0.182927 1.890244 0.487805 0.000977 -0.056152 -0.977051 0.000000 0.000000 0.000000 2235.000000
1 2 3 4 5 -0.121951 1.829268 0.487805 -0.013184 -0.059570 -0.975098 0.000000 0.000000 0.000000 1043.000000
1 2 3 4 5 -0.121951 1.768293 0.609756 -0.007324 -0.056641 -0.985352 -34.200000 -148.200000 138.600000 708.000000
1 2 3 4 5 -0.182927 1.890244 0.487805 -0.008789 -0.064453 -0.976074 0.000000 0.000000 0.000000 1550.000000
1 2 3 4 5 -0.060976 1.890244 0.548780 -0.003906 -0.070313 -0.979004 0.000000 0.000000 0.000000 3102.000000
1 2 3 4 5 -0.182927 1.829268 0.487805 -0.009766 -0.066406 -0.986328 -28.800000 -148.800000 139.800000 2754.000000
1 2 3 4 5 -0.000000 1.890244 0.548780 -0.007813 -0.059082 -0.978516 0.000000 0.000000 0.000000 2496.000000
1 2 3 4 5 -0.243902 1.829268 0.548780 -0.004883 -0.060547 -0.993164 0.000000 0.000000 0.000000 2639.000000
1 2 3 4 5 -0.121951 1.951220 0.426829 -0.008789 -0.052246 -0.994629 -30.600000 -146.400000 139.200000 4079.000000
1 2 3 4 5 -0.182927 1.890244 0.487805 -0.016602 -0.049316 -0.982910 0.000000 0.000000 0.000000 4931.000000
1 2 3 4 5 -0.182927 1.951220 0.487805 -0.007324 -0.067871 -0.995117 0.000000 0.000000 0.000000 3650.000000
1 2 3 4 5 -0.121951 1.951220 0.487805 0.004395 -0.063965 -0.979004 -33.600000 -148.800000 140.400000 2893.000000
1 2 3 4 5 -0.121951 1.890244 0.487805 -0.010254 -0.058594 -0.964844 0.000000 0.000000 0.000000 1815.000000
1 2 3 4 5 -0.182927 1.890244 0.609756 -0.011230 -0.055664 -0.966309 0.000000 0.000000 0.000000 2138.000000
1 2 3 4 5 -0.182927 1.890244 0.609756 -0.008301 -0.062012 -0.989258 -33.000000 -144.600000 138.600000 3316.000000
1 2 3 4 5 -0.121951 1.890244 0.487805 -0.014160 -0.059082 -0.973145 0.000000 0.000000 0.000000 3230.000000
1 2 3 4 5 -0.121951 1.951220 0.548780 -0.004395 -0.051270 -0.975586 0.000000 0.000000 0.000000 2966.000000
1 2 3 4 5 -0.182927 1.890244 0.426829 -0.013184 -0.061035 -0.973633 -33.600000 -147.600000 139.200000 2727.000000
1 2 3 4 5 -0.121951 1.890244 0.548780 -0.010254 -0.066895 -0.971191 0.000000 0.000000 0.000000 2143.000000
1 2 3 4 5 -0.182927 1.890244 0.548780 -0.005859 -0.069824 -0.988770 0.000000 0.000000 0.000000 1542.000000
1 2 3 4 5 -0.121951 1.951220 0.487805 -0.005371 -0.049316 -0.979004 -31.800000 -147.600000 141.000000 1193.000000
1 2 3 4 5 -0.121951 2.012195 0.548780 -0.016113 -0.068848 -0.970215 0.000000 0.000000 0.000000 1433.000000
1 2 3 4 5 -0.182927 1.829268 0.609756 -0.008301 -0.049316 -0.982422 0.000000 0.000000 0.000000 3444.000000
1 2 3 4 5 -0.121951 1.890244 0.548780 -0.005371 -0.051758 -0.969238 -32.400000 -146.400000 142.200000 2224.000000
1 2 3 4 5 -0.243902 1.890244 0.487805 -0.015137 -0.071289 -0.963867 0.000000 0.000000 0.000000 1594.000000
1 2 3 4 5 -0.060976 1.890244 0.548780 -0.003418 -0.071289 -0.970215 0.000000 0.000000 0.000000 1675.000000
1 2 3 4 5 -0.060976 1.890244 0.548780 -0.010742 -0.068359 -0.986816 -31.800000 -150.000000 138.600000 2678.000000
1 2 3 4 5 -0.182927 1.890244 0.548780 -0.006836 -0.060059 -0.979492 0.000000 0.000000 0.000000 2476.000000
1 2 3 4 5 -0.121951 1.890244 0.487805 -0.011230 -0.061035 -0.983398 0.000000 0.000000 0.000000 1154.000000
1 2 3 4 5 -0.121951 2.012195 0.426829 -0.012207 -0.060547 -0.991699 -32.400000 -146.400000 139.800000 1515.000000
1 2 3 4 5 -0.182927 1.890244 0.426829 -0.007813 -0.057129 -1.010254 0.000000 0.000000 0.000000 2441.000000
1 2 3 4 5 -0.000000 1.951220 0.487805 -0.005859 -0.057617 -0.989746 0.000000 0.000000 0.000000 2683.000000
1 2 3 4 5 -0.060976 1.890244 0.426829 -0.015137 -0.063477 -0.971680 -34.800000 -151.200000 140.400000 3314.000000
1 2 3 4 5 -0.060976 1.829268 0.487805 -0.014160 -0.064453 -0.965820 0.000000 0.000000 0.000000 1512.000000
1 2 3 4 5 -0.121951 2.012195 0.609756 -0.010742 -0.062988 -0.980957 0.000000 0.000000 0.000000 1377.000000
1 2 3 4 5 -0.121951 2.012195 0.548780 -0.017578 -0.059082 -0.984863 -33.000000 -148.200000 138.000000 4181.000000
1 2 3 4 5 -0.060976 2.012195 0.548780 -0.014160 -0.052734 -0.998047 0.000000 0.000000 0.000000 3727.000000
1 2 3 4 5 -0.182927 1.829268 0.365854 -0.013184 -0.056641 -0.977539 0.000000 0.000000 0.000000 2540.000000
1 2 3 4 5 -0.182927 1.951220 0.548780 -0.017090 -0.054688 -0.980957 -31.800000 -145.800000 139.800000 1135.000000
1 2 3 4 5 -0.121951 1.890244 0.487805 -0.013184 -0.059082 -0.965332 0.000000 0.000000 0.000000 1188.000000
1 2 3 4 5 -0.243902 1.768293 0.487805 -0.011719 -0.065918 -0.980957 0.000000 0.000000 0.000000 2246.000000
1 2 3 4 5 -0.121951 1.890244 0.548780 -0.006348 -0.063477 -0.975098 -33.600000 -151.800000 137.400000 1017.000000
1 2 3 4 5 -0.182927 1.951220 0.487805 -0.010742 -0.052734 -0.966309 0.000000 0.000000 0.000000 1090.000000
1 2 3 4 5 -0.121951 1.890244 0.548780 -0.005859 -0.063477 -0.991699 0.000000 0.000000 0.000000 4068.000000
1 2 3 4 5 -0.182927 1.890244 0.487805 -0.010254 -0.061523 -0.984863 -33.600000 -146.400000 139.800000 1851.000000
1 2 3 4 5 -0.121951 1.951220 0.548780 -0.011230 -0.064941 -0.995117 0.000000 0.000000 0.000000 3993.000000
1 2 3 4 5 -0.121951 2.012195 0.487805 -0.012207 -0.068848 -0.978027 0.000000 0.000000 0.000000 935.000000
1 2 3 4 5 -0.121951 1.890244 0.548780 -0.007324 -0.062012 -0.982910 -30.000000 -151.200000 138.600000 2705.000000
1 2 3 4 5 -0.182927 1.890244 0.487805 -0.009766 -0.061035 -0.978516 0.000000 0.000000 0.000000 4394.000000
1 2 3 4 5 -0.121951 1.890244 0.548780 -0.008301 -0.052246 -0.988281 0.000000 0.000000 0.000000 2793.000000
1 2 3 4 5 -0.182927 1.890244 0.426829 -0.009766 -0.060059 -0.976074 -34.200000 -148.200000 138.000000 3754.000000
1 2 3 4 5 -0.121951 1.951220 0.609756 -0.009766 -0.053711 -0.979492 0.000000 0.000000 0.000000 951.000000
1 2 3 4 5 -0.121951 1.951220 0.548780 -0.020508 -0.062988 -0.982422 0.000000 0.000000 0.000000 1142.000000
1 2 3 4 5 -0.182927 1.951220 0.548780 -0.008301 -0.063477 -0.979492 -31.800000 -151.200000 140.400000 3034.000000
1 2 3 4 5 -0.304878 1.829268 0.548780 -0.008301 -0.049805 -0.976563 0.000000 0.000000 0.000000 501.000000
1 2 3 4 5 -0.121951 1.890244 0.426829 -0.004883 -0.056152 -0.979492 0.000000 0.000000 0.000000 2483.000000
1 2 3 4 5 -0.060976 1.890244 0.426829 -0.008301 -0.054199 -0.972656 -35.400000 -146.400000 136.800000 2210.000000
1 2 3 4 5 -0.121951 1.951220 0.487805 -0.020508 -0.063965 -0.992676 0.000000 0.000000 0.000000 1363.000000
1 2 3 4 5 -0.182927 1.890244 0.487805 -0.013672 -0.054199 -0.990234 0.000000 0.000000 0.000000 1987.000000
1 2 3 4 5 -0.182927 1.890244 0.426829 -0.011719 -0.062012 -0.992188 -36.000000 -145.800000 140.400000 916.000000
1 2 3 4 5 -0.060976 1.829268 0.609756 -0.000977 -0.058105 -0.984863 0.000000 0.000000 0.000000 980.000000
1 2 3 4 5 -0.182927 1.951220 0.487805 -0.007813 -0.057129 -0.964844 0.000000 0.000000 0.000000 2466.000000
1 2 3 4 5 -0.121951 2.012195 0.487805 -0.007324 -0.058105 -0.976074 -31.800000 -148.200000 139.200000 -23.000000
1 2 3 4 5 -0.060976 1.951220 0.548780 -0.015137 -0.048828 -0.979492 0.000000 0.000000 0.000000 2361.000000
1 2 3 4 5 -0.060976 1.951220 0.609756 -0.005859 -0.050293 -0.987305 0.000000 0.000000 0.000000 2539.000000
1 2 3 4 5 -0.182927 1.951220 0.548780 -0.005371 -0.070313 -0.980469 -31.200000 -154.800000 138.600000 2421.000000
1 2 3 4 5 -0.182927 1.829268 0.548780 -0.016113 -0.070313 -0.976563 0.000000 0.000000 0.000000 2596.000000
1 2 3 4 5 -0.182927 1.951220 0.487805 -0.010742 -0.070801 -0.988770 0.000000 0.000000 0.000000 1232.000000
1 2 3 4 5 -0.182927 1.890244 0.365854 -0.004883 -0.053223 -0.961426 -30.600000 -146.400000 138.600000 3485.000000
1 2 3 4 5 -0.121951 1.951220 0.487805 -0.011719 -0.065430 -0.997559 0.000000 0.000000 0.000000 2434.000000
1 2 3 4 5 -0.182927 1.829268 0.609756 -0.006348 -0.058594 -0.982422 0.000000 0.000000 0.000000 1766.000000
1 2 3 4 5 -0.182927 1.890244 0.548780 -0.011719 -0.061035 -0.979004 -31.800000 -147.600000 141.000000 3594.000000
1 2 3 4 5 -0.243902 1.890244 0.548780 -0.001953 -0.061035 -0.966797 0.000000 0.000000 0.000000 2072.000000
1 2 3 4 5 -0.121951 1.951220 0.487805 -0.013672 -0.061035 -0.982422 0.000000 0.000000 0.000000 2234.000000
1 2 3 4 5 -0.182927 1.951220 0.548780 -0.007813 -0.062012 -0.994629 -29.400000 -144.600000 139.800000 1767.000000
1 2 3 4 5 -0.182927 1.951220 0.609756 -0.010254 -0.058594 -0.979004 0.000000 0.000000 0.000000 2306.000000
1 2 3 4 5 -0.060976 1.951220 0.548780 -0.005371 -0.054688 -0.986816 0.000000 0.000000 0.000000 3218.000000
1 2 3 4 5 -0.060976 1.890244 0.487805 -0.007324 -0.057617 -0.975098 -33.600000 -148.800000 140.400000 1137.000000
1 2 3 4 5 -0.243902 1.890244 0.487805 -0.003418 -0.065918 -0.969238 0.000000 0.000000 0.000000 1342.000000
1 2 3 4 5 -0.182927 1.829268 0.548780 -0.004395 -0.065918 -0.985352 0.000000 0.000000 0.000000 3786.000000
1 2 3 4 5 -0.121951 1.890244 0.548780 -0.007324 -0.065918 -0.977051 -37.800000 -154.800000 139.800000 3091.000000
1 2 3 4 5 -0.060976 1.829268 0.548780 -0.019531 -0.058105 -0.969727 0.000000 0.000000 0.000000 4070.000000
1 2 3 4 5 -0.121951 1.951220 0.487805 -0.015625 -0.061035 -0.995605 0.000000 0.000000 0.000000 3248.000000
1 2 3 4 5 -0.121951 1.829268 0.548780 -0.009766 -0.055664 -0.984863 -28.200000 -153.600000 139.800000 1757.000000
1 2 3 4 5 -0.182927 1.829268 0.426829 -0.006348 -0.053711 -0.984375 0.000000 0.000000 0.000000 3102.000000
1 2 3 4 5 -0.243902 2.012195 0.487805 -0.011719 -0.059082 -0.983398 0.000000 0.000000 0.000000 1782.000000
1 2 3 4 5 -0.121951 1.951220 0.548780 -0.005859 -0.070313 -0.980957 -39.000000 -147.600000 139.800000 2644.000000
1 2 3 4 5 -0.060976 1.951220 0.487805 -0.010254 -0.063965 -0.993164 0.000000 0.000000 0.000000 1214.000000
1 2 3 4 5 -0.121951 1.890244 0.487805 -0.003906 -0.064453 -0.978027 0.000000 0.000000 0.000000 1552.000000
1 2 3 4 5 -0.121951 1.890244 0.548780 -0.008789 -0.063477 -0.979492 -31.800000 -150.600000 138.600000 1979.000000
1 2 3 4 5 -0.121951 1.951220 0.609756 -0.012207 -0.051758 -0.973145 0.000000 0.000000 0.000000 1783.000000
1 2 3 4 5 -0.121951 1.951220 0.548780 -0.006836 -0.065430 -0.971191 0.000000 0.000000 0.000000 2292.000000
1 2 3 4 5 -0.182927 1.951220 0.487805 -0.003906 -0.061523 -0.979004 -27.600000 -145.800000 140.400000 1285.000000
1 2 3 4 5 -0.182927 1.890244 0.487805 -0.010254 -0.058105 -0.973633 0.000000 0.000000 0.000000 2330.000000
1 2 3 4 5 -0.182927 1.890244 0.426829 -0.010742 -0.057129 -0.971191 0.000000 0.000000 0.000000 2974.000000
1 2 3 4 5 -0.121951 1.829268 0.426829 -0.015625 -0.059570 -0.981445 -31.800000 -151.200000 138.000000 1910.000000
1 2 3 4 5 -0.121951 1.951220 0.487805 -0.011719 -0.061523 -0.979004 0.000000 0.000000 0.000000 1982.000000
1 2 3 4 5 -0.121951 1.951220 0.548780 -0.006836 -0.055664 -0.981445 0.000000 0.000000 0.000000 1451.000000
1 2 3 4 5 -0.121951 1.829268 0.487805 -0.007324 -0.060059 -0.969727 -36.600000 -150.000000 135.600000 2745.000000
1 2 3 4 5 -0.121951 1.890244 0.548780 -0.017578 -0.061035 -0.982422 0.000000 0.000000 0.000000 2527.000000
1 2 3 4 5 -0.182927 1.890244 0.487805 -0.015137 -0.061035 -0.986328 0.000000 0.000000 0.000000 2287.000000
1 2 3 4 5 -0.121951 2.012195 0.487805 -0.003418 -0.061523 -0.990723 -32.400000 -148.800000 139.800000 3244.000000
1 2 3 4 5 -0.121951 1.829268 0.487805 -0.017090 -0.066406 -0.977539 0.000000 0.000000 0.000000 3648.000000
1 2 3 4 5 -0.182927 1.951220 0.487805 -0.007813 -0.060059 -0.990723 0.000000 0.000000 0.000000 2440.000000
1 2 3 4 5 -0.182927 1.890244 0.548780 -0.011719 -0.057129 -0.975098 -30.600000 -147.600000 137.400000 2653.000000
1 2 3 4 5 -0.121951 1.829268 0.548780 -0.014648 -0.059570 -0.987793 0.000000 0.000000 0.000000 1372.000000
1 2 3 4 5 -0.182927 1.890244 0.487805 -0.014160 -0.062988 -0.992676 0.000000 0.000000 0.000000 2423.000000
1 2 3 4 5 -0.182927 1.951220 0.426829 -0.005371 -0.064941 -0.980469 -34.200000 -150.000000 138.600000 2537.000000
1 2 3 4 5 -0.060976 1.890244 0.548780 -0.004395 -0.064453 -0.981445 0.000000 0.000000 0.000000 2006.000000
1 2 3 4 5 -0.121951 2.012195 0.487805 -0.007813 -0.060059 -0.959961 0.000000 0.000000 0.000000 1151.000000
1 2 3 4 5 -0.121951 1.829268 0.548780 -0.009766 -0.048828 -0.984375 -29.400000 -144.600000 142.800000 1124.000000
1 2 3 4 5 -0.121951 1.890244 0.487805 -0.012695 -0.059570 -0.980957 0.000000 0.000000 0.000000 1890.000000
1 2 3 4 5 -0.060976 1.951220 0.487805 -0.008301 -0.056641 -0.967285 0.000000 0.000000 0.000000 860.000000
1 2 3 4 5 -0.182927 1.951220 0.426829 -0.015137 -0.052734 -0.977539 -31.800000 -153.600000 138.000000 2871.000000
1 2 3 4 5 -0.060976 1.951220 0.487805 -0.004395 -0.062988 -0.986816 0.000000 0.000000 0.000000 1751.000000
1 2 3 4 5 -0.182927 1.951220 0.426829 -0.009766 -0.065430 -0.988281 0.000000 0.000000 0.000000 2483.000000
1 2 3 4 5 -0.182927 1.951220 0.487805 -0.010254 -0.067871 -0.978027 -30.000000 -147.000000 139.200000 2268.000000
1 2 3 4 5 -0.182927 1.829268 0.487805 -0.011719 -0.061523 -0.986328 0.000000 0.000000 0.000000 1861.000000
1 2 3 4 5 -0.060976 1.829268 0.487805 -0.007324 -0.066406 -0.971191 0.000000 0.000000 0.000000 1836.000000
1 2 3 4 5 -0.182927 1.890244 0.548780 -0.009766 -0.056641 -0.964844 -27.600000 -150.600000 139.200000 1933.000000
1 2 3 4 5 -0.182927 1.951220 0.487805 -0.005371 -0.065918 -0.978516 0.000000 0.000000 0.000000 2192.000000
1 2 3 4 5 -0.182927 1.951220 0.487805 -0.012695 -0.054199 -0.986816 0.000000 0.000000 0.000000 2647.000000
1 2 3 4 5 -0.243902 1.951220 0.487805 -0.010254 -0.057617 -0.986816 -36.000000 -150.000000 136.800000 930.000000
1 2 3 4 5 -0.121951 1.951220 0.548780 -0.001465 -0.070801 -0.977051 0.000000 0.000000 0.000000 1711.000000
1 2 3 4 5 -0.121951 1.890244 0.426829 -0.007813 -0.057617 -0.981934 0.000000 0.000000 0.000000 3033.000000
1 2 3 4 5 -0.121951 1.829268 0.609756 -0.002930 -0.066895 -0.975586 -33.000000 -145.800000 140.400000 2823.000000
1 2 3 4 5 -0.304878 1.951220 0.426829 -0.014648 -0.063477 -0.977051 0.000000 0.000000 0.000000 2786.000000
1 2 3 4 5 -0.121951 1.890244 0.609756 -0.010254 -0.065918 -0.972656 0.000000 0.000000 0.000000 647.000000
1 2 3 4 5 -0.121951 1.951220 0.609756 -0.002441 -0.061035 -0.991699 -33.000000 -144.600000 138.000000 1736.000000
1 2 3 4 5 -0.243902 1.951220 0.426829 -0.010254 -0.065918 -0.978027 0.000000 0.000000 0.000000 1994.000000
1 2 3 4 5 -0.182927 1.951220 0.548780 -0.000488 -0.060059 -1.003418 0.000000 0.000000 0.000000 1456.000000
1 2 3 4 5 -0.182927 1.890244 0.365854 -0.000488 -0.059570 -0.970703 -31.800000 -154.200000 137.400000 1969.000000
1 2 3 4 5 -0.243902 1.829268 0.487805 -0.013184 -0.053223 -0.974121 0.000000 0.000000 0.000000 3432.000000
1 2 3 4 5 -0.182927 1.890244 0.487805 -0.005859 -0.049316 -0.977051 0.000000 0.000000 0.000000 4460.000000
1 2 3 4 5 -0.182927 1.890244 0.487805 -0.015137 -0.053711 -0.993164 -34.200000 -146.400000 140.400000 5452.000000
1 2 3 4 5 -0.060976 1.768293 0.487805 -0.006836 -0.060059 -0.989746 0.000000 0.000000 0.000000 4069.000000
1 2 3 4 5 -0.121951 1.890244 0.487805 -0.014160 -0.065430 -0.972168 0.000000 0.000000 0.000000 2450.000000
1 2 3 4 5 -0.121951 1.890244 0.548780 -0.010254 -0.066406 -0.974121 -33.000000 -151.200000 137.400000 3253.000000
1 2 3 4 5 -0.121951 1.890244 0.548780 -0.004395 -0.067871 -0.983887 0.000000 0.000000 0.000000 3097.000000
1 2 3 4 5 -0.182927 1.890244 0.487805 -0.012207 -0.063965 -0.974121 0.000000 0.000000 0.000000 3917.000000
1 2 3 4 5 -0.182927 1.890244 0.609756 -0.011230 -0.048828 -0.967285 -28.200000 -148.200000 137.400000 2852.000000
1 2 3 4 5 -0.243902 1.951220 0.548780 -0.008301 -0.058105 -0.980469 0.000000 0.000000 0.000000 3942.000000
1 2 3 4 5 -0.121951 1.890244 0.548780 -0.009766 -0.066406 -0.991699 0.000000 0.000000 0.000000 4148.000000
1 2 3 4 5 -0.182927 1.890244 0.487805 -0.011719 -0.057129 -0.994629 -34.800000 -144.600000 141.600000 2312.000000
1 2 3 4 5 -0.243902 1.951220 0.548780 -0.011230 -0.061523 -0.970703 0.000000 0.000000 0.000000 2848.000000
1 2 3 4 5 -0.182927 1.890244 0.426829 -0.003906 -0.064941 -1.001953 0.000000 0.000000 0.000000 1822.000000
1 2 3 4 5 -0.121951 1.890244 0.548780 -0.005371 -0.057129 -0.987305 -31.800000 -148.800000 138.600000 2007.000000
1 2 3 4 5 -0.182927 1.890244 0.487805 -0.010742 -0.052246 -0.989258 0.000000 0.000000 0.000000 3165.000000
1 2 3 4 5 -0.121951 1.951220 0.487805 -0.003418 -0.047852 -0.971191 0.000000 0.000000 0.000000 245.000000
1 2 3 4 5 -0.243902 1.951220 0.487805 -0.011230 -0.062988 -0.969727 -31.200000 -147.000000 139.200000 2647.000000
1 2 3 4 5 -0.121951 1.829268 0.487805 -0.012207 -0.066895 -0.982422 0.000000 0.000000 0.000000 1967.000000
1 2 3 4 5 -0.182927 1.890244 0.487805 -0.010254 -0.054199 -0.987305 0.000000 0.000000 0.000000 3350.000000
1 2 3 4 5 -0.121951 1.890244 0.548780 -0.007813 -0.066895 -0.987305 -34.200000 -148.200000 141.600000 3769.000000
1 2 3 4 5 -0.121951 1.829268 0.426829 -0.015137 -0.059570 -0.973145 0.000000 0.000000 0.000000 690.000000
1 2 3 4 5 -0.121951 1.951220 0.426829 -0.008789 -0.060547 -0.973145 0.000000 0.000000 0.000000 3245.000000
1 2 3 4 5 -0.060976 1.890244 0.487805 -0.008789 -0.053223 -0.984375 -31.200000 -151.200000 139.200000 4731.000000
1 2 3 4 5 -0.121951 1.890244 0.548780 -0.009766 -0.064941 -0.977051 0.000000 0.000000 0.000000 3074.000000
1 2 3 4 5 -0.121951 1.890244 0.487805 -0.004883 -0.065918 -0.986816 0.000000 0.000000 0.000000 4595.000000
1 2 3 4 5 -0.121951 2.012195 0.548780 -0.006836 -0.057129 -0.984375 -34.200000 -150.000000 139.200000 1055.000000
1 2 3 4 5 -0.182927 1.890244 0.548780 -0.011230 -0.059082 -0.983887 0.000000 0.000000 0.000000 1766.000000
1 2 3 4 5 -0.182927 1.951220 0.426829 -0.003906 -0.052246 -0.968262 0.000000 0.000000 0.000000 3646.000000
1 2 3 4 5 -0.243902 1.890244 0.426829 -0.014648 -0.062988 -0.990234 -31.800000 -150.600000 140.400000 2547.000000
1 2 3 4 5 -0.182927 1.951220 0.426829 -0.007813 -0.058105 -0.977539 0.000000 0.000000 0.000000 3657.000000
1 2 3 4 5 -0.182927 1.951220 0.548780 -0.006348 -0.057129 -0.976074 0.000000 0.000000 0.000000 2478.000000
1 2 3 4 5 -0.121951 1.951220 0.487805 -0.014648 -0.063477 -0.982422 -31.800000 -150.000000 139.200000 2273.000000
1 2 3 4 5 -0.243902 1.951220 0.548780 -0.013184 -0.058105 -0.983398 0.000000 0.000000 0.000000 3982.000000
1 2 3 4 5 -0.060976 1.951220 0.548780 -0.010742 -0.064941 -0.981445 0.000000 0.000000 0.000000 2768.000000
1 2 3 4 5 -0.121951 1.951220 0.426829 -0.003906 -0.064453 -0.992188 -30.000000 -147.600000 138.600000 3136.000000
1 2 3 4 5 -0.182927 1.768293 0.487805 -0.019531 -0.063477 -0.993164 0.000000 0.000000 0.000000 1402.000000
1 2 3 4 5 -0.121951 1.951220 0.609756 -0.020508 -0.056152 -0.987305 0.000000 0.000000 0.000000 1591.000000
1 2 3 4 5 -0.121951 1.890244 0.548780 -0.010742 -0.060547 -0.973145 -29.400000 -144.600000 138.600000 2582.000000
1 2 3 4 5 -0.121951 1.951220 0.548780 -0.008789 -0.061035 -0.987305 0.000000 0.000000 0.000000 1671.000000
1 2 3 4 5 -0.182927 1.890244 0.426829 -0.013672 -0.064453 -1.001953 0.000000 0.000000 0.000000 2349.000000
1 2 3 4 5 -0.060976 1.890244 0.548780 -0.007813 -0.065430 -0.982422 -32.400000 -147.600000 138.000000 1998.000000
1 2 3 4 5 -0.182927 1.951220 0.487805 0.000977 -0.068359 -0.979492 0.000000 0.000000 0.000000 2927.000000
1 2 3 4 5 -0.182927 1.890244 0.487805 -0.012207 -0.070313 -0.969238 0.000000 0.000000 0.000000 2757.000000
1 2 3 4 5 -0.121951 1.951220 0.426829 -0.016602 -0.059570 -0.997070 -28.200000 -154.800000 140.400000 1672.000000
1 2 3 4 5 -0.121951 1.890244 0.487805 -0.012695 -0.061523 -0.984863 0.000000 0.000000 0.000000 1116.000000
1 2 3 4 5 -0.121951 1.890244 0.487805 -0.012695 -0.054199 -0.964844 0.000000 0.000000 0.000000 2657.000000
1 2 3 4 5 -0.182927 1.951220 0.426829 -0.010742 -0.062012 -0.984375 -33.600000 -154.200000 140.400000 2220.000000
1 2 3 4 5 -0.121951 1.951220 0.548780 -0.006348 -0.058105 -0.994141 0.000000 0.000000 0.000000 3472.000000
1 2 3 4 5 -0.060976 1.890244 0.548780 -0.013184 -0.051758 -0.979004 0.000000 0.000000 0.000000 2075.000000
1 2 3 4 5 -0.243902 1.829268 0.426829 -0.003906 -0.064941 -0.986328 -31.800000 -141.600000 140.400000 1087.000000
1 2 3 4 5 -0.182927 1.951220 0.487805 -0.013672 -0.064453 -0.971191 0.000000 0.000000 0.000000 3231.000000
1 2 3 4 5 -0.121951 1.951220 0.426829 -0.018555 -0.062988 -0.980469 0.000000 0.000000 0.000000 2238.000000
1 2 3 4 5 -0.182927 1.951220 0.487805 -0.001953 -0.053223 -0.992188 -34.200000 -146.400000 139.200000 3387.000000
1 2 3 4 5 -0.121951 2.012195 0.609756 -0.013184 -0.066895 -0.986816 0.000000 0.000000 0.000000 2047.000000
1 2 3 4 5 -0.121951 1.890244 0.487805 -0.020508 -0.063477 -0.988281 0.000000 0.000000 0.000000 2558.000000
1 2 3 4 5 -0.060976 1.951220 0.548780 -0.007324 -0.062012 -0.966797 -31.800000 -148.200000 139.800000 3658.000000
1 2 3 4 5 -0.121951 1.829268 0.487805 -0.008789 -0.063965 -0.989746 0.000000 0.000000 0.000000 1894.000000
1 2 3 4 5 -0.060976 1.768293 0.548780 -0.012207 -0.059082 -0.976074 0.000000 0.000000 0.000000 2041.000000
1 2 3 4 5 -0.121951 1.951220 0.487805 -0.009766 -0.053223 -0.982910 -33.000000 -145.800000 139.800000 932.000000
1 2 3 4 5 -0.182927 1.890244 0.548780 -0.005859 -0.054688 -0.972656 0.000000 0.000000 0.000000 2305.000000
1 2 3 4 5 -0.243902 1.951220 0.548780 -0.003906 -0.064453 -0.986328 0.000000 0.000000 0.000000 2146.000000
1 2 3 4 5 -0.121951 1.829268 0.487805 -0.003906 -0.061523 -0.978516 -32.400000 -144.000000 138.600000 1477.000000
1 2 3 4 5 -0.121951 1.890244 0.487805 -0.015137 -0.063965 -0.990234 0.000000 0.000000 0.000000 1060.000000
1 2 3 4 5 -0.182927 1.951220 0.426829 -0.019531 -0.061035 -0.979004 0.000000 0.000000 0.000000 1565.000000
1 2 3 4 5 -0.182927 1.951220 0.609756 -0.018555 -0.061035 -0.970215 -29.400000 -145.800000 141.000000 3071.000000
1 2 3 4 5 -0.121951 1.951220 0.487805 -0.008301 -0.048828 -0.975586 0.000000 0.000000 0.000000 2071.000000
1 2 3 4 5 -0.121951 1.890244 0.487805 -0.016602 -0.052734 -0.983398 0.000000 0.000000 0.000000 1482.000000
1 2 3 4 5 -0.060976 1.829268 0.487805 -0.003418 -0.057129 -0.978516 -30.600000 -150.600000 140.400000 1289.000000
1 2 3 4 5 -0.121951 1.890244 0.548780 -0.005859 -0.067383 -0.972168 0.000000 0.000000 0.000000 1661.000000
1 2 3 4 5 -0.121951 1.829268 0.609756 -0.011719 -0.053711 -0.973145 0.000000 0.000000 0.000000 2685.000000
1 2 3 4 5 -0.182927 1.890244 0.548780 -0.013184 -0.051758 -0.987305 -33.000000 -150.000000 139.200000 2161.000000
1 2 3 4 5 -0.243902 1.890244 0.487805 -0.011719 -0.058594 -0.977539 0.000000 0.000000 0.000000 1194.000000
1 2 3 4 5 -0.121951 1.890244 0.426829 -0.019043 -0.063965 -0.992188 0.000000 0.000000 0.000000 2471.000000
1 2 3 4 5 -0.182927 1.890244 0.426829 -0.009766 -0.064941 -0.974121 -31.800000 -150.000000 140.400000 2362.000000
1 2 3 4 5 -0.121951 2.073171 0.487805 -0.012207 -0.062012 -0.978516 0.000000 0.000000 0.000000 2459.000000
1 2 3 4 5 -0.121951 1.890244 0.487805 -0.007324 -0.065430 -0.976563 0.000000 0.000000 0.000000 1313.000000
1 2 3 4 5 -0.182927 1.829268 0.426829 -0.002441 -0.053223 -0.967285 -30.000000 -145.800000 141.600000 375.000000
1 2 3 4 5 -0.121951 1.951220 0.487805 -0.011719 -0.067383 -0.979492 0.000000 0.000000 0.000000 2097.000000
1 2 3 4 5 -0.182927 1.890244 0.548780 -0.008301 -0.061523 -0.981934 0.000000 0.000000 0.000000 1321.000000
1 2 3 4 5 -0.121951 1.890244 0.548780 -0.005371 -0.061035 -0.976563 -33.000000 -147.000000 140.400000 887.000000
1 2 3 4 5 -0.121951 1.890244 0.426829 -0.007324 -0.065430 -0.977539 0.000000 0.000000 0.000000 1484.000000
1 2 3 4 5 -0.182927 1.890244 0.548780 -0.007324 -0.057617 -0.974121 0.000000 0.000000 0.000000 621.000000
1 2 3 4 5 -0.182927 1.890244 0.487805 -0.013672 -0.050781 -0.983887 -35.400000 -150.600000 139.800000 2161.000000
1 2 3 4 5 -0.121951 1.829268 0.548780 -0.011719 -0.057617 -0.997070 0.000000 0.000000 0.000000 854.000000
1 2 3 4 5 -0.243902 1.951220 0.487805 -0.007324 -0.059082 -0.981934 0.000000 0.000000 0.000000 1009.000000
1 2 3 4 5 -0.182927 1.951220 0.426829 -0.002930 -0.052246 -0.973145 -33.600000 -147.600000 138.000000 1662.000000
1 2 3 4 5 -0.121951 1.890244 0.548780 -0.013672 -0.058594 -1.000000 0.000000 0.000000 0.000000 1364.000000
1 2 3 4 5 -0.182927 2.012195 0.487805 -0.012207 -0.063965 -0.976074 0.000000 0.000000 0.000000 2235.000000
1 2 3 4 5 -0.060976 2.012195 0.548780 -0.013184 -0.057617 -0.980957 -33.600000 -150.600000 138.600000 310.000000
1 2 3 4 5 -0.121951 1.951220 0.487805 -0.005859 -0.060547 -0.987793 0.000000 0.000000 0.000000 708.000000
1 2 3 4 5 -0.182927 1.951220 0.609756 -0.010742 -0.057129 -0.977051 0.000000 0.000000 0.000000 2029.000000
1 2 3 4 5 -0.060976 1.890244 0.487805 -0.015137 -0.051758 -0.970215 -30.000000 -148.800000 136.800000 2105.000000
1 2 3 4 5 -0.182927 1.951220 0.426829 -0.005859 -0.065918 -0.961914 0.000000 0.000000 0.000000 2002.000000
1 2 3 4 5 -0.243902 1.890244 0.609756 -0.008789 -0.058105 -0.983887 0.000000 0.000000 0.000000 938.000000
1 2 3 4 5 -0.121951 1.829268 0.487805 -0.000977 -0.057129 -0.975098 -30.000000 -151.200000 141.600000 757.000000
1 2 3 4 5 -0.060976 1.890244 0.487805 -0.004395 -0.063477 -0.989746 0.000000 0.000000 0.000000 1869.000000
1 2 3 4 5 -0.182927 1.951220 0.426829 -0.004883 -0.063477 -0.979004 0.000000 0.000000 0.000000 779.000000
1 2 3 4 5 -0.121951 1.951220 0.548780 -0.007324 -0.061523 -0.987305 -30.000000 -150.600000 139.800000 1118.000000
1 2 3 4 5 -0.121951 1.829268 0.487805 -0.014160 -0.060059 -0.980469 0.000000 0.000000 0.000000 1954.000000
1 2 3 4 5 -0.243902 1.890244 0.487805 -0.004883 -0.054199 -0.995605 0.000000 0.000000 0.000000 245.000000
1 2 3 4 5 -0.121951 1.951220 0.487805 -0.004395 -0.068359 -0.975098 -33.000000 -147.000000 141.000000 2684.000000
1 2 3 4 5 -0.182927 1.890244 0.487805 -0.014648 -0.054199 -0.982910 0.000000 0.000000 0.000000 1669.000000
1 2 3 4 5 -0.182927 1.890244 0.487805 -0.008789 -0.062988 -0.992676 0.000000 0.000000 0.000000 2209.000000
1 2 3 4 5 -0.243902 1.890244 0.548780 -0.006348 -0.062012 -0.978516 -32.400000 -150.600000 137.400000 2051.000000
1 2 3 4 5 -0.182927 1.829268 0.548780 -0.014160 -0.060059 -0.973145 0.000000 0.000000 0.000000 369.000000
1 2 3 4 5 -0.182927 1.951220 0.609756 -0.010742 -0.063477 -0.973145 0.000000 0.000000 0.000000 1731.000000
1 2 3 4 5 -0.121951 1.951220 0.487805 -0.003906 -0.063477 -0.987305 -34.800000 -147.000000 139.800000 1140.000000
1 2 3 4 5 -0.182927 1.890244 0.426829 -0.015625 -0.061035 -0.984863 0.000000 0.000000 0.000000 1341.000000
1 2 3 4 5 -0.182927 1.890244 0.548780 -0.013184 -0.065918 -0.989746 0.000000 0.000000 0.000000 2440.000000
1 2 3 4 5 -0.060976 1.829268 0.426829 -0.008789 -0.058105 -0.966797 -28.800000 -151.800000 142.800000 741.000000
1 2 3 4 5 -0.182927 1.890244 0.487805 -0.008789 -0.058105 -0.983398 0.000000 0.000000 0.000000 1696.000000
1 2 3 4 5 -0.060976 1.951220 0.487805 -0.012207 -0.059082 -0.982910 0.000000 0.000000 0.000000 439.000000
1 2 3 4 5 -0.121951 1.951220 0.426829 -0.010254 -0.062988 -0.979492 -31.800000 -148.800000 140.400000 1254.000000
1 2 3 4 5 -0.182927 1.890244 0.548780 -0.016113 -0.063477 -0.978516 0.000000 0.000000 0.000000 2691.000000
1 2 3 4 5 -0.243902 1.829268 0.365854 -0.003906 -0.059570 -0.982422 0.000000 0.000000 0.000000 118.000000
1 2 3 4 5 -0.121951 1.890244 0.426829 0.002441 -0.067383 -0.981445 -31.200000 -148.200000 140.400000 710.000000
1 2 3 4 5 -0.060976 1.951220 0.609756 0.005371 -0.063965 -0.986328 0.000000 0.000000 0.000000 1049.000000
1 2 3 4 5 -0.121951 1.890244 0.548780 -0.009766 -0.061035 -0.974121 0.000000 0.000000 0.000000 1883.000000
1 2 3 4 5 -0.182927 1.890244 0.426829 -0.012207 -0.062988 -0.983398 -36.000000 -146.400000 139.800000 2995.000000
1 2 3 4 5 -0.121951 1.951220 0.426829 -0.004883 -0.063477 -0.987305 0.000000 0.000000 0.000000 1956.000000
1 2 3 4 5 -0.060976 1.951220 0.609756 -0.005859 -0.068359 -0.967773 0.000000 0.000000 0.000000 1578.000000
1 2 3 4 5 -0.243902 1.890244 0.548780 -0.015137 -0.065430 -0.976074 -34.200000 -150.000000 140.400000 2189.000000
1 2 3 4 5 -0.121951 1.890244 0.487805 -0.006836 -0.066406 -0.986816 0.000000 0.000000 0.000000 892.000000
1 2 3 4 5 -0.182927 1.890244 0.426829 -0.004883 -0.057617 -0.986328 0.000000 0.000000 0.000000 1963.000000
1 2 3 4 5 -0.243902 1.951220 0.548780 -0.011719 -0.062988 -0.985352 -32.400000 -150.600000 139.200000 762.000000
1 2 3 4 5 -0.182927 1.951220 0.487805 -0.013672 -0.060547 -0.977051 0.000000 0.000000 0.000000 1819.000000
1 2 3 4 5 -0.121951 1.890244 0.487805 -0.001465 -0.056152 -0.978027 0.000000 0.000000 0.000000 2618.000000
1 2 3 4 5 -0.182927 1.951220 0.548780 -0.013672 -0.057129 -0.983398 -34.200000 -148.200000 139.800000 1199.000000
1 2 3 4 5 -0.060976 1.890244 0.487805 -0.004395 -0.056152 -0.966309 0.000000 0.000000 0.000000 2883.000000
1 2 3 4 5 -0.060976 2.012195 0.487805 -0.010742 -0.050781 -0.987793 0.000000 0.000000 0.000000 2102.000000
1 2 3 4 5 -0.121951 1.890244 0.609756 -0.002441 -0.062988 -0.979492 -34.200000 -148.800000 139.200000 2666.000000
1 2 3 4 5 -0.182927 1.951220 0.487805 -0.007813 -0.067383 -0.993652 0.000000 0.000000 0.000000 4131.000000
1 2 3 4 5 -0.121951 1.890244 0.426829 -0.016113 -0.063477 -0.967773 0.000000 0.000000 0.000000 2981.000000
1 2 3 4 5 -0.121951 1.951220 0.487805 -0.005859 -0.063477 -0.975098 -30.600000 -153.000000 137.400000 3079.000000
1 2 3 4 5 -0.243902 1.951220 0.487805 -0.006836 -0.057617 -0.990234 0.000000 0.000000 0.000000 2492.000000
1 2 3 4 5 -0.121951 1.890244 0.548780 -0.012695 -0.058594 -0.999512 0.000000 0.000000 0.000000 2447.000000
1 2 3 4 5 -0.182927 1.768293 0.548780 -0.010742 -0.059570 -0.978516 -31.200000 -144.600000 139.200000 2540.000000
1 2 3 4 5 -0.121951 1.890244 0.487805 -0.005859 -0.068848 -0.980469 0.000000 0.000000 0.000000 2137.000000
1 2 3 4 5 -0.121951 1.951220 0.426829 -0.010254 -0.058594 -0.977051 0.000000 0.000000 0.000000 1269.000000
1 2 3 4 5 -0.182927 1.829268 0.548780 -0.014648 -0.063965 -0.996094 -33.600000 -146.400000 138.000000 2323.000000
1 2 3 4 5 -0.182927 1.829268 0.487805 0.000488 -0.064941 -0.975098 0.000000 0.000000 0.000000 2221.000000
1 2 3 4 5 -0.121951 1.890244 0.426829 -0.006348 -0.060547 -0.975098 0.000000 0.000000 0.000000 2139.000000
1 2 3 4 5 -0.243902 1.951220 0.609756 -0.004883 -0.058105 -0.980469 -31.800000 -146.400000 139.200000 1133.000000
1 2 3 4 5 -0.182927 1.829268 0.487805 -0.010254 -0.062988 -0.986328 0.000000 0.000000 0.000000 548.000000
1 2 3 4 5 -0.121951 1.890244 0.548780 -0.005371 -0.068848 -0.965820 0.000000 0.000000 0.000000 1567.000000
1 2 3 4 5 -0.182927 1.890244 0.426829 0.000977 -0.061035 -0.978027 -31.800000 -148.200000 140.400000 1518.000000
1 2 3 4 5 -0.121951 1.951220 0.548780 -0.017578 -0.060059 -0.983398 0.000000 0.000000 0.000000 1889.000000
1 2 3 4 5 -0.121951 1.951220 0.487805 -0.006836 -0.053223 -0.967285 0.000000 0.000000 0.000000 762.000000
1 2 3 4 5 -0.182927 1.951220 0.548780 -0.011719 -0.065918 -0.971680 -28.800000 -148.800000 138.600000 1752.000000
1 2 3 4 5 -0.182927 1.890244 0.731707 -0.008789 -0.071289 -0.980469 0.000000 0.000000 0.000000 1346.000000
1 2 3 4 5 -0.304878 1.829268 1.097561 0.003418 -0.073730 -0.961426 0.000000 0.000000 0.000000 1056.000000
1 2 3 4 5 -0.365854 1.524390 1.768293 -0.017090 -0.077148 -0.988770 -31.200000 -152.400000 139.800000 1298.000000
1 2 3 4 5 -0.792683 0.609756 1.463415 -0.021484 -0.049805 -1.181641 0.000000 0.000000 0.000000 1444.000000
1 2 3 4 5 -4.329268 -11.280488 -12.865854 0.041504 0.312500 -1.427734 0.000000 0.000000 0.000000 1990.000000
1 2 3 4 5 22.378049 -30.670732 -31.585366 -0.068848 -0.230469 -1.060059 -31.800000 -151.200000 139.200000 1755.000000
1 2 3 4 5 -35.670732 -41.280488 -17.926829 0.051758 0.084961 -1.937012 0.000000 0.000000 0.000000 865.000000
1 2 3 4 5 -30.243902 -84.634146 -24.512195 -0.056641 0.082031 -1.351074 0.000000 0.000000 0.000000 3102.000000
1 2 3 4 5 -2.804878 -111.768293 -28.475610 -0.266602 -0.016602 -1.475586 -33.600000 -146.400000 141.600000 3224.000000
1 2 3 4 5 -75.121951 -125.487805 -43.109756 -0.262695 0.091797 -0.968262 0.000000 0.000000 0.000000 4677.000000
1 2 3 4 5 -212.439024 -112.500000 -67.134146 -0.193359 0.029297 -1.061035 0.000000 0.000000 0.000000 2449.000000
1 2 3 4 5 -306.280488 -67.621951 -76.646341 -0.367188 -0.081543 -0.682129 -25.200000 -147.600000 143.400000 2873.000000
1 2 3 4 5 -308.658537 -1.402439 -70.548780 -0.340332 0.050293 -0.688477 0.000000 0.000000 0.000000 2306.000000
1 2 3 4 5 -351.097561 68.902439 -49.329268 -0.321777 0.129395 -0.869141 0.000000 0.000000 0.000000 2651.000000
1 2 3 4 5 -396.707317 142.560976 -9.390244 -0.125000 0.350586 -0.563477 -15.000000 -156.600000 150.000000 3660.000000
1 2 3 4 5 -421.097561 216.402439 43.414634 -0.085449 0.929199 -0.927246 0.000000 0.000000 0.000000 1726.000000
1 2 3 4 5 -460.853659 274.939024 73.353659 0.247070 1.016113 -0.108887 0.000000 0.000000 0.000000 1141.000000
1 2 3 4 5 -488.353659 330.121951 109.817073 0.575684 0.937500 0.375977 -12.600000 -165.600000 154.800000 2178.000000
1 2 3 4 5 -534.695122 367.500000 166.707317 0.828613 0.720215 0.368652 0.000000 0.000000 0.000000 3206.000000
1 2 3 4 5 -551.097561 360.670732 238.109756 0.803711 0.265625 0.486328 0.000000 0.000000 0.000000 4211.000000
1 2 3 4 5 -501.097561 316.158537 292.134146 0.092773 2.230957 -1.656738 -25.800000 -203.400000 160.800000 3525.000000
1 2 3 4 5 -411.585366 168.658537 155.548780 0.298828 0.939453 0.007813 0.000000 0.000000 0.000000 1620.000000
1 2 3 4 5 -112.804878 146.768293 53.475610 0.301758 1.341797 0.309570 0.000000 0.000000 0.000000 4557.000000
1 2 3 4 5 5.000000 123.048780 -50.548780 0.221191 0.308105 0.278320 -45.000000 -222.000000 176.400000 3490.000000
1 2 3 4 5 -10.243902 113.902439 -75.670732 0.068359 0.239746 0.600098 0.000000 0.000000 0.000000 1817.000000
1 2 3 4 5 -44.085366 107.073171 -84.634146 0.137207 0.571289 0.686523 0.000000 0.000000 0.000000 1011.000000
1 2 3 4 5 -61.341463 95.853659 -96.524390 0.152832 0.624512 0.738281 -57.600000 -229.800000 196.200000 703.000000
1 2 3 4 5 -53.597561 86.463415 -84.695122 0.162109 1.008789 0.818359 0.000000 0.000000 0.000000 2178.000000
1 2 3 4 5 -20.670732 82.987805 -89.573171 0.286133 1.371094 1.043945 0.000000 0.000000 0.000000 910.000000
1 2 3 4 5 -28.231707 89.085366 -72.987805 0.267090 1.392090 1.196289 -47.400000 -223.200000 198.000000 924.000000
1 2 3 4 5 -83.231707 90.670732 -5.731707 0.238770 1.279785 1.140625 0.000000 0.000000 0.000000 2460.000000
1 2 3 4 5 -98.780488 74.085366 74.695122 0.181641 1.059570 0.908203 0.000000 0.000000 0.000000 967.000000
1 2 3 4 5 -90.487805 33.902439 131.463415 0.051758 0.844238 0.823242 -40.800000 -216.600000 197.400000 3564.000000
1 2 3 4 5 -85.792683 -0.243902 166.280488 -0.095215 0.708008 0.875488 0.000000 0.000000 0.000000 454.000000
1 2 3 4 5 -80.548780 -7.926829 174.451220 -0.231934 0.537109 0.858398 0.000000 0.000000 0.000000 1484.000000
1 2 3 4 5 -57.865854 -1.951220 163.841463 -0.306641 0.319336 0.784668 -38.400000 -219.000000 199.200000 1291.000000
1 2 3 4 5 -77.926829 1.036585 162.256098 -0.408691 0.106445 0.775879 0.000000 0.000000 0.000000 1048.000000
1 2 3 4 5 -104.573171 3.353659 161.951220 -0.451660 0.047363 0.679688 0.000000 0.000000 0.000000 3178.000000
1 2 3 4 5 -114.817073 3.414634 148.170732 -0.468262 -0.009277 0.594727 -49.200000 -219.000000 204.000000 1462.000000
1 2 3 4 5 -98.292683 -0.487805 120.853659 -0.452148 -0.108398 0.532227 0.000000 0.000000 0.000000 1923.000000
1 2 3 4 5 -57.865854 -6.158537 92.012195 -0.620117 -0.879883 0.512207 0.000000 0.000000 0.000000 2967.000000
1 2 3 4 5 -16.585366 -42.743902 105.792683 -1.300781 -2.126953 0.420898 -66.000000 -226.200000 209.400000 1476.000000
1 2 3 4 5 21.219512 -103.536585 -6.219512 -1.993164 -1.296387 1.815918 0.000000 0.000000 0.000000 3157.000000
1 2 3 4 5 -85.426829 -17.926829 -403.353659 -1.395508 -0.785156 2.897461 0.000000 0.000000 0.000000 2227.000000
1 2 3 4 5 -144.878049 153.719512 -692.439024 -0.403320 0.037598 1.827148 -77.400000 -215.400000 213.000000 -2512.000000
1 2 3 4 5 -168.841463 160.853659 -652.987805 -0.394531 3.537109 1.129395 0.000000 0.000000 0.000000 994.000000
1 2 3 4 5 -48.170732 26.890244 -328.658537 -0.034180 3.718750 1.016113 0.000000 0.000000 0.000000 2973.000000
1 2 3 4 5 51.829268 -193.475610 14.329268 0.623047 2.554688 0.637695 -68.400000 -213.600000 211.200000 3172.000000
1 2 3 4 5 54.390244 -244.695122 181.890244 0.487305 1.326660 1.273438 0.000000 0.000000 0.000000 4418.000000
1 2 3 4 5 -26.890244 -125.243902 165.365854 0.085449 0.557617 1.160645 0.000000 0.000000 0.000000 719.000000
1 2 3 4 5 -53.414634 -10.914634 80.792683 -0.004883 0.115723 0.787598 -31.800000 -186.600000 206.400000 1011.000000
1 2 3 4 5 -41.097561 32.926829 26.951220 0.005371 -0.070313 0.651367 0.000000 0.000000 0.000000 842.000000
1 2 3 4 5 -32.195122 32.134146 24.634146 -0.056152 0.072754 0.772949 0.000000 0.000000 0.000000 1230.000000
1 2 3 4 5 -25.426829 23.536585 21.768293 -0.159668 0.362305 0.850586 -45.000000 -184.800000 210.600000 2764.000000
1 2 3 4 5 1.280488 11.524390 -2.865854 -0.154297 0.416504 0.854004 0.000000 0.000000 0.000000 614.000000
1 2 3 4 5 20.731707 0.609756 -15.975610 -0.111816 0.376953 0.820801 0.000000 0.000000 0.000000 1941.000000
1 2 3 4 5 24.939024 -12.865854 -13.231707 -0.057617 0.413086 0.696289 -43.200000 -192.000000 213.600000 -522.000000
1 2 3 4 5 49.146341 -31.951220 -9.512195 -0.015137 0.483398 0.440918 0.000000 0.000000 0.000000 2247.000000
1 2 3 4 5 112.987805 -50.975610 -7.804878 -0.014648 0.545898 0.342285 0.000000 0.000000 0.000000 3063.000000
1 2 3 4 5 181.402439 -65.243902 -6.158537 -0.056641 0.669434 0.327637 -48.000000 -194.400000 211.800000 609.000000
1 2 3 4 5 238.170732 -83.231707 -15.243902 0.077637 0.791992 0.154297 0.000000 0.000000 0.000000 1346.000000
1 2 3 4 5 297.317073 -111.768293 -33.170732 0.212891 0.966797 0.004883 0.000000 0.000000 0.000000 1981.000000
1 2 3 4 5 339.939024 -142.987805 -56.585366 0.245117 0.975586 0.025391 -51.000000 -192.000000 213.600000 5698.000000
1 2 3 4 5 373.109756 -167.012195 -69.390244 0.285156 1.140137 0.289551 0.000000 0.000000 0.000000 7197.000000
1 2 3 4 5 404.878049 -169.207317 -79.268293 0.348145 1.255859 0.358398 0.000000 0.000000 0.000000 6765.000000
1 2 3 4 5 429.207317 -178.109756 -76.890244 0.400391 1.125977 -0.114258 -47.400000 -205.800000 202.800000 5990.000000
1 2 3 4 5 478.902439 -192.743902 -52.987805 0.421875 1.044922 -0.179199 0.000000 0.000000 0.000000 2171.000000
1 2 3 4 5 553.048780 -192.743902 -31.524390 0.733887 1.230957 -0.376953 0.000000 0.000000 0.000000 3936.000000
1 2 3 4 5 649.390244 -187.743902 -20.426829 0.854004 1.208984 -0.487793 -49.800000 -211.800000 193.200000 6108.000000
1 2 3 4 5 665.000000 -215.365854 20.914634 0.940430 1.141113 -1.157227 0.000000 0.000000 0.000000 801.000000
1 2 3 4 5 493.719512 -229.146341 54.512195 0.764648 0.880371 -0.581055 0.000000 0.000000 0.000000 -587.000000
1 2 3 4 5 344.451220 -184.024390 71.890244 0.712891 0.798828 -0.374512 -43.800000 -217.800000 162.000000 759.000000
1 2 3 4 5 229.024390 -122.621951 73.231707 0.538574 0.571289 -0.640625 0.000000 0.000000 0.000000 1663.000000
1 2 3 4 5 176.158537 -100.304878 69.085366 0.523926 0.457520 -1.170898 0.000000 0.000000 0.000000 2259.000000
1 2 3 4 5 163.292683 -118.780488 60.792683 0.387207 0.260742 -1.190430 -38.400000 -178.200000 141.600000 585.000000
1 2 3 4 5 95.426829 -105.365854 65.609756 0.175293 0.203613 -1.010742 0.000000 0.000000 0.000000 2704.000000
1 2 3 4 5 26.646341 -62.987805 59.390244 -0.008301 0.342773 -1.022949 0.000000 0.000000 0.000000 3257.000000
1 2 3 4 5 13.780488 -12.987805 22.073171 -0.052246 0.271484 -1.004395 -35.400000 -160.800000 140.400000 2135.000000
1 2 3 4 5 35.731707 6.219512 -0.487805 -0.054199 -0.085449 -1.284668 0.000000 0.000000 0.000000 2356.000000
1 2 3 4 5 20.548780 -9.878049 13.231707 -0.116699 -0.036133 -1.233398 0.000000 0.000000 0.000000 1283.000000
1 2 3 4 5 13.719512 -17.439024 11.707317 -0.165527 0.055664 -1.032227 -22.200000 -150.600000 141.600000 3327.000000
1 2 3 4 5 14.268293 -11.707317 -3.353659 -0.095215 0.025879 -0.912109 0.000000 0.000000 0.000000 2806.000000
1 2 3 4 5 6.524390 2.500000 -0.304878 -0.019531 -0.137207 -0.830078 0.000000 0.000000 0.000000 991.000000
1 2 3 4 5 -24.024390 7.378049 18.231707 -0.036133 -0.031738 -1.008789 -28.200000 -152.400000 143.400000 901.000000
1 2 3 4 5 -38.475610 0.304878 13.658537 0.028809 0.592773 0.545410 0.000000 0.000000 0.000000 2887.000000
1 2 3 4 5 -35.670732 21.890244 3.475610 0.030273 0.111816 -1.042969 0.000000 0.000000 0.000000 3055.000000
1 2 3 4 5 37.804878 20.792683 8.353659 0.191895 -0.239746 -1.174805 -25.200000 -148.800000 142.200000 2797.000000
1 2 3 4 5 1.646341 18.536585 15.243902 -0.024414 -0.087891 -1.116699 0.000000 0.000000 0.000000 910.000000
1 2 3 4 5 -16.829268 13.414634 15.121951 -0.160156 -0.005371 -0.991699 0.000000 0.000000 0.000000 2678.000000
1 2 3 4 5 -11.524390 10.304878 17.439024 -0.258789 0.126953 -0.839844 -24.000000 -150.600000 141.000000 2699.000000
1 2 3 4 5 1.219512 11.097561 16.280488 -0.199707 0.071289 -0.903320 0.000000 0.000000 0.000000 2078.000000
1 2 3 4 5 15.792683 11.341463 12.134146 -0.167969 0.034668 -0.932617 0.000000 0.000000 0.000000 1431.000000
1 2 3 4 5 16.097561 17.682927 8.048780 0.000977 0.027832 -1.048828 -26.400000 -150.000000 141.600000 866.000000
1 2 3 4 5 51.280488 5.975610 3.292683 -0.031250 -0.087891 -1.208008 0.000000 0.000000 0.000000 2165.000000
1 2 3 4 5 39.390244 7.134146 2.804878 -0.223145 0.042969 -1.005371 0.000000 0.000000 0.000000 1775.000000
1 2 3 4 5 6.341463 4.024390 -2.500000 -0.058594 -0.075195 -0.993652 -30.600000 -154.200000 140.400000 2358.000000
1 2 3 4 5 6.829268 3.963415 -0.365854 -0.091797 -0.153320 -0.985352 0.000000 0.000000 0.000000 2052.000000
1 2 3 4 5 2.865854 4.207317 2.134146 -0.049805 -0.108398 -0.841309 0.000000 0.000000 0.000000 376.000000
1 2 3 4 5 5.182927 6.585366 1.829268 -0.040039 -0.141113 -0.987305 -28.800000 -148.800000 140.400000 2186.000000
1 2 3 4 5 10.792683 8.475610 2.012195 -0.025879 0.079590 -0.805176 0.000000 0.000000 0.000000 1571.000000
1 2 3 4 5 -4.268293 6.219512 -1.646341 -0.020020 -0.068848 -0.983398 0.000000 0.000000 0.000000 789.000000
1 2 3 4 5 -23.841463 10.304878 -3.048780 -0.059570 -0.035156 -0.704590 -29.400000 -147.000000 140.400000 1173.000000
1 2 3 4 5 -58.658537 24.634146 -8.292683 0.129395 0.026367 -0.908203 0.000000 0.000000 0.000000 837.000000
1 2 3 4 5 -1.036585 31.463415 -11.829268 -0.075195 -0.017578 -0.989746 0.000000 0.000000 0.000000 2994.000000
1 2 3 4 5 4.329268 26.829268 -12.378049 -0.014648 -0.175781 -1.064453 -34.200000 -151.200000 142.200000 1106.000000
1 2 3 4 5 12.804878 14.939024 -8.536585 -0.042969 -0.107910 -1.105469 0.000000 0.000000 0.000000 1271.000000
1 2 3 4 5 3.353659 10.731707 -4.878049 0.017090 -0.131836 -1.061523 0.000000 0.000000 0.000000 2311.000000
1 2 3 4 5 3.963415 4.146341 0.182927 -0.012207 -0.090332 -1.024414 -33.000000 -152.400000 138.600000 1636.000000
1 2 3 4 5 0.304878 2.317073 0.304878 -0.007324 -0.054199 -0.980469 0.000000 0.000000 0.000000 3134.000000
1 2 3 4 5 -0.304878 1.646341 0.304878 -0.013184 -0.058105 -0.967773 0.000000 0.000000 0.000000 9.000000
1 2 3 4 5 -0.060976 2.073171 0.670732 -0.010254 -0.063477 -0.974121 -34.200000 -151.200000 139.800000 539.000000
1 2 3 4 5 -0.182927 2.012195 0.975610 -0.011230 -0.060059 -0.989746 0.000000 0.000000 0.000000 1890.000000
1 2 3 4 5 -0.304878 1.890244 0.914634 -0.025879 -0.047852 -1.004883 0.000000 0.000000 0.000000 974.000000
1 2 3 4 5 -0.000000 2.195122 0.731707 -0.009766 -0.161133 -0.967285 -37.800000 -148.200000 138.600000 2051.000000
1 2 3 4 5 -0.426829 1.646341 -0.121951 -0.016113 -0.043457 -0.981934 0.000000 0.000000 0.000000 465.000000
1 2 3 4 5 0.121951 2.073171 -0.853659 -0.012207 -0.079590 -0.983398 0.000000 0.000000 0.000000 705.000000
1 2 3 4 5 -0.548780 1.585366 0.243902 -0.020508 -0.044434 -0.969238 -33.000000 -151.200000 139.800000 1999.000000
1 2 3 4 5 -0.182927 1.646341 0.914634 -0.052734 -0.036621 -0.965820 0.000000 0.000000 0.000000 1247.000000
1 2 3 4 5 2.134146 4.634146 0.975610 0.036133 -0.076660 -1.047363 0.000000 0.000000 0.000000 1650.000000
1 2 3 4 5 0.182927 2.317073 0.365854 -0.015137 -0.066895 -0.975586 -37.800000 -150.000000 136.200000 1101.000000
1 2 3 4 5 -0.243902 2.073171 1.036585 -0.023926 -0.026367 -0.971191 0.000000 0.000000 0.000000 -143.000000
1 2 3 4 5 0.060976 2.195122 0.914634 -0.001465 -0.028320 -0.997070 0.000000 0.000000 0.000000 2492.000000
1 2 3 4 5 -0.182927 1.951220 0.609756 -0.006348 -0.057617 -0.973145 -33.600000 -145.200000 139.200000 530.000000
1 2 3 4 5 -0.121951 1.951220 0.609756 -0.001465 -0.062988 -0.981934 0.000000 0.000000 0.000000 1077.000000
1 2 3 4 5 -0.060976 1.951220 0.670732 -0.008301 -0.047852 -0.980469 0.000000 0.000000 0.000000 1615.000000
1 2 3 4 5 -0.121951 1.890244 0.670732 -0.008789 -0.055664 -0.972656 -34.200000 -150.000000 139.200000 304.000000
1 2 3 4 5 -0.121951 1.951220 0.548780 -0.015625 -0.064453 -0.979004 0.000000 0.000000 0.000000 2411.000000
1 2 3 4 5 0.121951 2.012195 0.548780 -0.006348 -0.080566 -0.965332 0.000000 0.000000 0.000000 1179.000000
1 2 3 4 5 -0.060976 1.890244 0.548780 0.001953 -0.079590 -0.977539 -31.800000 -148.800000 137.400000 1028.000000
1 2 3 4 5 -0.121951 1.890244 0.548780 -0.012695 -0.060547 -0.983887 0.000000 0.000000 0.000000 1698.000000
1 2 3 4 5 -0.121951 1.829268 0.548780 -0.013184 -0.067383 -0.961426 0.000000 0.000000 0.000000 -238.000000
1 2 3 4 5 -0.182927 1.890244 0.609756 -0.010254 -0.069824 -0.983887 -36.000000 -145.800000 140.400000 2371.000000
1 2 3 4 5 -0.121951 2.012195 0.609756 -0.008301 -0.069824 -0.984375 0.000000 0.000000 0.000000 582.000000
1 2 3 4 5 -0.121951 1.951220 0.609756 -0.009766 -0.068359 -0.989746 0.000000 0.000000 0.000000 792.000000
1 2 3 4 5 -0.121951 1.951220 0.548780 -0.007324 -0.061523 -0.981445 -33.600000 -147.600000 139.200000 2162.000000
1 2 3 4 5 -0.121951 1.951220 0.548780 -0.007813 -0.070801 -0.984375 0.000000 0.000000 0.000000 1673.000000
1 2 3 4 5 -0.243902 1.951220 0.487805 -0.005859 -0.067383 -0.961426 0.000000 0.000000 0.000000 1829.000000
1 2 3 4 5 -0.182927 1.951220 0.609756 -0.007324 -0.058594 -0.997559 -28.800000 -148.800000 139.200000 1312.000000
1 2 3 4 5 -0.182927 1.951220 0.487805 -0.012695 -0.062012 -0.985352 0.000000 0.000000 0.000000 1044.000000
1 2 3 4 5 -0.182927 1.951220 0.548780 -0.006836 -0.050781 -0.995605 0.000000 0.000000 0.000000 1961.000000
1 2 3 4 5 -0.182927 1.951220 0.609756 -0.006348 -0.051758 -0.998535 -34.800000 -150.000000 139.800000 457.000000
1 2 3 4 5 -0.121951 1.890244 0.548780 -0.007324 -0.059570 -0.982422 0.000000 0.000000 0.000000 720.000000
1 2 3 4 5 -0.304878 1.951220 0.609756 -0.004395 -0.056152 -0.992188 0.000000 0.000000 0.000000 2434.000000
1 2 3 4 5 -0.182927 2.012195 0.548780 -0.013672 -0.059570 -0.981445 -36.000000 -148.200000 139.800000 2218.000000
1 2 3 4 5 -0.182927 1.951220 0.487805 -0.016113 -0.060547 -0.991699 0.000000 0.000000 0.000000 3165.000000
1 2 3 4 5 -0.060976 2.012195 0.548780 -0.007324 -0.053711 -0.978027 0.000000 0.000000 0.000000 1516.000000
1 2 3 4 5 -0.121951 1.951220 0.548780 -0.006836 -0.057129 -0.984863 -32.400000 -153.000000 138.600000 1239.000000
1 2 3 4 5 -0.182927 1.951220 0.548780 -0.013672 -0.060547 -0.973145 0.000000 0.000000 0.000000 1864.000000
1 2 3 4 5 -0.243902 1.890244 0.609756 -0.008789 -0.066895 -0.986328 0.000000 0.000000 0.000000 1988.000000
1 2 3 4 5 -0.060976 1.951220 0.487805 -0.011719 -0.064941 -0.975586 -34.800000 -156.600000 138.600000 2022.000000
1 2 3 4 5 -0.182927 1.890244 0.609756 -0.012207 -0.066406 -0.972656 0.000000 0.000000 0.000000 1418.000000
1 2 3 4 5 -0.121951 1.890244 0.548780 -0.003906 -0.063477 -0.976563 0.000000 0.000000 0.000000 1060.000000
1 2 3 4 5 -0.182927 1.951220 0.609756 -0.010254 -0.067871 -0.980957 -31.800000 -151.200000 140.400000 2016.000000
1 2 3 4 5 -0.182927 1.890244 0.670732 -0.010254 -0.059570 -0.987793 0.000000 0.000000 0.000000 1517.000000
1 2 3 4 5 -0.121951 1.890244 0.548780 -0.007813 -0.064941 -0.988281 0.000000 0.000000 0.000000 1829.000000
1 2 3 4 5 -0.182927 1.951220 0.609756 -0.011230 -0.062988 -0.978516 -36.000000 -151.800000 138.600000 1138.000000
1 2 3 4 5 -0.243902 2.012195 0.609756 -0.007324 -0.067383 -0.985352 0.000000 0.000000 0.000000 2260.000000
1 2 3 4 5 -0.121951 2.012195 0.487805 -0.006836 -0.060059 -0.978516 0.000000 0.000000 0.000000 1613.000000
1 2 3 4 5 -0.121951 1.829268 0.609756 -0.007324 -0.058105 -0.975098 -37.800000 -147.000000 139.800000 1492.000000
1 2 3 4 5 -0.121951 1.829268 0.609756 -0.002930 -0.057129 -0.975098 0.000000 0.000000 0.000000 1234.000000
1 2 3 4 5 -0.000000 2.012195 0.609756 -0.011230 -0.060547 -0.977051 0.000000 0.000000 0.000000 2781.000000
1 2 3 4 5 -0.060976 1.890244 0.609756 -0.010254 -0.060547 -0.978516 -36.000000 -145.800000 138.600000 2333.000000
1 2 3 4 5 -0.121951 1.951220 0.548780 -0.005859 -0.063965 -0.961914 0.000000 0.000000 0.000000 2135.000000
1 2 3 4 5 -0.182927 1.951220 0.548780 -0.008301 -0.058105 -0.973633 0.000000 0.000000 0.000000 1244.000000
1 2 3 4 5 -0.000000 1.951220 0.548780 -0.002441 -0.065430 -0.984863 -34.200000 -150.000000 138.000000 2034.000000
1 2 3 4 5 -0.121951 2.012195 0.609756 -0.012695 -0.058105 -0.973145 0.000000 0.000000 0.000000 2607.000000
1 2 3 4 5 -0.182927 2.012195 0.548780 -0.011719 -0.056152 -0.987793 0.000000 0.000000 0.000000 2360.000000
1 2 3 4 5 -0.243902 1.829268 0.548780 -0.006348 -0.070313 -0.979492 -31.200000 -144.600000 139.800000 1478.000000
1 2 3 4 5 -0.182927 1.829268 0.548780 -0.005859 -0.068848 -0.972168 0.000000 0.000000 0.000000 1538.000000
1 2 3 4 5 -0.182927 1.951220 0.609756 -0.005859 -0.064453 -0.972656 0.000000 0.000000 0.000000 2424.000000
1 2 3 4 5 -0.121951 1.951220 0.487805 -0.010254 -0.055664 -0.987305 -29.400000 -151.200000 140.400000 2170.000000
1 2 3 4 5 -0.121951 2.012195 0.548780 -0.012207 -0.063965 -0.984863 0.000000 0.000000 0.000000 1696.000000
1 2 3 4 5 -0.060976 1.768293 0.548780 -0.009766 -0.057129 -0.987793 0.000000 0.000000 0.000000 1620.000000
1 2 3 4 5 -0.121951 1.951220 0.548780 -0.009766 -0.065430 -0.986328 -34.800000 -150.000000 139.200000 562.000000
1 2 3 4 5 -0.182927 2.012195 0.548780 -0.005371 -0.064941 -0.995117 0.000000 0.000000 0.000000 2701.000000
1 2 3 4 5 -0.182927 2.012195 0.548780 -0.007324 -0.071289 -0.987305 0.000000 0.000000 0.000000 879.000000
1 2 3 4 5 -0.121951 1.951220 0.609756 -0.012695 -0.060059 -0.969727 -32.400000 -146.400000 138.000000 1910.000000
1 2 3 4 5 -0.060976 1.951220 0.609756 -0.002930 -0.060059 -0.995117 0.000000 0.000000 0.000000 1359.000000
1 2 3 4 5 -0.121951 1.951220 0.609756 -0.006836 -0.064453 -0.997559 0.000000 0.000000 0.000000 1019.000000
1 2 3 4 5 -0.243902 1.707317 0.487805 -0.006348 -0.060547 -0.979492 -36.000000 -144.600000 138.000000 2432.000000
1 2 3 4 5 -0.182927 1.890244 0.548780 -0.007324 -0.066895 -0.983398 0.000000 0.000000 0.000000 1129.000000
1 2 3 4 5 -0.121951 2.012195 0.548780 -0.013672 -0.059570 -0.977539 0.000000 0.000000 0.000000 1655.000000
1 2 3 4 5 -0.121951 1.951220 0.609756 -0.016113 -0.063965 -0.983887 -33.000000 -143.400000 138.600000 2743.000000
1 2 3 4 5 -0.121951 1.890244 0.670732 -0.010254 -0.071289 -0.985352 0.000000 0.000000 0.000000 2480.000000
1 2 3 4 5 -0.182927 1.890244 0.609756 -0.011719 -0.066406 -0.990723 0.000000 0.000000 0.000000 3698.000000
1 2 3 4 5 -0.182927 1.951220 0.487805 -0.005371 -0.058594 -0.973633 -33.000000 -152.400000 139.200000 845.000000
1 2 3 4 5 -0.121951 1.951220 0.548780 -0.000977 -0.062012 -0.962402 0.000000 0.000000 0.000000 305.000000
1 2 3 4 5 -0.121951 2.012195 0.487805 -0.012695 -0.067871 -0.975586 0.000000 0.000000 0.000000 2374.000000
1 2 3 4 5 -0.182927 1.951220 0.670732 -0.006836 -0.061523 -0.983398 -36.600000 -150.000000 139.200000 1220.000000
1 2 3 4 5 -0.060976 2.012195 0.548780 -0.017578 -0.051758 -0.979492 0.000000 0.000000 0.000000 1265.000000
1 2 3 4 5 -0.121951 1.768293 0.487805 -0.008301 -0.065430 -0.977051 0.000000 0.000000 0.000000 936.000000
1 2 3 4 5 -0.121951 1.829268 0.609756 -0.013184 -0.058594 -0.977539 -36.000000 -145.800000 140.400000 849.000000
1 2 3 4 5 -0.182927 2.012195 0.609756 -0.011230 -0.060547 -0.990723 0.000000 0.000000 0.000000 2204.000000
1 2 3 4 5 -0.182927 2.012195 0.548780 -0.010254 -0.068848 -0.978516 0.000000 0.000000 0.000000 1151.000000
1 2 3 4 5 -0.182927 1.951220 0.548780 -0.018555 -0.068848 -0.975098 -36.600000 -150.000000 138.000000 677.000000
1 2 3 4 5 -0.060976 1.951220 0.487805 -0.012695 -0.059082 -0.973145 0.000000 0.000000 0.000000 2644.000000
1 2 3 4 5 -0.121951 1.890244 0.548780 0.000488 -0.062988 -0.950195 0.000000 0.000000 0.000000 -176.000000
1 2 3 4 5 -0.182927 1.890244 0.548780 -0.010742 -0.067871 -0.954590 -33.000000 -150.000000 140.400000 2747.000000
1 2 3 4 5 -0.121951 2.012195 0.487805 -0.020508 -0.059570 -0.992676 0.000000 0.000000 0.000000 261.000000
1 2 3 4 5 -0.243902 2.012195 0.609756 -0.010254 -0.053223 -0.995605 0.000000 0.000000 0.000000 680.000000
1 2 3 4 5 -0.182927 1.890244 0.548780 -0.021484 -0.057129 -0.995117 -33.000000 -151.200000 140.400000 1737.000000
1 2 3 4 5 -0.182927 2.073171 0.609756 -0.016602 -0.061523 -0.970215 0.000000 0.000000 0.000000 250.000000
1 2 3 4 5 -0.182927 1.951220 0.487805 -0.005859 -0.071289 -0.985352 0.000000 0.000000 0.000000 2324.000000
1 2 3 4 5 -0.121951 1.951220 0.548780 -0.013672 -0.072754 -0.982910 -34.800000 -154.800000 138.600000 1196.000000
1 2 3 4 5 -0.243902 1.890244 0.609756 -0.019531 -0.071289 -0.992676 0.000000 0.000000 0.000000 1964.000000
1 2 3 4 5 -0.121951 1.951220 0.609756 0.001953 -0.051270 -0.981445 0.000000 0.000000 0.000000 2499.000000
1 2 3 4 5 -0.182927 1.951220 0.548780 -0.005859 -0.055664 -0.996094 -34.200000 -146.400000 138.600000 478.000000
1 2 3 4 5 -0.121951 2.012195 0.609756 -0.011719 -0.054688 -0.980469 0.000000 0.000000 0.000000 3259.000000
1 2 3 4 5 -0.304878 2.073171 0.609756 -0.015137 -0.051758 -1.023926 0.000000 0.000000 0.000000 719.000000
1 2 3 4 5 -0.000000 1.890244 0.548780 -0.004883 -0.071777 -0.935547 -34.200000 -148.800000 138.000000 602.000000
1 2 3 4 5 -0.000000 2.134146 0.548780 0.000977 -0.078125 -1.022949 0.000000 0.000000 0.000000 2120.000000
1 2 3 4 5 -0.121951 1.951220 0.609756 -0.005371 -0.067871 -1.003906 0.000000 0.000000 0.000000 476.000000
1 2 3 4 5 -0.243902 1.951220 0.609756 -0.006348 -0.053223 -0.960938 -33.600000 -155.400000 138.000000 2383.000000
1 2 3 4 5 -0.243902 1.829268 0.609756 -0.013672 -0.052246 -0.961914 0.000000 0.000000 0.000000 759.000000
1 2 3 4 5 -0.182927 1.951220 0.487805 -0.007813 -0.049316 -0.981934 0.000000 0.000000 0.000000 284.000000
1 2 3 4 5 -0.182927 1.951220 0.548780 -0.015625 -0.063477 -0.990723 -33.000000 -144.600000 140.400000 2186.000000
1 2 3 4 5 -0.121951 1.768293 0.609756 -0.007324 -0.066895 -0.976074 0.000000 0.000000 0.000000 1118.000000
1 2 3 4 5 -0.121951 1.890244 0.548780 -0.006836 -0.061035 -0.981934 0.000000 0.000000 0.000000 1357.000000
1 2 3 4 5 -0.243902 1.951220 0.609756 -0.006348 -0.063965 -0.983398 -32.400000 -147.600000 139.800000 2360.000000
1 2 3 4 5 -0.182927 1.951220 0.548780 -0.008301 -0.058105 -0.973633 0.000000 0.000000 0.000000 655.000000
1 2 3 4 5 -0.121951 2.012195 0.609756 -0.000977 -0.062012 -0.997559 0.000000 0.000000 0.000000 2487.000000
1 2 3 4 5 -0.121951 1.829268 0.609756 -0.014648 -0.078125 -0.982910 -33.000000 -145.800000 139.800000 1859.000000
1 2 3 4 5 -0.121951 1.829268 0.548780 -0.006836 -0.057617 -0.980469 0.000000 0.000000 0.000000 1690.000000
1 2 3 4 5 -0.121951 1.951220 0.548780 -0.015625 -0.050781 -0.985352 0.000000 0.000000 0.000000 3604.000000
1 2 3 4 5 -0.121951 2.012195 0.548780 -0.012207 -0.062988 -0.993164 -31.200000 -152.400000 138.000000 959.000000
1 2 3 4 5 -0.121951 2.012195 0.609756 -0.008301 -0.068848 -0.964844 0.000000 0.000000 0.000000 3353.000000
1 2 3 4 5 -0.121951 1.890244 0.609756 -0.011230 -0.059570 -0.977539 0.000000 0.000000 0.000000 915.000000
1 2 3 4 5 -0.243902 1.890244 0.609756 -0.011719 -0.054199 -0.977051 -33.600000 -147.600000 138.600000 1620.000000
1 2 3 4 5 -0.182927 1.890244 0.548780 -0.011719 -0.055664 -0.969238 0.000000 0.000000 0.000000 2406.000000
1 2 3 4 5 -0.182927 1.890244 0.609756 -0.016602 -0.057129 -0.980957 0.000000 0.000000 0.000000 1171.000000
1 2 3 4 5 -0.121951 1.829268 0.487805 -0.007813 -0.050781 -1.002930 -34.200000 -145.800000 139.800000 2579.000000
1 2 3 4 5 0.060976 2.012195 0.609756 -0.006836 -0.063477 -0.984863 0.000000 0.000000 0.000000 944.000000
1 2 3 4 5 -0.121951 1.951220 0.548780 -0.004883 -0.059082 -0.972656 0.000000 0.000000 0.000000 2696.000000
1 2 3 4 5 -0.121951 1.951220 0.609756 -0.003906 -0.060059 -0.979004 -32.400000 -151.800000 139.200000 2669.000000
1 2 3 4 5 -0.121951 1.951220 0.548780 -0.017578 -0.061035 -0.981934 0.000000 0.000000 0.000000 1104.000000
1 2 3 4 5 -0.182927 2.012195 0.548780 -0.007324 -0.059082 -1.010254 0.000000 0.000000 0.000000 1012.000000
1 2 3 4 5 -0.243902 1.890244 0.609756 -0.009766 -0.061035 -0.970703 -36.000000 -150.600000 139.200000 2470.000000
1 2 3 4 5 -0.182927 1.951220 0.609756 -0.010254 -0.068848 -0.981934 0.000000 0.000000 0.000000 2072.000000
1 2 3 4 5 -0.243902 2.073171 0.548780 -0.007324 -0.057617 -0.966797 0.000000 0.000000 0.000000 2299.000000
1 2 3 4 5 -0.182927 2.012195 0.548780 -0.014648 -0.069824 -0.983887 -35.400000 -154.200000 137.400000 767.000000
1 2 3 4 5 -0.060976 1.951220 0.609756 -0.005859 -0.063965 -0.973145 0.000000 0.000000 0.000000 1220.000000
1 2 3 4 5 -0.121951 1.890244 0.426829 -0.005371 -0.054688 -0.986816 0.000000 0.000000 0.000000 2349.000000
1 2 3 4 5 -0.182927 2.073171 0.609756 -0.015625 -0.059082 -0.979492 -33.600000 -147.600000 138.000000 2435.000000
1 2 3 4 5 -0.121951 1.890244 0.548780 0.001465 -0.055664 -0.976563 0.000000 0.000000 0.000000 2449.000000
1 2 3 4 5 -0.000000 1.768293 0.609756 -0.014648 -0.060059 -0.976563 0.000000 0.000000 0.000000 1432.000000
1 2 3 4 5 -0.000000 1.829268 0.548780 -0.011230 -0.055664 -0.972168 -33.600000 -146.400000 135.600000 1781.000000
1 2 3 4 5 -0.121951 1.890244 0.548780 -0.015137 -0.056152 -0.972168 0.000000 0.000000 0.000000 2482.000000
1 2 3 4 5 -0.182927 1.951220 0.548780 -0.010254 -0.057617 -0.977051 0.000000 0.000000 0.000000 1597.000000
1 2 3 4 5 -0.182927 1.890244 0.487805 -0.010742 -0.072754 -0.959473 -35.400000 -151.800000 139.200000 2107.000000
1 2 3 4 5 -0.121951 2.012195 0.548780 -0.004395 -0.063965 -0.976074 0.000000 0.000000 0.000000 1570.000000
1 2 3 4 5 -0.182927 1.890244 0.487805 -0.003906 -0.071777 -0.962891 0.000000 0.000000 0.000000 2529.000000
1 2 3 4 5 -0.182927 1.890244 0.487805 -0.012695 -0.073242 -0.998047 -32.400000 -151.800000 138.600000 2674.000000
1 2 3 4 5 -0.182927 1.890244 0.609756 -0.014160 -0.064453 -0.994629 0.000000 0.000000 0.000000 1445.000000
1 2 3 4 5 -0.182927 1.890244 0.609756 -0.016113 -0.058105 -0.976074 0.000000 0.000000 0.000000 1398.000000
1 2 3 4 5 -0.182927 1.951220 0.670732 -0.010254 -0.057617 -0.987793 -33.000000 -144.600000 139.800000 1866.000000
1 2 3 4 5 -0.121951 2.073171 0.670732 -0.009766 -0.063477 -0.971680 0.000000 0.000000 0.000000 3058.000000
1 2 3 4 5 -0.121951 1.890244 0.548780 -0.014160 -0.068848 -0.979492 0.000000 0.000000 0.000000 1639.000000
1 2 3 4 5 -0.243902 1.951220 0.487805 -0.003906 -0.064941 -0.976563 -32.400000 -145.200000 137.400000 1126.000000
1 2 3 4 5 -0.182927 1.890244 0.487805 -0.003418 -0.056152 -1.007324 0.000000 0.000000 0.000000 1374.000000
1 2 3 4 5 -0.121951 1.951220 0.609756 -0.011719 -0.054688 -0.974121 0.000000 0.000000 0.000000 1579.000000
1 2 3 4 5 -0.121951 1.951220 0.548780 -0.007324 -0.053223 -0.977539 -33.600000 -153.000000 138.600000 2854.000000
1 2 3 4 5 -0.060976 1.951220 0.487805 -0.011230 -0.065430 -0.976563 0.000000 0.000000 0.000000 2005.000000
1 2 3 4 5 -0.182927 1.890244 0.670732 -0.007813 -0.071777 -0.973633 0.000000 0.000000 0.000000 846.000000
1 2 3 4 5 -0.121951 2.073171 0.609756 -0.012695 -0.057129 -0.977051 -30.000000 -152.400000 138.600000 2885.000000
1 2 3 4 5 -0.243902 2.012195 0.548780 -0.015625 -0.054199 -0.976563 0.000000 0.000000 0.000000 2691.000000
1 2 3 4 5 -0.182927 1.829268 0.609756 -0.010254 -0.064453 -0.979492 0.000000 0.000000 0.000000 2435.000000
1 2 3 4 5 -0.243902 1.890244 0.548780 -0.010254 -0.053711 -0.972656 -36.000000 -151.200000 139.200000 546.000000
1 2 3 4 5 -0.243902 1.890244 0.609756 -0.007813 -0.064453 -0.987793 0.000000 0.000000 0.000000 613.000000
1 2 3 4 5 -0.060976 1.890244 0.548780 -0.010254 -0.069824 -0.977051 0.000000 0.000000 0.000000 2118.000000
1 2 3 4 5 -0.304878 2.073171 0.609756 -0.006836 -0.065430 -0.994141 -30.000000 -154.800000 138.600000 2424.000000
1 2 3 4 5 -0.182927 2.012195 0.487805 -0.002930 -0.064941 -1.025391 0.000000 0.000000 0.000000 1413.000000
1 2 3 4 5 -0.060976 1.768293 0.548780 -0.006348 -0.065430 -0.955078 0.000000 0.000000 0.000000 1969.000000
1 2 3 4 5 -0.121951 1.890244 0.609756 -0.010254 -0.058105 -0.983887 -36.000000 -151.200000 139.800000 1007.000000
1 2 3 4 5 -0.182927 2.012195 0.548780 -0.006348 -0.053711 -0.974121 0.000000 0.000000 0.000000 2610.000000
1 2 3 4 5 -0.121951 1.890244 0.487805 -0.009766 -0.057129 -0.968262 0.000000 0.000000 0.000000 143.000000
1 2 3 4 5 -0.182927 1.890244 0.548780 -0.012695 -0.051758 -0.971191 -36.000000 -153.000000 137.400000 865.000000
1 2 3 4 5 -0.121951 1.951220 0.548780 -0.005371 -0.065430 -0.984863 0.000000 0.000000 0.000000 1401.000000
1 2 3 4 5 -0.182927 1.890244 0.548780 -0.004395 -0.071289 -0.965820 0.000000 0.000000 0.000000 257.000000
1 2 3 4 5 -0.121951 2.012195 0.548780 -0.012695 -0.076660 -0.976563 -37.800000 -150.000000 138.600000 2821.000000
1 2 3 4 5 -0.121951 1.829268 0.426829 -0.007813 -0.059570 -0.989746 0.000000 0.000000 0.000000 149.000000
1 2 3 4 5 -0.060976 2.012195 0.609756 -0.010254 -0.047852 -0.976563 0.000000 0.000000 0.000000 1025.000000
1 2 3 4 5 -0.243902 2.073171 0.609756 -0.009766 -0.056641 -0.984863 -31.800000 -147.600000 139.800000 1745.000000
1 2 3 4 5 -0.182927 1.951220 0.548780 -0.008789 -0.062012 -0.981445 0.000000 0.000000 0.000000 789.000000
1 2 3 4 5 -0.243902 1.829268 0.548780 -0.010742 -0.064941 -0.994141 0.000000 0.000000 0.000000 2322.000000
1 2 3 4 5 -0.182927 1.951220 0.548780 -0.003906 -0.070801 -0.982910 -36.000000 -152.400000 139.800000 190.000000
1 2 3 4 5 -0.182927 1.890244 0.548780 -0.008789 -0.064453 -0.997070 0.000000 0.000000 0.000000 1152.000000
1 2 3 4 5 -0.121951 1.951220 0.548780 -0.012207 -0.065430 -0.983398 0.000000 0.000000 0.000000 2046.000000
1 2 3 4 5 -0.060976 1.951220 0.548780 -0.007324 -0.059082 -0.992676 -31.800000 -148.200000 138.000000 1447.000000
1 2 3 4 5 -0.243902 1.951220 0.487805 -0.006348 -0.061035 -0.984863 0.000000 0.000000 0.000000 1514.000000
1 2 3 4 5 -0.121951 1.951220 0.487805 -0.011719 -0.062012 -0.980469 0.000000 0.000000 0.000000 874.000000
1 2 3 4 5 -0.182927 1.890244 0.548780 -0.005859 -0.063965 -0.988281 -30.000000 -146.400000 137.400000 1442.000000
1 2 3 4 5 -0.121951 1.951220 0.670732 -0.009766 -0.067383 -0.967285 0.000000 0.000000 0.000000 3101.000000
1 2 3 4 5 -0.182927 1.951220 0.609756 -0.010254 -0.063965 -0.987793 0.000000 0.000000 0.000000 2133.000000
1 2 3 4 5 -0.121951 1.890244 0.548780 -0.012695 -0.055664 -0.966309 -34.800000 -147.000000 141.600000 1564.000000
1 2 3 4 5 -0.182927 1.951220 0.548780 -0.014648 -0.058594 -0.981934 0.000000 0.000000 0.000000 3116.000000
1 2 3 4 5 -0.182927 1.890244 0.487805 -0.017578 -0.067383 -0.975586 0.000000 0.000000 0.000000 881.000000
1 2 3 4 5 -0.243902 2.012195 0.609756 -0.003418 -0.060059 -0.982422 -33.600000 -148.800000 141.600000 2998.000000
1 2 3 4 5 -0.243902 2.012195 0.670732 -0.004883 -0.060547 -0.967773 0.000000 0.000000 0.000000 390.000000
1 2 3 4 5 -0.121951 2.073171 0.487805 -0.013672 -0.073730 -0.989746 0.000000 0.000000 0.000000 523.000000
1 2 3 4 5 -0.182927 1.951220 0.548780 -0.017090 -0.064941 -0.984375 -33.000000 -152.400000 136.200000 1335.000000
1 2 3 4 5 -0.304878 2.012195 0.609756 -0.004883 -0.066406 -0.978516 0.000000 0.000000 0.000000 215.000000
1 2 3 4 5 -0.182927 1.951220 0.548780 -0.005371 -0.055664 -0.970215 0.000000 0.000000 0.000000 1638.000000
1 2 3 4 5 -0.182927 1.951220 0.609756 -0.009766 -0.063477 -0.979492 -34.200000 -152.400000 139.200000 917.000000
1 2 3 4 5 -0.121951 1.890244 0.487805 -0.011719 -0.061523 -0.981934 0.000000 0.000000 0.000000 405.000000
1 2 3 4 5 -0.060976 2.012195 0.487805 -0.008789 -0.060547 -0.967773 0.000000 0.000000 0.000000 2770.000000
1 2 3 4 5 -0.182927 2.012195 0.548780 -0.012695 -0.061523 -0.987305 -34.200000 -154.200000 141.000000 119.000000
1 2 3 4 5 0.060976 1.951220 0.487805 -0.013672 -0.058105 -0.977051 0.000000 0.000000 0.000000 2203.000000
1 2 3 4 5 -0.182927 1.951220 0.548780 -0.008789 -0.054688 -0.983887 0.000000 0.000000 0.000000 1864.000000
1 2 3 4 5 -0.000000 1.890244 0.548780 -0.011719 -0.064941 -0.991699 -34.200000 -150.600000 136.800000 2786.000000
1 2 3 4 5 -0.060976 1.890244 0.609756 -0.000488 -0.063477 -0.998047 0.000000 0.000000 0.000000 3251.000000
1 2 3 4 5 -0.182927 1.829268 0.548780 -0.015625 -0.059570 -0.967285 0.000000 0.000000 0.000000 1506.000000
1 2 3 4 5 -0.182927 1.829268 0.548780 -0.009766 -0.063965 -0.975586 -33.600000 -145.200000 139.800000 873.000000
1 2 3 4 5 -0.182927 1.890244 0.548780 -0.005859 -0.061523 -0.987305 0.000000 0.000000 0.000000 1633.000000
1 2 3 4 5 -0.182927 1.951220 0.548780 -0.009766 -0.061035 -0.982910 0.000000 0.000000 0.000000 2037.000000
1 2 3 4 5 -0.182927 1.829268 0.548780 -0.007813 -0.061035 -0.983887 -33.000000 -144.600000 141.000000 2114.000000
1 2 3 4 5 -0.121951 1.951220 0.548780 -0.015625 -0.059082 -0.979004 0.000000 0.000000 0.000000 292.000000
1 2 3 4 5 -0.243902 1.951220 0.548780 -0.011719 -0.065430 -0.983398 0.000000 0.000000 0.000000 830.000000
1 2 3 4 5 -0.121951 1.951220 0.487805 -0.002441 -0.060059 -0.986328 -31.800000 -154.200000 138.600000 2309.000000
1 2 3 4 5 -0.060976 2.012195 0.548780 -0.003418 -0.063477 -0.962891 0.000000 0.000000 0.000000 2216.000000
1 2 3 4 5 -0.304878 2.073171 0.487805 -0.011230 -0.069824 -0.997559 0.000000 0.000000 0.000000 2687.000000
1 2 3 4 5 -0.060976 1.890244 0.548780 -0.012695 -0.063965 -0.984863 -33.000000 -150.000000 139.200000 1025.000000
1 2 3 4 5 -0.243902 1.890244 0.487805 -0.008789 -0.064453 -0.980469 0.000000 0.000000 0.000000 1230.000000
1 2 3 4 5 -0.121951 1.890244 0.548780 -0.012695 -0.064941 -0.983887 0.000000 0.000000 0.000000 1638.000000
1 2 3 4 5 -0.060976 1.829268 0.548780 -0.012207 -0.059082 -0.994629 -36.000000 -151.200000 138.600000 1506.000000
1 2 3 4 5 -0.060976 2.012195 0.548780 -0.010254 -0.063965 -0.969727 0.000000 0.000000 0.000000 1460.000000
1 2 3 4 5 -0.121951 1.951220 0.548780 -0.008301 -0.055664 -0.973145 0.000000 0.000000 0.000000 791.000000
1 2 3 4 5 -0.121951 1.890244 0.487805 -0.016113 -0.069824 -0.967773 -33.000000 -145.800000 139.200000 1544.000000
1 2 3 4 5 -0.121951 1.951220 0.548780 -0.007324 -0.060547 -0.981445 0.000000 0.000000 0.000000 1984.000000
1 2 3 4 5 -0.182927 1.951220 0.548780 -0.012207 -0.067871 -0.990234 0.000000 0.000000 0.000000 919.000000
1 2 3 4 5 -0.182927 2.012195 0.548780 -0.008301 -0.065918 -0.986328 -32.400000 -150.600000 139.200000 1020.000000
1 2 3 4 5 -0.000000 1.890244 0.548780 -0.011230 -0.058594 -0.979004 0.000000 0.000000 0.000000 795.000000
1 2 3 4 5 -0.060976 1.951220 0.548780 -0.005371 -0.065918 -0.983887 0.000000 0.000000 0.000000 2344.000000
1 2 3 4 5 -0.121951 1.951220 0.609756 -0.003906 -0.063965 -0.971680 -33.000000 -154.800000 138.600000 1825.000000
1 2 3 4 5 -0.182927 1.890244 0.609756 -0.013672 -0.067871 -0.979004 0.000000 0.000000 0.000000 755.000000
1 2 3 4 5 -0.182927 1.890244 0.487805 -0.010254 -0.053711 -0.985352 0.000000 0.000000 0.000000 1677.000000
1 2 3 4 5 0.060976 1.951220 0.426829 -0.018555 -0.057617 -0.977539 -34.200000 -145.800000 138.000000 1958.000000
1 2 3 4 5 -0.060976 2.012195 0.426829 -0.015137 -0.057617 -0.988770 0.000000 0.000000 0.000000 2834.000000
1 2 3 4 5 -0.121951 1.951220 0.487805 -0.018555 -0.059082 -0.982422 0.000000 0.000000 0.000000 1856.000000
1 2 3 4 5 -0.121951 1.951220 0.548780 -0.005371 -0.063965 -0.970703 -36.600000 -147.000000 139.800000 525.000000
1 2 3 4 5 -0.121951 2.012195 0.548780 -0.009766 -0.059570 -0.967773 0.000000 0.000000 0.000000 2320.000000
1 2 3 4 5 -0.243902 1.890244 0.487805 -0.007324 -0.063965 -0.977539 0.000000 0.000000 0.000000 2217.000000
1 2 3 4 5 -0.121951 1.951220 0.548780 -0.014648 -0.062012 -0.988281 -30.000000 -144.000000 141.000000 2421.000000
1 2 3 4 5 -0.182927 1.890244 0.609756 -0.016113 -0.061035 -0.972168 0.000000 0.000000 0.000000 932.000000
1 2 3 4 5 -0.182927 1.951220 0.487805 -0.001953 -0.058105 -0.969238 0.000000 0.000000 0.000000 1044.000000
1 2 3 4 5 -0.182927 2.073171 0.548780 -0.006348 -0.057617 -0.972168 -36.000000 -153.000000 137.400000 2430.000000
1 2 3 4 5 -0.182927 2.073171 0.426829 -0.007813 -0.063965 -0.980957 0.000000 0.000000 0.000000 1630.000000
1 2 3 4 5 -0.121951 2.012195 0.487805 -0.008301 -0.063477 -0.969238 0.000000 0.000000 0.000000 1055.000000
1 2 3 4 5 -0.182927 1.890244 0.548780 -0.015137 -0.058594 -0.990723 -31.200000 -150.000000 138.600000 2019.000000
1 2 3 4 5 -0.304878 1.951220 0.487805 -0.005859 -0.061035 -0.969238 0.000000 0.000000 0.000000 1275.000000
1 2 3 4 5 -0.243902 1.829268 0.548780 -0.006348 -0.056641 -0.976074 0.000000 0.000000 0.000000 2383.000000
1 2 3 4 5 -0.182927 1.951220 0.487805 -0.003906 -0.066406 -0.969727 -27.000000 -150.600000 138.000000 110.000000
1 2 3 4 5 -0.182927 2.012195 0.487805 -0.018555 -0.058594 -0.969238 0.000000 0.000000 0.000000 1254.000000
1 2 3 4 5 -0.060976 2.012195 0.487805 -0.009766 -0.066406 -0.979492 0.000000 0.000000 0.000000 1973.000000
1 2 3 4 5 -0.060976 1.890244 0.487805 -0.001465 -0.060547 -0.999023 -33.000000 -152.400000 138.600000 722.000000
1 2 3 4 5 -0.182927 1.951220 0.548780 -0.011719 -0.063965 -0.982910 0.000000 0.000000 0.000000 2793.000000
1 2 3 4 5 -0.182927 1.951220 0.487805 -0.005859 -0.056641 -0.982422 0.000000 0.000000 0.000000 303.000000
1 2 3 4 5 -0.060976 1.951220 0.548780 -0.013672 -0.065430 -0.978027 -33.600000 -153.000000 135.600000 1134.000000
1 2 3 4 5 -0.121951 1.890244 0.609756 -0.005859 -0.063965 -0.989746 0.000000 0.000000 0.000000 2364.000000
1 2 3 4 5 -0.182927 1.951220 0.487805 -0.012695 -0.062988 -0.979004 0.000000 0.000000 0.000000 914.000000
1 2 3 4 5 -0.182927 2.012195 0.548780 -0.011230 -0.058594 -0.995605 -32.400000 -151.800000 138.000000 2177.000000
1 2 3 4 5 -0.182927 2.012195 0.548780 -0.004395 -0.059570 -0.983398 0.000000 0.000000 0.000000 18.000000
1 2 3 4 5 -0.060976 1.890244 0.548780 -0.000977 -0.058105 -0.970215 0.000000 0.000000 0.000000 509.000000
1 2 3 4 5 -0.121951 1.890244 0.548780 -0.009766 -0.069824 -0.981934 -31.800000 -152.400000 138.000000 2171.000000
1 2 3 4 5 -0.121951 1.829268 0.487805 -0.010254 -0.069824 -0.989746 0.000000 0.000000 0.000000 452.000000
1 2 3 4 5 -0.121951 1.890244 0.548780 -0.008301 -0.059570 -0.972168 0.000000 0.000000 0.000000 1436.000000
1 2 3 4 5 -0.182927 1.951220 0.548780 0.001953 -0.053223 -0.972168 -33.000000 -151.200000 138.600000 1304.000000
1 2 3 4 5 -0.121951 1.951220 0.548780 -0.008789 -0.053711 -0.999512 0.000000 0.000000 0.000000 346.000000
1 2 3 4 5 -0.121951 1.951220 0.609756 -0.010254 -0.053711 -0.984375 0.000000 0.000000 0.000000 2077.000000
1 2 3 4 5 -0.121951 1.890244 0.487805 -0.013672 -0.065430 -0.990723 -34.800000 -150.000000 138.000000 194.000000
1 2 3 4 5 -0.182927 2.012195 0.426829 -0.011230 -0.063965 -0.964844 0.000000 0.000000 0.000000 594.000000
1 2 3 4 5 -0.243902 1.829268 0.487805 -0.016113 -0.065918 -0.973145 0.000000 0.000000 0.000000 2187.000000
1 2 3 4 5 -0.121951 1.951220 0.548780 -0.015137 -0.065430 -0.974121 -31.800000 -145.800000 137.400000 -259.000000
1 2 3 4 5 -0.121951 1.890244 0.548780 -0.010742 -0.052734 -0.985352 0.000000 0.000000 0.000000 2164.000000
1 2 3 4 5 -0.060976 2.012195 0.548780 -0.011230 -0.063965 -0.989746 0.000000 0.000000 0.000000 814.000000
1 2 3 4 5 -0.182927 1.951220 0.609756 -0.004883 -0.060059 -0.978516 -36.000000 -148.200000 139.800000 870.000000
1 2 3 4 5 -0.182927 1.829268 0.548780 -0.011719 -0.059570 -0.971680 0.000000 0.000000 0.000000 1584.000000
1 2 3 4 5 -0.304878 1.951220 0.487805 -0.012207 -0.062012 -0.981934 0.000000 0.000000 0.000000 703.000000
1 2 3 4 5 -0.243902 2.012195 0.670732 -0.019531 -0.072266 -0.978516 -36.000000 -153.000000 136.800000 2144.000000
1 2 3 4 5 -0.243902 1.951220 0.426829 -0.005371 -0.067871 -0.988281 0.000000 0.000000 0.000000 1537.000000
1 2 3 4 5 -0.182927 1.890244 0.609756 -0.008301 -0.072266 -0.975098 0.000000 0.000000 0.000000 1023.000000
1 2 3 4 5 -0.182927 1.951220 0.487805 -0.006836 -0.060059 -0.982422 -35.400000 -151.800000 139.200000 2340.000000
1 2 3 4 5 -0.060976 1.890244 0.487805 -0.008301 -0.053711 -0.974121 0.000000 0.000000 0.000000 421.000000
1 2 3 4 5 -0.243902 2.073171 0.609756 -0.000488 -0.059570 -0.981934 0.000000 0.000000 0.000000 1353.000000
1 2 3 4 5 -0.182927 2.012195 0.426829 -0.011230 -0.062012 -0.972656 -33.600000 -148.800000 136.200000 1773.000000
1 2 3 4 5 -0.182927 1.951220 0.548780 -0.008789 -0.059082 -0.988281 0.000000 0.000000 0.000000 1527.000000
1 2 3 4 5 -0.121951 1.890244 0.548780 -0.005859 -0.063965 -0.983398 0.000000 0.000000 0.000000 2184.000000
1 2 3 4 5 -0.182927 1.890244 0.548780 -0.007324 -0.063477 -0.997559 -31.800000 -147.600000 138.600000 990.000000
1 2 3 4 5 -0.121951 1.829268 0.548780 -0.003418 -0.069824 -0.984863 0.000000 0.000000 0.000000 876.000000
1 2 3 4 5 -0.121951 1.890244 0.548780 -0.013184 -0.063965 -0.984375 0.000000 0.000000 0.000000 1910.000000
1 2 3 4 5 -0.182927 1.951220 0.548780 -0.007813 -0.064941 -0.984375 -36.600000 -150.000000 139.200000 2079.000000
1 2 3 4 5 -0.243902 1.951220 0.548780 -0.012207 -0.063477 -0.973145 0.000000 0.000000 0.000000 3022.000000
1 2 3 4 5 -0.182927 2.073171 0.487805 -0.011719 -0.062988 -0.986816 0.000000 0.000000 0.000000 725.000000
1 2 3 4 5 -0.060976 1.890244 0.548780 -0.007813 -0.059082 -0.982910 -30.000000 -151.200000 138.600000 979.000000
1 2 3 4 5 -0.182927 1.951220 0.548780 -0.007324 -0.062012 -0.983398 0.000000 0.000000 0.000000 2666.000000
1 2 3 4 5 -0.121951 1.951220 0.426829 -0.015137 -0.060547 -0.984863 0.000000 0.000000 0.000000 2205.000000
1 2 3 4 5 -0.304878 1.890244 0.548780 -0.012207 -0.061035 -0.988281 -32.400000 -148.800000 139.200000 2415.000000
1 2 3 4 5 -0.182927 1.951220 0.548780 -0.007324 -0.065918 -0.971680 0.000000 0.000000 0.000000 1371.000000
1 2 3 4 5 -0.182927 1.951220 0.487805 -0.015137 -0.064941 -0.993652 0.000000 0.000000 0.000000 1612.000000
1 2 3 4 5 -0.182927 1.829268 0.548780 -0.015625 -0.061523 -0.969727 -33.600000 -148.800000 140.400000 2235.000000
1 2 3 4 5 -0.182927 2.012195 0.426829 -0.004883 -0.063965 -0.980957 0.000000 0.000000 0.000000 1750.000000
1 2 3 4 5 -0.182927 1.890244 0.548780 -0.006348 -0.061523 -0.990234 0.000000 0.000000 0.000000 2048.000000
1 2 3 4 5 -0.182927 1.890244 0.548780 -0.013672 -0.052246 -0.966797 -31.200000 -148.200000 139.200000 1135.000000
1 2 3 4 5 -0.121951 1.890244 0.609756 -0.003418 -0.060547 -0.980957 0.000000 0.000000 0.000000 1860.000000
1 2 3 4 5 -0.121951 1.951220 0.487805 -0.013184 -0.057617 -0.980957 0.000000 0.000000 0.000000 2241.000000
1 2 3 4 5 -0.182927 2.012195 0.487805 -0.001953 -0.062012 -0.997070 -35.400000 -148.800000 138.600000 812.000000
1 2 3 4 5 -0.182927 1.951220 0.548780 -0.006836 -0.054688 -0.977051 0.000000 0.000000 0.000000 1592.000000
1 2 3 4 5 -0.182927 1.951220 0.548780 -0.011230 -0.060547 -0.974121 0.000000 0.000000 0.000000 1813.000000
1 2 3 4 5 -0.182927 2.012195 0.487805 -0.007813 -0.061035 -0.977051 -33.600000 -146.400000 139.200000 2369.000000
1 2 3 4 5 -0.182927 1.951220 0.548780 -0.005859 -0.061035 -0.997559 0.000000 0.000000 0.000000 2196.000000
1 2 3 4 5 -0.121951 1.951220 0.548780 -0.007324 -0.051270 -0.975098 0.000000 0.000000 0.000000 1042.000000
1 2 3 4 5 -0.121951 1.951220 0.609756 -0.015137 -0.055664 -0.992676 -34.800000 -150.000000 139.800000 1549.000000
1 2 3 4 5 -0.182927 2.012195 0.609756 -0.011719 -0.057617 -0.973145 0.000000 0.000000 0.000000 1938.000000
1 2 3 4 5 -0.182927 2.012195 0.609756 -0.008301 -0.064941 -0.969238 0.000000 0.000000 0.000000 2727.000000
1 2 3 4 5 -0.243902 1.951220 0.609756 0.001953 -0.061035 -0.984863 -35.400000 -147.600000 137.400000 2167.000000
1 2 3 4 5 -0.121951 1.951220 0.548780 -0.007324 -0.054199 -0.968262 0.000000 0.000000 0.000000 1688.000000
1 2 3 4 5 -0.121951 2.012195 0.609756 -0.008789 -0.061523 -0.997070 0.000000 0.000000 0.000000 1908.000000
1 2 3 4 5 -0.182927 1.890244 0.548780 -0.013672 -0.063477 -0.978027 -33.000000 -150.000000 139.200000 2134.000000
1 2 3 4 5 -0.121951 1.890244 0.548780 -0.004395 -0.065430 -0.979492 0.000000 0.000000 0.000000 2617.000000
1 2 3 4 5 -0.121951 1.951220 0.487805 -0.004395 -0.059570 -0.970215 0.000000 0.000000 0.000000 640.000000
1 2 3 4 5 -0.121951 1.829268 0.548780 -0.001953 -0.058594 -0.980957 -37.200000 -150.600000 138.600000 1436.000000
1 2 3 4 5 -0.000000 1.890244 0.548780 -0.005371 -0.061523 -0.988770 0.000000 0.000000 0.000000 2450.000000
1 2 3 4 5 -0.121951 1.890244 0.609756 -0.003418 -0.053711 -0.976074 0.000000 0.000000 0.000000 2394.000000
1 2 3 4 5 -0.121951 1.890244 0.609756 -0.012695 -0.059082 -0.980957 -31.800000 -151.200000 136.800000 2002.000000
1 2 3 4 5 -0.182927 1.951220 0.548780 -0.001953 -0.059082 -0.976563 0.000000 0.000000 0.000000 1248.000000
1 2 3 4 5 -0.182927 1.951220 0.548780 -0.006348 -0.059082 -0.981445 0.000000 0.000000 0.000000 1242.000000
1 2 3 4 5 -0.243902 1.890244 0.548780 -0.015137 -0.068848 -0.975098 -32.400000 -148.800000 138.000000 2628.000000
1 2 3 4 5 -0.182927 1.951220 0.609756 -0.012695 -0.062012 -0.984863 0.000000 0.000000 0.000000 1215.000000
1 2 3 4 5 -0.121951 1.951220 0.487805 -0.009766 -0.059570 -0.982422 0.000000 0.000000 0.000000 751.000000
1 2 3 4 5 -0.182927 1.890244 0.548780 0.002441 -0.067383 -0.991699 -34.200000 -147.600000 137.400000 2149.000000
1 2 3 4 5 -0.182927 1.829268 0.548780 -0.005371 -0.067383 -0.983887 0.000000 0.000000 0.000000 1442.000000
1 2 3 4 5 -0.121951 1.951220 0.548780 -0.010254 -0.063477 -0.983398 0.000000 0.000000 0.000000 3047.000000
1 2 3 4 5 -0.243902 1.829268 0.548780 -0.006348 -0.059082 -0.975586 -32.400000 -150.600000 141.000000 1121.000000
1 2 3 4 5 -0.060976 1.951220 0.548780 -0.012207 -0.053711 -0.973145 0.000000 0.000000 0.000000 933.000000
1 2 3 4 5 -0.243902 2.012195 0.487805 -0.004395 -0.059570 -0.981445 0.000000 0.000000 0.000000 1747.000000
1 2 3 4 5 -0.121951 1.829268 0.548780 -0.010254 -0.059570 -0.998535 -28.800000 -147.600000 139.200000 1463.000000
1 2 3 4 5 -0.182927 1.951220 0.426829 -0.007813 -0.061523 -0.972168 0.000000 0.000000 0.000000 1964.000000
1 2 3 4 5 -0.182927 1.890244 0.487805 -0.012207 -0.059570 -0.991699 0.000000 0.000000 0.000000 382.000000
1 2 3 4 5 -0.182927 2.073171 0.548780 -0.011719 -0.063965 -0.987305 -36.600000 -147.000000 139.800000 879.000000
1 2 3 4 5 -0.182927 1.951220 0.548780 -0.010742 -0.064941 -0.977051 0.000000 0.000000 0.000000 2558.000000
1 2 3 4 5 -0.121951 1.951220 0.609756 -0.011719 -0.049805 -0.984863 0.000000 0.000000 0.000000 1318.000000
1 2 3 4 5 -0.182927 1.890244 0.670732 -0.020020 -0.077637 -0.979004 -32.400000 -153.000000 139.800000 1552.000000
1 2 3 4 5 -0.121951 1.890244 0.487805 -0.003418 -0.059082 -0.983398 0.000000 0.000000 0.000000 1212.000000
1 2 3 4 5 -0.182927 2.012195 0.548780 -0.010254 -0.066406 -0.969238 0.000000 0.000000 0.000000 819.000000
1 2 3 4 5 -0.182927 2.012195 0.548780 -0.006836 -0.064453 -0.979004 -31.800000 -148.800000 138.000000 2577.000000
1 2 3 4 5 -0.060976 2.012195 0.487805 -0.013672 -0.067383 -0.973145 0.000000 0.000000 0.000000 1107.000000
1 2 3 4 5 -0.121951 1.829268 0.548780 -0.013184 -0.058594 -0.977539 0.000000 0.000000 0.000000 598.000000
1 2 3 4 5 -0.182927 1.829268 0.548780 -0.019043 -0.066895 -0.977051 -31.800000 -148.800000 136.200000 2147.000000
1 2 3 4 5 -0.121951 1.890244 0.548780 -0.003418 -0.057617 -0.986328 0.000000 0.000000 0.000000 922.000000
1 2 3 4 5 -0.121951 1.951220 0.548780 -0.009766 -0.057617 -0.973633 0.000000 0.000000 0.000000 2436.000000
1 2 3 4 5 -0.243902 1.768293 0.487805 -0.003906 -0.068359 -0.974121 -33.000000 -147.000000 140.400000 801.000000
1 2 3 4 5 -0.121951 2.012195 0.609756 -0.010254 -0.065918 -0.975586 0.000000 0.000000 0.000000 884.000000
1 2 3 4 5 -0.121951 1.951220 0.548780 -0.008301 -0.063477 -0.974121 0.000000 0.000000 0.000000 3017.000000
1 2 3 4 5 -0.060976 1.951220 0.609756 -0.006836 -0.058105 -0.993164 -34.200000 -151.200000 139.200000 373.000000
1 2 3 4 5 -0.182927 1.951220 0.487805 -0.016113 -0.064453 -0.984863 0.000000 0.000000 0.000000 2595.000000
1 2 3 4 5 -0.182927 1.951220 0.426829 -0.006836 -0.055664 -0.983887 0.000000 0.000000 0.000000 1127.000000
1 2 3 4 5 -0.000000 1.951220 0.670732 -0.006348 -0.061523 -0.980469 -31.200000 -148.200000 138.000000 1096.000000
1 2 3 4 5 -0.243902 1.829268 0.548780 -0.013672 -0.058105 -0.982910 0.000000 0.000000 0.000000 1938.000000
1 2 3 4 5 -0.182927 1.951220 0.487805 -0.006836 -0.059570 -0.988281 0.000000 0.000000 0.000000 1099.000000
1 2 3 4 5 -0.121951 1.890244 0.487805 -0.011719 -0.063477 -0.975586 -33.600000 -147.600000 138.000000 2465.000000
1 2 3 4 5 -0.121951 2.073171 0.548780 -0.000977 -0.068848 -0.982422 0.000000 0.000000 0.000000 739.000000
1 2 3 4 5 -0.182927 1.890244 0.548780 -0.012207 -0.071777 -0.998047 0.000000 0.000000 0.000000 637.000000
1 2 3 4 5 -0.121951 1.890244 0.487805 -0.005859 -0.061523 -0.975586 -34.800000 -152.400000 133.800000 1833.000000
1 2 3 4 5 -0.121951 1.890244 0.609756 -0.015137 -0.059570 -0.973145 0.000000 0.000000 0.000000 1165.000000
1 2 3 4 5 -0.182927 1.951220 0.548780 -0.013672 -0.053711 -0.975098 0.000000 0.000000 0.000000 1083.000000
1 2 3 4 5 -0.182927 1.951220 0.487805 -0.013184 -0.056641 -0.973633 -30.600000 -150.600000 139.800000 892.000000
1 2 3 4 5 -0.243902 1.890244 0.487805 -0.007813 -0.060059 -0.978027 0.000000 0.000000 0.000000 2141.000000
1 2 3 4 5 -0.243902 2.012195 0.548780 -0.008789 -0.062988 -1.003418 0.000000 0.000000 0.000000 2437.000000
1 2 3 4 5 -0.182927 2.012195 0.487805 -0.005859 -0.064941 -0.980469 -30.000000 -148.800000 137.400000 405.000000
1 2 3 4 5 -0.182927 1.829268 0.548780 -0.010254 -0.058594 -0.976563 0.000000 0.000000 0.000000 884.000000
1 2 3 4 5 -0.243902 1.951220 0.609756 -0.005859 -0.057129 -0.973145 0.000000 0.000000 0.000000 1317.000000
1 2 3 4 5 -0.121951 2.073171 0.548780 -0.014648 -0.063477 -0.988281 -31.800000 -145.800000 139.800000 1477.000000
