1 2 3 4 5 -0.182927 2.012195 0.426829 0.002930 -0.075684 -0.966797 0.000000 0.000000 0.000000 549.000000
1 2 3 4 5 -0.121951 1.890244 0.426829 -0.003906 -0.086914 -0.973633 0.000000 0.000000 0.000000 1071.000000
1 2 3 4 5 -0.060976 1.951220 0.426829 -0.007324 -0.080566 -0.981445 0.000000 0.000000 0.000000 1536.000000
1 2 3 4 5 -0.121951 1.951220 0.365854 -0.001953 -0.074219 -0.982422 0.000000 0.000000 0.000000 1030.000000
1 2 3 4 5 -0.121951 1.951220 0.365854 -0.012695 -0.076660 -0.974121 19.800000 -74.400000 54.600000 1372.000000
1 2 3 4 5 -0.121951 2.012195 0.365854 -0.004883 -0.081543 -0.968262 0.000000 0.000000 0.000000 869.000000
1 2 3 4 5 -0.243902 2.012195 0.304878 -0.006836 -0.075195 -0.970703 0.000000 0.000000 0.000000 148.000000
1 2 3 4 5 -0.121951 2.012195 0.365854 -0.006348 -0.080566 -0.989258 18.000000 -68.400000 52.200000 598.000000
1 2 3 4 5 -0.121951 2.073171 0.365854 -0.011230 -0.084961 -0.988281 0.000000 0.000000 0.000000 172.000000
1 2 3 4 5 -0.060976 2.134146 0.426829 -0.000977 -0.079102 -0.971191 0.000000 0.000000 0.000000 334.000000
1 2 3 4 5 -0.121951 2.012195 0.426829 -0.007324 -0.075195 -0.981934 13.800000 -75.600000 54.000000 583.000000
1 2 3 4 5 -0.182927 1.951220 0.365854 -0.003418 -0.080078 -0.967285 0.000000 0.000000 0.000000 701.000000
1 2 3 4 5 -0.182927 1.951220 0.426829 0.001465 -0.077148 -0.988770 0.000000 0.000000 0.000000 707.000000
1 2 3 4 5 -0.121951 2.073171 0.426829 -0.001465 -0.074707 -0.954590 15.000000 -70.200000 54.000000 163.000000
1 2 3 4 5 -0.121951 1.951220 0.365854 -0.009766 -0.084473 -0.982422 0.000000 0.000000 0.000000 186.000000
1 2 3 4 5 -0.121951 2.012195 0.365854 -0.006836 -0.079102 -0.956055 0.000000 0.000000 0.000000 903.000000
1 2 3 4 5 -0.182927 1.951220 0.304878 -0.017578 -0.078613 -0.976074 14.400000 -68.400000 53.400000 253.000000
1 2 3 4 5 -0.060976 1.951220 0.426829 -0.012695 -0.080566 -0.987793 0.000000 0.000000 0.000000 287.000000
1 2 3 4 5 -0.121951 2.012195 0.426829 -0.010742 -0.072754 -0.978516 0.000000 0.000000 0.000000 401.000000
1 2 3 4 5 -0.060976 1.890244 0.426829 -0.013672 -0.070313 -0.966797 15.000000 -77.400000 53.400000 42.000000
1 2 3 4 5 -0.121951 2.012195 0.365854 -0.011719 -0.074707 -0.991699 0.000000 0.000000 0.000000 974.000000
1 2 3 4 5 -0.060976 1.829268 0.365854 -0.016113 -0.092773 -0.979004 0.000000 0.000000 0.000000 716.000000
1 2 3 4 5 -0.121951 2.012195 0.365854 -0.008789 -0.083496 -0.982422 19.800000 -75.000000 52.800000 1411.000000
1 2 3 4 5 -0.182927 2.134146 0.365854 -0.013184 -0.078125 -0.979492 0.000000 0.000000 0.000000 2463.000000
1 2 3 4 5 -0.121951 2.012195 0.426829 -0.008789 -0.073730 -0.978027 0.000000 0.000000 0.000000 2167.000000
1 2 3 4 5 -0.182927 2.012195 0.426829 -0.008789 -0.075195 -0.972168 15.000000 -75.000000 53.400000 2755.000000
1 2 3 4 5 -0.121951 2.012195 0.365854 -0.006348 -0.085938 -0.978027 0.000000 0.000000 0.000000 1229.000000
1 2 3 4 5 -0.060976 2.012195 0.487805 -0.009766 -0.072754 -0.992676 0.000000 0.000000 0.000000 2193.000000
1 2 3 4 5 -0.243902 1.951220 0.365854 -0.007813 -0.083496 -0.980469 16.200000 -80.400000 54.600000 1959.000000
1 2 3 4 5 -0.121951 1.951220 0.365854 -0.003418 -0.073242 -0.970703 0.000000 0.000000 0.000000 1882.000000
1 2 3 4 5 -0.060976 2.012195 0.365854 -0.009766 -0.082031 -0.976563 0.000000 0.000000 0.000000 1275.000000
1 2 3 4 5 -0.182927 2.073171 0.426829 -0.003906 -0.084473 -0.992188 13.200000 -75.000000 53.400000 1887.000000
1 2 3 4 5 -0.060976 2.012195 0.365854 0.000977 -0.079590 -0.971680 0.000000 0.000000 0.000000 1104.000000
1 2 3 4 5 -0.060976 2.012195 0.365854 -0.007324 -0.083496 -0.988770 0.000000 0.000000 0.000000 2221.000000
1 2 3 4 5 -0.060976 2.012195 0.304878 -0.011719 -0.087402 -0.976074 15.600000 -69.000000 54.000000 3425.000000
1 2 3 4 5 -0.121951 2.073171 0.304878 -0.006836 -0.073730 -0.965820 0.000000 0.000000 0.000000 2240.000000
1 2 3 4 5 -0.000000 1.890244 0.365854 -0.013672 -0.078613 -0.995117 0.000000 0.000000 0.000000 1430.000000
1 2 3 4 5 -0.121951 1.951220 0.426829 -0.004395 -0.077637 -0.977051 16.800000 -69.000000 54.000000 953.000000
1 2 3 4 5 -0.060976 2.012195 0.426829 -0.008301 -0.079102 -0.986328 0.000000 0.000000 0.000000 782.000000
1 2 3 4 5 -0.182927 2.073171 0.426829 -0.005859 -0.075195 -0.989258 0.000000 0.000000 0.000000 612.000000
1 2 3 4 5 -0.121951 1.890244 0.365854 -0.016602 -0.086914 -0.974121 17.400000 -69.600000 52.800000 -108.000000
1 2 3 4 5 -0.121951 2.012195 0.426829 -0.006348 -0.072754 -0.968262 0.000000 0.000000 0.000000 1088.000000
1 2 3 4 5 -0.121951 2.012195 0.426829 -0.003418 -0.064453 -0.992676 0.000000 0.000000 0.000000 1839.000000
1 2 3 4 5 -0.121951 1.951220 0.426829 -0.006836 -0.072754 -0.976074 21.600000 -70.200000 54.000000 2281.000000
1 2 3 4 5 -0.000000 1.890244 0.426829 -0.012695 -0.072266 -0.985352 0.000000 0.000000 0.000000 1890.000000
1 2 3 4 5 -0.121951 2.012195 0.243902 -0.010742 -0.080078 -0.979004 0.000000 0.000000 0.000000 1122.000000
1 2 3 4 5 -0.182927 1.951220 0.426829 -0.005859 -0.086426 -0.993164 19.800000 -70.800000 51.600000 1213.000000
1 2 3 4 5 -0.121951 2.073171 0.426829 -0.009766 -0.084473 -0.977051 0.000000 0.000000 0.000000 502.000000
1 2 3 4 5 -0.182927 2.012195 0.304878 -0.013672 -0.078125 -0.973145 0.000000 0.000000 0.000000 747.000000
1 2 3 4 5 -0.182927 1.890244 0.426829 -0.013184 -0.071777 -0.980957 14.400000 -76.200000 51.600000 684.000000
1 2 3 4 5 -0.121951 1.951220 0.365854 -0.005371 -0.071777 -0.968262 0.000000 0.000000 0.000000 699.000000
1 2 3 4 5 -0.121951 1.829268 0.365854 -0.002441 -0.075195 -0.960938 0.000000 0.000000 0.000000 1057.000000
1 2 3 4 5 -0.182927 2.012195 0.304878 -0.002441 -0.084961 -0.967285 15.600000 -74.400000 50.400000 1445.000000
1 2 3 4 5 -0.121951 1.951220 0.365854 -0.000977 -0.079102 -0.993164 0.000000 0.000000 0.000000 3092.000000
1 2 3 4 5 -0.060976 2.073171 0.304878 -0.004395 -0.073242 -0.968262 0.000000 0.000000 0.000000 2838.000000
1 2 3 4 5 -0.182927 2.012195 0.487805 -0.013672 -0.070801 -0.969238 15.000000 -73.800000 53.400000 3853.000000
1 2 3 4 5 -0.121951 2.012195 0.365854 -0.005371 -0.067871 -0.987793 0.000000 0.000000 0.000000 3653.000000
1 2 3 4 5 -0.182927 2.012195 0.426829 -0.008301 -0.069824 -0.996094 0.000000 0.000000 0.000000 4137.000000
1 2 3 4 5 -0.121951 1.951220 0.426829 -0.005371 -0.084473 -0.979492 14.400000 -73.800000 55.200000 2900.000000
1 2 3 4 5 -0.060976 2.012195 0.304878 0.005859 -0.080566 -0.993652 0.000000 0.000000 0.000000 1898.000000
1 2 3 4 5 -0.121951 2.012195 0.304878 -0.003906 -0.067871 -0.973145 0.000000 0.000000 0.000000 1159.000000
1 2 3 4 5 -0.182927 1.951220 0.365854 -0.003906 -0.076660 -0.986328 18.600000 -67.800000 54.000000 761.000000
1 2 3 4 5 -0.121951 2.012195 0.426829 -0.005859 -0.073730 -0.983887 0.000000 0.000000 0.000000 946.000000
1 2 3 4 5 -0.060976 2.073171 0.426829 -0.005859 -0.077148 -0.963867 0.000000 0.000000 0.000000 1209.000000
1 2 3 4 5 -0.060976 2.012195 0.365854 -0.008301 -0.067871 -0.983887 13.200000 -65.400000 52.800000 1054.000000
1 2 3 4 5 -0.121951 2.073171 0.426829 -0.006348 -0.079590 -0.987305 0.000000 0.000000 0.000000 4352.000000
1 2 3 4 5 -0.182927 2.012195 0.426829 -0.008789 -0.074219 -0.974121 0.000000 0.000000 0.000000 2951.000000
1 2 3 4 5 -0.121951 2.012195 0.487805 -0.012695 -0.084961 -0.963867 13.200000 -72.600000 50.400000 751.000000
1 2 3 4 5 -0.060976 2.012195 0.365854 -0.017578 -0.075195 -0.977539 0.000000 0.000000 0.000000 633.000000
1 2 3 4 5 -0.121951 1.890244 0.426829 -0.011230 -0.071289 -0.951172 0.000000 0.000000 0.000000 1172.000000
1 2 3 4 5 -0.060976 1.829268 0.426829 -0.009766 -0.071777 -0.964844 17.400000 -70.800000 52.800000 808.000000
1 2 3 4 5 -0.121951 1.890244 0.365854 -0.013672 -0.082031 -0.978516 0.000000 0.000000 0.000000 508.000000
1 2 3 4 5 -0.060976 2.073171 0.487805 -0.015625 -0.073730 -0.972168 0.000000 0.000000 0.000000 760.000000
1 2 3 4 5 -0.121951 2.012195 0.365854 -0.008301 -0.084473 -0.998535 13.200000 -69.600000 53.400000 505.000000
1 2 3 4 5 -0.121951 2.012195 0.243902 -0.002441 -0.078613 -0.984375 0.000000 0.000000 0.000000 1099.000000
1 2 3 4 5 -0.060976 2.073171 0.426829 -0.006348 -0.081543 -0.976563 0.000000 0.000000 0.000000 1627.000000
1 2 3 4 5 -0.000000 1.951220 0.426829 -0.005371 -0.074219 -0.964844 17.400000 -75.000000 52.800000 3672.000000
1 2 3 4 5 -0.182927 1.951220 0.365854 -0.006348 -0.075684 -0.975098 0.000000 0.000000 0.000000 3272.000000
1 2 3 4 5 -0.182927 1.890244 0.487805 -0.008789 -0.078125 -0.971191 0.000000 0.000000 0.000000 5878.000000
1 2 3 4 5 -0.060976 1.951220 0.365854 -0.004883 -0.073730 -0.989258 10.200000 -72.000000 54.000000 4430.000000
1 2 3 4 5 -0.121951 1.951220 0.365854 -0.012695 -0.075195 -0.982422 0.000000 0.000000 0.000000 4570.000000
1 2 3 4 5 -0.060976 2.012195 0.426829 -0.008301 -0.067871 -0.979492 0.000000 0.000000 0.000000 1983.000000
1 2 3 4 5 -0.060976 1.951220 0.365854 -0.010254 -0.069824 -0.979492 12.000000 -76.800000 53.400000 2283.000000
1 2 3 4 5 -0.182927 2.073171 0.304878 -0.006348 -0.077637 -0.980957 0.000000 0.000000 0.000000 3424.000000
1 2 3 4 5 -0.121951 2.073171 0.426829 -0.005371 -0.073242 -0.966309 0.000000 0.000000 0.000000 3488.000000
1 2 3 4 5 -0.182927 1.890244 0.426829 -0.006836 -0.080078 -0.969727 18.600000 -70.200000 54.600000 4475.000000
1 2 3 4 5 -0.121951 1.951220 0.426829 -0.012695 -0.088379 -0.975098 0.000000 0.000000 0.000000 4264.000000
1 2 3 4 5 0.060976 2.073171 0.304878 -0.012695 -0.074707 -0.998047 0.000000 0.000000 0.000000 4540.000000
1 2 3 4 5 -0.000000 2.073171 0.426829 -0.005371 -0.084961 -0.970703 10.200000 -72.000000 55.800000 4678.000000
1 2 3 4 5 -0.121951 2.134146 0.365854 -0.010254 -0.078613 -0.981445 0.000000 0.000000 0.000000 3965.000000
1 2 3 4 5 -0.121951 1.951220 0.365854 -0.007324 -0.076660 -0.986816 0.000000 0.000000 0.000000 7267.000000
1 2 3 4 5 -0.182927 2.073171 0.365854 -0.009766 -0.077637 -0.993652 18.600000 -74.400000 55.200000 2815.000000
1 2 3 4 5 -0.121951 2.073171 0.548780 -0.002930 -0.078125 -0.969238 0.000000 0.000000 0.000000 2472.000000
1 2 3 4 5 -0.121951 2.012195 0.365854 -0.008301 -0.080078 -0.976074 0.000000 0.000000 0.000000 1350.000000
1 2 3 4 5 -0.060976 2.073171 0.365854 -0.001953 -0.080078 -0.984375 17.400000 -77.400000 54.600000 1046.000000
1 2 3 4 5 -0.121951 2.073171 0.304878 -0.008789 -0.074219 -0.986328 0.000000 0.000000 0.000000 2589.000000
1 2 3 4 5 -0.000000 2.073171 0.487805 -0.002930 -0.082031 -1.001953 0.000000 0.000000 0.000000 3351.000000
1 2 3 4 5 -0.182927 2.012195 0.365854 -0.003906 -0.083984 -0.983398 13.200000 -74.400000 55.800000 2983.000000
1 2 3 4 5 -0.060976 2.134146 0.426829 -0.016113 -0.083984 -0.971680 0.000000 0.000000 0.000000 3671.000000
1 2 3 4 5 -0.121951 2.073171 0.304878 -0.002441 -0.079102 -0.967285 0.000000 0.000000 0.000000 7235.000000
1 2 3 4 5 -0.060976 2.012195 0.487805 -0.008789 -0.077637 -0.979004 19.800000 -72.000000 54.600000 6802.000000
1 2 3 4 5 -0.060976 1.951220 0.365854 -0.007813 -0.082031 -0.968262 0.000000 0.000000 0.000000 2276.000000
1 2 3 4 5 -0.121951 1.951220 0.365854 -0.006836 -0.080078 -0.973145 0.000000 0.000000 0.000000 1643.000000
1 2 3 4 5 -0.121951 1.951220 0.365854 -0.014160 -0.083984 -0.974121 18.000000 -75.000000 56.400000 3157.000000
1 2 3 4 5 -0.060976 2.073171 0.426829 -0.009766 -0.080078 -0.977539 0.000000 0.000000 0.000000 3460.000000
1 2 3 4 5 -0.121951 2.073171 0.365854 -0.006348 -0.078125 -0.987793 0.000000 0.000000 0.000000 3843.000000
1 2 3 4 5 -0.000000 2.012195 0.426829 -0.013672 -0.072266 -0.972656 17.400000 -75.000000 53.400000 2588.000000
1 2 3 4 5 -0.121951 1.951220 0.426829 -0.010742 -0.077637 -0.983398 0.000000 0.000000 0.000000 945.000000
1 2 3 4 5 -0.060976 2.012195 0.426829 -0.007324 -0.078125 -0.973633 0.000000 0.000000 0.000000 1015.000000
1 2 3 4 5 -0.060976 2.012195 0.365854 0.000977 -0.077637 -0.975586 13.800000 -75.600000 54.000000 1637.000000
1 2 3 4 5 -0.060976 2.073171 0.365854 -0.010742 -0.078125 -0.987793 0.000000 0.000000 0.000000 2846.000000
1 2 3 4 5 -0.121951 2.012195 0.426829 -0.013184 -0.081543 -0.972656 0.000000 0.000000 0.000000 1247.000000
1 2 3 4 5 -0.060976 1.829268 0.304878 -0.003906 -0.080078 -0.997559 19.200000 -76.200000 52.800000 1221.000000
1 2 3 4 5 -0.121951 1.951220 0.365854 -0.006836 -0.074219 -0.976563 0.000000 0.000000 0.000000 1281.000000
1 2 3 4 5 -0.121951 2.012195 0.365854 -0.013184 -0.072754 -0.975098 0.000000 0.000000 0.000000 2703.000000
1 2 3 4 5 -0.060976 1.951220 0.365854 -0.011230 -0.081055 -1.017578 11.400000 -73.800000 54.600000 2430.000000
1 2 3 4 5 -0.182927 2.073171 0.365854 -0.011230 -0.082520 -0.985352 0.000000 0.000000 0.000000 1560.000000
1 2 3 4 5 -0.060976 1.951220 0.365854 -0.000977 -0.074219 -0.950195 0.000000 0.000000 0.000000 497.000000
1 2 3 4 5 -0.121951 2.073171 0.487805 -0.005371 -0.075684 -0.988770 17.400000 -73.800000 52.200000 621.000000
1 2 3 4 5 -0.060976 1.890244 0.487805 -0.007813 -0.074219 -0.973145 0.000000 0.000000 0.000000 341.000000
1 2 3 4 5 -0.060976 1.890244 0.365854 -0.007813 -0.074219 -0.969727 0.000000 0.000000 0.000000 874.000000
1 2 3 4 5 -0.121951 1.890244 0.365854 -0.006348 -0.074219 -0.961914 19.800000 -72.600000 54.000000 868.000000
1 2 3 4 5 -0.121951 1.951220 0.365854 -0.016602 -0.076660 -0.966309 0.000000 0.000000 0.000000 2102.000000
1 2 3 4 5 -0.121951 1.951220 0.365854 -0.006836 -0.079102 -0.981934 0.000000 0.000000 0.000000 1151.000000
1 2 3 4 5 -0.121951 1.890244 0.304878 -0.006348 -0.073730 -0.990234 15.000000 -77.400000 52.200000 691.000000
1 2 3 4 5 -0.060976 1.890244 0.365854 -0.018555 -0.076660 -0.984375 0.000000 0.000000 0.000000 708.000000
1 2 3 4 5 -0.182927 1.951220 0.426829 -0.006836 -0.078125 -0.970215 0.000000 0.000000 0.000000 624.000000
1 2 3 4 5 -0.060976 2.073171 0.304878 -0.013184 -0.072754 -0.969727 16.200000 -75.000000 54.000000 1521.000000
1 2 3 4 5 -0.060976 2.012195 0.365854 -0.010254 -0.083984 -0.977051 0.000000 0.000000 0.000000 2073.000000
1 2 3 4 5 -0.060976 1.951220 0.365854 -0.008789 -0.090332 -0.967285 0.000000 0.000000 0.000000 2620.000000
1 2 3 4 5 -0.000000 1.951220 0.487805 -0.007324 -0.080078 -0.975586 15.000000 -76.200000 52.200000 8668.000000
1 2 3 4 5 -0.121951 1.951220 0.365854 -0.003418 -0.075684 -0.980957 0.000000 0.000000 0.000000 8969.000000
1 2 3 4 5 -0.121951 2.012195 0.365854 -0.011230 -0.071777 -0.972168 0.000000 0.000000 0.000000 9018.000000
1 2 3 4 5 -0.121951 1.951220 0.304878 -0.009766 -0.073730 -0.990723 16.200000 -67.200000 54.600000 2961.000000
1 2 3 4 5 -0.060976 2.012195 0.426829 0.000488 -0.082031 -1.000977 0.000000 0.000000 0.000000 1731.000000
1 2 3 4 5 -0.121951 2.073171 0.365854 -0.011230 -0.076660 -0.981445 0.000000 0.000000 0.000000 1992.000000
1 2 3 4 5 -0.121951 1.951220 0.365854 -0.007324 -0.071777 -0.982422 12.600000 -70.800000 55.200000 3259.000000
1 2 3 4 5 -0.182927 1.951220 0.365854 -0.007324 -0.084473 -0.984375 0.000000 0.000000 0.000000 2845.000000
1 2 3 4 5 -0.060976 2.012195 0.426829 -0.010742 -0.080566 -0.984863 0.000000 0.000000 0.000000 1644.000000
1 2 3 4 5 -0.182927 2.012195 0.304878 -0.012695 -0.071289 -0.985352 15.000000 -73.200000 52.200000 1464.000000
1 2 3 4 5 -0.060976 2.012195 0.365854 0.000488 -0.075684 -0.982910 0.000000 0.000000 0.000000 2278.000000
1 2 3 4 5 -0.121951 2.012195 0.487805 -0.005859 -0.081055 -0.980469 0.000000 0.000000 0.000000 1475.000000
1 2 3 4 5 -0.000000 1.951220 0.365854 -0.006836 -0.077637 -0.977051 16.800000 -73.200000 51.600000 1677.000000
1 2 3 4 5 -0.182927 1.951220 0.365854 -0.015137 -0.073242 -0.986328 0.000000 0.000000 0.000000 1009.000000
1 2 3 4 5 -0.060976 1.890244 0.365854 -0.008301 -0.073730 -0.979004 0.000000 0.000000 0.000000 2298.000000
1 2 3 4 5 -0.060976 2.012195 0.365854 -0.007324 -0.070313 -0.980469 14.400000 -69.600000 52.200000 2888.000000
1 2 3 4 5 -0.243902 2.012195 0.365854 -0.006348 -0.065430 -0.993652 0.000000 0.000000 0.000000 1608.000000
1 2 3 4 5 -0.000000 2.012195 0.426829 -0.009766 -0.077637 -0.975098 0.000000 0.000000 0.000000 1110.000000
1 2 3 4 5 -0.060976 1.951220 0.243902 -0.011719 -0.081543 -0.984863 13.800000 -73.200000 52.800000 996.000000
1 2 3 4 5 -0.060976 2.073171 0.304878 -0.005371 -0.076660 -0.987793 0.000000 0.000000 0.000000 1299.000000
1 2 3 4 5 -0.121951 1.890244 0.426829 -0.008301 -0.078125 -0.975098 0.000000 0.000000 0.000000 1615.000000
1 2 3 4 5 -0.121951 2.073171 0.426829 -0.011719 -0.075195 -0.971191 19.200000 -75.000000 54.000000 2250.000000
1 2 3 4 5 -0.121951 1.951220 0.426829 -0.012207 -0.081543 -0.991699 0.000000 0.000000 0.000000 1797.000000
1 2 3 4 5 -0.121951 1.951220 0.365854 -0.019043 -0.075195 -0.985352 0.000000 0.000000 0.000000 1824.000000
1 2 3 4 5 -0.060976 1.951220 0.487805 -0.013672 -0.079590 -0.974121 16.800000 -75.600000 54.600000 1306.000000
1 2 3 4 5 -0.121951 1.951220 0.365854 -0.013672 -0.072754 -0.976074 0.000000 0.000000 0.000000 1137.000000
1 2 3 4 5 -0.243902 2.012195 0.365854 -0.004395 -0.081543 -0.970215 0.000000 0.000000 0.000000 672.000000
1 2 3 4 5 -0.060976 2.012195 0.426829 -0.013184 -0.077637 -0.985352 18.600000 -79.800000 52.800000 2089.000000
1 2 3 4 5 -0.121951 1.951220 0.365854 -0.002441 -0.080566 -0.981445 0.000000 0.000000 0.000000 1747.000000
1 2 3 4 5 -0.121951 2.012195 0.365854 -0.017090 -0.082031 -0.992188 0.000000 0.000000 0.000000 1436.000000
1 2 3 4 5 -0.182927 1.951220 0.365854 -0.006348 -0.068848 -0.976563 12.600000 -75.000000 55.200000 1320.000000
1 2 3 4 5 -0.121951 1.829268 0.487805 -0.009766 -0.081055 -0.989258 0.000000 0.000000 0.000000 784.000000
1 2 3 4 5 -0.121951 1.951220 0.304878 -0.006836 -0.076660 -0.982910 0.000000 0.000000 0.000000 2817.000000
1 2 3 4 5 -0.121951 2.073171 0.304878 -0.003906 -0.078613 -0.987305 18.600000 -74.400000 55.200000 2403.000000
1 2 3 4 5 -0.121951 2.012195 0.365854 -0.012207 -0.078613 -0.975586 0.000000 0.000000 0.000000 1947.000000
1 2 3 4 5 -0.182927 2.012195 0.365854 -0.008789 -0.084473 -0.979492 0.000000 0.000000 0.000000 3430.000000
1 2 3 4 5 -0.182927 1.890244 0.365854 -0.013672 -0.085449 -0.978516 14.400000 -76.200000 54.000000 1166.000000
1 2 3 4 5 -0.121951 2.073171 0.365854 -0.008301 -0.077148 -0.967285 0.000000 0.000000 0.000000 1193.000000
1 2 3 4 5 -0.121951 2.012195 0.426829 -0.003906 -0.084473 -0.977051 0.000000 0.000000 0.000000 1004.000000
1 2 3 4 5 -0.121951 1.890244 0.365854 -0.005371 -0.072266 -0.990234 15.600000 -72.000000 54.600000 2412.000000
1 2 3 4 5 -0.182927 1.951220 0.426829 -0.011230 -0.074707 -0.981934 0.000000 0.000000 0.000000 4267.000000
1 2 3 4 5 -0.121951 1.890244 0.365854 -0.001953 -0.072266 -0.968262 0.000000 0.000000 0.000000 4862.000000
1 2 3 4 5 -0.060976 2.012195 0.304878 0.003906 -0.085449 -0.966309 21.000000 -75.000000 52.200000 4524.000000
1 2 3 4 5 -0.000000 1.890244 0.426829 -0.002441 -0.082520 -0.973145 0.000000 0.000000 0.000000 3498.000000
1 2 3 4 5 -0.000000 1.951220 0.426829 -0.005859 -0.081055 -0.978027 0.000000 0.000000 0.000000 3044.000000
1 2 3 4 5 -0.121951 1.890244 0.426829 -0.011719 -0.078613 -0.984375 15.600000 -76.800000 54.000000 2675.000000
1 2 3 4 5 -0.060976 2.073171 0.487805 -0.010742 -0.074707 -0.975586 0.000000 0.000000 0.000000 1698.000000
1 2 3 4 5 -0.060976 1.951220 0.304878 -0.007813 -0.079590 -0.963867 0.000000 0.000000 0.000000 2786.000000
1 2 3 4 5 -0.060976 2.012195 0.426829 -0.007324 -0.077637 -0.963867 17.400000 -72.000000 52.800000 2596.000000
1 2 3 4 5 -0.243902 1.951220 0.365854 -0.011230 -0.082520 -0.976563 0.000000 0.000000 0.000000 3742.000000
1 2 3 4 5 -0.000000 2.073171 0.304878 -0.008789 -0.083984 -0.982910 0.000000 0.000000 0.000000 3812.000000
1 2 3 4 5 -0.182927 1.951220 0.426829 -0.005859 -0.077637 -0.954590 16.800000 -78.600000 55.200000 3662.000000
1 2 3 4 5 -0.121951 1.951220 0.304878 -0.000977 -0.076660 -0.975586 0.000000 0.000000 0.000000 3509.000000
1 2 3 4 5 -0.060976 2.012195 0.304878 -0.015625 -0.080078 -0.983398 0.000000 0.000000 0.000000 1672.000000
1 2 3 4 5 -0.060976 2.012195 0.304878 -0.005371 -0.078613 -0.973633 16.200000 -69.600000 54.000000 1162.000000
1 2 3 4 5 -0.060976 2.012195 0.365854 -0.006836 -0.079590 -0.970703 0.000000 0.000000 0.000000 6103.000000
1 2 3 4 5 -0.000000 1.951220 0.426829 -0.008301 -0.075684 -0.976563 0.000000 0.000000 0.000000 6457.000000
1 2 3 4 5 -0.060976 2.073171 0.426829 0.000488 -0.071289 -0.995117 15.000000 -74.400000 52.200000 6044.000000
1 2 3 4 5 -0.121951 1.951220 0.426829 -0.017578 -0.072754 -0.988770 0.000000 0.000000 0.000000 6621.000000
1 2 3 4 5 -0.060976 2.134146 0.365854 -0.004395 -0.075195 -0.976563 0.000000 0.000000 0.000000 5439.000000
1 2 3 4 5 -0.060976 2.012195 0.487805 -0.008301 -0.078125 -0.982422 13.800000 -70.200000 52.200000 3703.000000
1 2 3 4 5 -0.000000 2.012195 0.365854 -0.009766 -0.082520 -0.975586 0.000000 0.000000 0.000000 1229.000000
1 2 3 4 5 -0.182927 1.951220 0.426829 -0.004883 -0.075684 -0.978516 0.000000 0.000000 0.000000 1366.000000
1 2 3 4 5 -0.121951 2.012195 0.426829 -0.004395 -0.084473 -0.967773 15.000000 -73.200000 52.800000 5250.000000
1 2 3 4 5 -0.121951 2.012195 0.426829 -0.003906 -0.078613 -0.977051 0.000000 0.000000 0.000000 5162.000000
1 2 3 4 5 -0.060976 1.951220 0.426829 -0.002441 -0.077637 -0.967773 0.000000 0.000000 0.000000 1602.000000
1 2 3 4 5 -0.121951 2.012195 0.426829 -0.005371 -0.078125 -0.992188 16.800000 -72.000000 54.000000 1446.000000
1 2 3 4 5 -0.121951 2.073171 0.426829 -0.010254 -0.081055 -0.989746 0.000000 0.000000 0.000000 882.000000
1 2 3 4 5 -0.121951 2.012195 0.365854 -0.011230 -0.079590 -0.976074 0.000000 0.000000 0.000000 1322.000000
1 2 3 4 5 -0.060976 2.073171 0.304878 -0.004395 -0.081543 -0.973145 16.800000 -70.200000 52.200000 3729.000000
1 2 3 4 5 -0.121951 1.951220 0.304878 -0.005859 -0.070313 -0.970215 0.000000 0.000000 0.000000 5735.000000
1 2 3 4 5 -0.121951 1.951220 0.304878 0.000488 -0.072266 -0.986328 0.000000 0.000000 0.000000 4631.000000
1 2 3 4 5 -0.182927 1.951220 0.365854 -0.002930 -0.071777 -0.976074 16.800000 -73.200000 55.200000 5003.000000
1 2 3 4 5 -0.182927 2.073171 0.304878 -0.012695 -0.078613 -0.978027 0.000000 0.000000 0.000000 4922.000000
1 2 3 4 5 -0.121951 2.073171 0.487805 -0.009766 -0.079590 -0.972168 0.000000 0.000000 0.000000 4472.000000
1 2 3 4 5 -0.182927 1.951220 0.426829 -0.006348 -0.086426 -0.988281 17.400000 -72.600000 53.400000 2065.000000
1 2 3 4 5 -0.060976 1.890244 0.365854 -0.011230 -0.073242 -0.983398 0.000000 0.000000 0.000000 2074.000000
1 2 3 4 5 -0.060976 2.012195 0.365854 -0.008789 -0.078125 -0.988281 0.000000 0.000000 0.000000 1622.000000
1 2 3 4 5 -0.060976 1.951220 0.304878 -0.003418 -0.067871 -0.975586 16.200000 -69.600000 50.400000 2773.000000
1 2 3 4 5 -0.121951 1.951220 0.365854 -0.014648 -0.074219 -0.963867 0.000000 0.000000 0.000000 2244.000000
1 2 3 4 5 -0.121951 1.951220 0.487805 -0.006836 -0.077637 -0.994141 0.000000 0.000000 0.000000 992.000000
1 2 3 4 5 -0.121951 2.073171 0.365854 -0.008301 -0.082520 -0.995117 20.400000 -74.400000 54.000000 1668.000000
1 2 3 4 5 -0.121951 1.951220 0.365854 -0.011719 -0.077637 -0.981445 0.000000 0.000000 0.000000 2871.000000
1 2 3 4 5 -0.182927 2.012195 0.426829 -0.004883 -0.081055 -0.980957 0.000000 0.000000 0.000000 4228.000000
1 2 3 4 5 -0.182927 1.951220 0.365854 -0.006348 -0.082031 -0.988770 17.400000 -72.000000 51.000000 6827.000000
1 2 3 4 5 -0.060976 2.012195 0.304878 -0.006836 -0.081543 -0.977539 0.000000 0.000000 0.000000 4662.000000
1 2 3 4 5 -0.060976 2.073171 0.304878 -0.017578 -0.073242 -0.982422 0.000000 0.000000 0.000000 3748.000000
1 2 3 4 5 -0.060976 1.890244 0.304878 -0.009766 -0.077148 -1.000977 16.800000 -73.200000 54.000000 4115.000000
1 2 3 4 5 -0.060976 1.951220 0.365854 -0.014160 -0.077148 -0.978027 0.000000 0.000000 0.000000 4712.000000
1 2 3 4 5 -0.121951 1.951220 0.304878 -0.010742 -0.079590 -0.970215 0.000000 0.000000 0.000000 2517.000000
1 2 3 4 5 -0.060976 2.012195 0.365854 -0.002930 -0.080078 -0.977539 15.000000 -74.400000 54.000000 2212.000000
1 2 3 4 5 -0.182927 2.073171 0.426829 -0.010254 -0.082520 -0.991699 0.000000 0.000000 0.000000 1501.000000
1 2 3 4 5 -0.060976 1.951220 0.365854 -0.013184 -0.072754 -0.993652 0.000000 0.000000 0.000000 798.000000
1 2 3 4 5 -0.121951 2.012195 0.365854 -0.013184 -0.073242 -0.983398 16.200000 -75.000000 53.400000 1067.000000
1 2 3 4 5 -0.060976 2.073171 0.365854 0.011230 -0.080078 -0.975098 0.000000 0.000000 0.000000 1179.000000
1 2 3 4 5 -0.182927 1.890244 0.243902 -0.004395 -0.078613 -0.980469 0.000000 0.000000 0.000000 1828.000000
1 2 3 4 5 -0.121951 1.951220 0.426829 -0.011230 -0.077637 -0.968262 18.000000 -73.800000 52.800000 2268.000000
1 2 3 4 5 -0.121951 1.951220 0.365854 -0.017578 -0.072754 -0.975098 0.000000 0.000000 0.000000 1879.000000
1 2 3 4 5 -0.121951 2.073171 0.487805 -0.009766 -0.078125 -0.975098 0.000000 0.000000 0.000000 1061.000000
1 2 3 4 5 -0.060976 2.012195 0.304878 -0.011230 -0.074219 -0.984375 19.200000 -77.400000 51.600000 899.000000
1 2 3 4 5 -0.121951 1.951220 0.426829 -0.010742 -0.090820 -0.981934 0.000000 0.000000 0.000000 2475.000000
1 2 3 4 5 -0.121951 2.012195 0.365854 -0.013672 -0.073730 -0.983398 0.000000 0.000000 0.000000 2362.000000
1 2 3 4 5 -0.182927 1.890244 0.426829 -0.008301 -0.071777 -0.971680 17.400000 -72.000000 54.600000 3033.000000
1 2 3 4 5 -0.121951 2.012195 0.426829 -0.012695 -0.073242 -0.973633 0.000000 0.000000 0.000000 3164.000000
1 2 3 4 5 -0.121951 1.951220 0.365854 -0.005371 -0.078125 -0.967773 0.000000 0.000000 0.000000 2858.000000
1 2 3 4 5 -0.060976 2.073171 0.304878 -0.010254 -0.077148 -0.975586 16.800000 -75.600000 52.800000 3240.000000
1 2 3 4 5 -0.182927 1.951220 0.426829 -0.005371 -0.074219 -0.972656 0.000000 0.000000 0.000000 1811.000000
1 2 3 4 5 -0.060976 1.951220 0.365854 -0.007813 -0.083496 -0.983398 0.000000 0.000000 0.000000 1222.000000
1 2 3 4 5 -0.182927 2.012195 0.426829 -0.006348 -0.073730 -0.987305 19.800000 -68.400000 52.800000 428.000000
1 2 3 4 5 -0.060976 1.951220 0.365854 -0.006836 -0.085449 -0.983398 0.000000 0.000000 0.000000 1241.000000
1 2 3 4 5 -0.121951 1.951220 0.304878 -0.012207 -0.076660 -0.982422 0.000000 0.000000 0.000000 3421.000000
1 2 3 4 5 -0.060976 2.012195 0.426829 -0.007324 -0.078125 -0.970215 16.800000 -72.000000 54.600000 5850.000000
1 2 3 4 5 -0.060976 1.890244 0.365854 -0.010742 -0.080566 -0.977539 0.000000 0.000000 0.000000 2255.000000
1 2 3 4 5 -0.121951 1.890244 0.365854 -0.005859 -0.082031 -0.967285 0.000000 0.000000 0.000000 1844.000000
1 2 3 4 5 -0.182927 2.012195 0.304878 -0.009766 -0.081543 -0.979004 15.000000 -75.000000 51.000000 1383.000000
1 2 3 4 5 -0.121951 2.012195 0.426829 0.000488 -0.071289 -0.979004 0.000000 0.000000 0.000000 1462.000000
1 2 3 4 5 -0.121951 2.012195 0.426829 -0.001465 -0.077637 -0.971680 0.000000 0.000000 0.000000 1593.000000
1 2 3 4 5 -0.121951 2.012195 0.426829 -0.003418 -0.078613 -0.969727 14.400000 -72.600000 53.400000 1548.000000
1 2 3 4 5 -0.121951 2.012195 0.304878 0.001953 -0.078613 -0.966797 0.000000 0.000000 0.000000 1098.000000
1 2 3 4 5 -0.060976 2.073171 0.304878 -0.012207 -0.081055 -0.979492 0.000000 0.000000 0.000000 1131.000000
1 2 3 4 5 -0.000000 2.073171 0.365854 -0.003418 -0.079590 -0.969238 19.800000 -74.400000 54.600000 1147.000000
1 2 3 4 5 -0.060976 2.012195 0.365854 0.001953 -0.074219 -0.973633 0.000000 0.000000 0.000000 968.000000
1 2 3 4 5 -0.060976 2.012195 0.365854 -0.004395 -0.071289 -0.984375 0.000000 0.000000 0.000000 518.000000
1 2 3 4 5 -0.060976 1.951220 0.365854 -0.011230 -0.070801 -0.976563 18.600000 -73.200000 55.200000 375.000000
1 2 3 4 5 -0.121951 2.012195 0.426829 0.000488 -0.078613 -0.986328 0.000000 0.000000 0.000000 2479.000000
1 2 3 4 5 -0.121951 2.073171 0.365854 -0.005859 -0.087891 -0.972656 0.000000 0.000000 0.000000 2888.000000
1 2 3 4 5 -0.182927 2.012195 0.365854 0.000488 -0.078125 -0.990723 17.400000 -74.400000 52.200000 3283.000000
1 2 3 4 5 -0.182927 1.951220 0.426829 -0.000488 -0.073242 -0.987793 0.000000 0.000000 0.000000 1956.000000
1 2 3 4 5 -0.182927 1.951220 0.365854 -0.007813 -0.073242 -0.995117 0.000000 0.000000 0.000000 2100.000000
1 2 3 4 5 -0.060976 2.012195 0.365854 -0.001465 -0.066895 -0.972168 17.400000 -72.600000 53.400000 2322.000000
1 2 3 4 5 -0.060976 2.073171 0.365854 -0.001953 -0.072266 -0.993164 0.000000 0.000000 0.000000 3172.000000
1 2 3 4 5 -0.060976 2.012195 0.426829 -0.004883 -0.074707 -0.976074 0.000000 0.000000 0.000000 3865.000000
1 2 3 4 5 -0.000000 1.951220 0.304878 -0.011719 -0.078125 -0.971191 16.200000 -72.600000 52.800000 1962.000000
1 2 3 4 5 -0.121951 2.012195 0.365854 -0.015137 -0.079590 -0.969727 0.000000 0.000000 0.000000 2137.000000
1 2 3 4 5 -0.121951 2.012195 0.426829 -0.006348 -0.076660 -0.985352 0.000000 0.000000 0.000000 2199.000000
1 2 3 4 5 -0.060976 1.951220 0.365854 -0.004395 -0.077637 -0.971191 16.800000 -76.800000 54.000000 2069.000000
1 2 3 4 5 -0.000000 1.890244 0.426829 -0.002441 -0.077637 -0.978516 0.000000 0.000000 0.000000 2664.000000
1 2 3 4 5 -0.182927 2.012195 0.426829 -0.012207 -0.076660 -0.995605 0.000000 0.000000 0.000000 2022.000000
1 2 3 4 5 -0.121951 2.012195 0.426829 -0.012695 -0.074707 -0.970703 13.200000 -70.800000 53.400000 2100.000000
1 2 3 4 5 -0.182927 2.012195 0.365854 -0.014648 -0.077148 -0.982910 0.000000 0.000000 0.000000 2824.000000
1 2 3 4 5 -0.182927 2.012195 0.365854 -0.014648 -0.081055 -0.982422 0.000000 0.000000 0.000000 3104.000000
1 2 3 4 5 -0.000000 1.951220 0.365854 -0.001465 -0.078125 -0.983398 13.200000 -70.800000 52.800000 3434.000000
1 2 3 4 5 -0.121951 2.012195 0.365854 -0.015625 -0.076660 -0.972656 0.000000 0.000000 0.000000 3880.000000
1 2 3 4 5 -0.000000 2.073171 0.304878 -0.014160 -0.074707 -0.993652 0.000000 0.000000 0.000000 3406.000000
1 2 3 4 5 -0.060976 1.951220 0.426829 -0.011230 -0.080078 -0.977051 18.000000 -73.800000 51.000000 2006.000000
1 2 3 4 5 -0.121951 2.073171 0.365854 -0.002930 -0.073242 -0.997559 0.000000 0.000000 0.000000 1708.000000
1 2 3 4 5 -0.060976 2.012195 0.426829 -0.006348 -0.082031 -0.982910 0.000000 0.000000 0.000000 1321.000000
1 2 3 4 5 -0.060976 2.073171 0.304878 -0.007813 -0.075684 -0.984375 17.400000 -73.800000 56.400000 605.000000
1 2 3 4 5 -0.182927 1.951220 0.365854 -0.002441 -0.074707 -0.980469 0.000000 0.000000 0.000000 1724.000000
1 2 3 4 5 -0.060976 1.951220 0.426829 -0.007813 -0.077637 -0.985352 0.000000 0.000000 0.000000 1668.000000
1 2 3 4 5 -0.060976 1.951220 0.365854 -0.008301 -0.078125 -0.971680 13.200000 -74.400000 51.000000 2021.000000
1 2 3 4 5 -0.182927 2.012195 0.426829 -0.013672 -0.074707 -0.978516 0.000000 0.000000 0.000000 2158.000000
1 2 3 4 5 -0.121951 2.012195 0.304878 -0.009766 -0.082520 -0.980957 0.000000 0.000000 0.000000 1954.000000
1 2 3 4 5 -0.121951 2.012195 0.426829 -0.010742 -0.079590 -0.982422 16.200000 -76.200000 56.400000 2747.000000
1 2 3 4 5 -0.121951 1.951220 0.426829 -0.016113 -0.069824 -0.978027 0.000000 0.000000 0.000000 1182.000000
1 2 3 4 5 -0.243902 1.890244 0.365854 -0.020020 -0.081543 -0.980469 0.000000 0.000000 0.000000 1309.000000
1 2 3 4 5 -0.243902 2.012195 0.365854 -0.011230 -0.079590 -0.968262 16.800000 -74.400000 56.400000 1082.000000
1 2 3 4 5 -0.000000 1.951220 0.304878 -0.011719 -0.085449 -0.962402 0.000000 0.000000 0.000000 1342.000000
1 2 3 4 5 -0.060976 1.951220 0.487805 -0.010254 -0.078125 -0.982422 0.000000 0.000000 0.000000 835.000000
1 2 3 4 5 -0.121951 2.012195 0.365854 -0.008789 -0.078125 -0.982910 18.600000 -74.400000 54.600000 1191.000000
1 2 3 4 5 -0.060976 2.073171 0.426829 -0.007324 -0.078613 -0.973145 0.000000 0.000000 0.000000 705.000000
1 2 3 4 5 -0.182927 1.951220 0.426829 -0.009766 -0.070313 -0.968262 0.000000 0.000000 0.000000 920.000000
1 2 3 4 5 -0.060976 1.951220 0.365854 -0.006836 -0.078125 -0.985352 15.000000 -74.400000 52.800000 484.000000
1 2 3 4 5 -0.060976 2.012195 0.365854 -0.004395 -0.074707 -0.967773 0.000000 0.000000 0.000000 574.000000
1 2 3 4 5 -0.121951 1.890244 0.365854 -0.010742 -0.087402 -0.982910 0.000000 0.000000 0.000000 354.000000
1 2 3 4 5 -0.121951 2.073171 0.487805 -0.012207 -0.074219 -0.970215 14.400000 -68.400000 53.400000 350.000000
1 2 3 4 5 -0.000000 1.951220 0.365854 -0.004883 -0.073242 -0.977051 0.000000 0.000000 0.000000 500.000000
1 2 3 4 5 -0.121951 1.951220 0.365854 -0.015137 -0.080566 -0.989258 0.000000 0.000000 0.000000 375.000000
1 2 3 4 5 -0.060976 2.012195 0.426829 -0.010742 -0.078125 -0.979004 13.200000 -74.400000 55.200000 398.000000
1 2 3 4 5 -0.182927 2.012195 0.426829 -0.007324 -0.077148 -0.977051 0.000000 0.000000 0.000000 366.000000
1 2 3 4 5 -0.060976 1.951220 0.365854 -0.005371 -0.076660 -0.974121 0.000000 0.000000 0.000000 919.000000
1 2 3 4 5 -0.182927 2.012195 0.426829 -0.010254 -0.071777 -0.982422 15.000000 -76.200000 55.200000 1838.000000
1 2 3 4 5 -0.121951 2.012195 0.426829 -0.005371 -0.070801 -0.969238 0.000000 0.000000 0.000000 3169.000000
1 2 3 4 5 -0.000000 1.890244 0.365854 -0.011719 -0.070313 -0.980957 0.000000 0.000000 0.000000 1241.000000
1 2 3 4 5 -0.121951 1.951220 0.426829 -0.003906 -0.084961 -0.984375 14.400000 -73.800000 53.400000 1350.000000
1 2 3 4 5 -0.121951 1.951220 0.365854 -0.012695 -0.072266 -0.979492 0.000000 0.000000 0.000000 855.000000
1 2 3 4 5 -0.000000 1.890244 0.426829 -0.008789 -0.082520 -0.987305 0.000000 0.000000 0.000000 1627.000000
1 2 3 4 5 -0.121951 1.951220 0.365854 -0.016602 -0.075195 -0.962402 18.000000 -75.000000 52.800000 2602.000000
1 2 3 4 5 -0.182927 2.012195 0.365854 -0.000977 -0.074707 -0.981934 0.000000 0.000000 0.000000 3213.000000
1 2 3 4 5 -0.060976 1.890244 0.365854 -0.007813 -0.078613 -1.008301 0.000000 0.000000 0.000000 2329.000000
1 2 3 4 5 -0.060976 2.012195 0.365854 -0.007324 -0.078125 -0.982422 15.600000 -75.600000 52.200000 3734.000000
1 2 3 4 5 -0.182927 2.012195 0.304878 -0.003418 -0.078125 -0.969238 0.000000 0.000000 0.000000 4797.000000
1 2 3 4 5 0.060976 2.073171 0.426829 -0.008301 -0.085449 -0.991699 0.000000 0.000000 0.000000 9905.000000
1 2 3 4 5 -0.182927 2.012195 0.426829 -0.008789 -0.081055 -0.983887 17.400000 -68.400000 55.200000 10291.000000
1 2 3 4 5 -0.060976 1.951220 0.365854 -0.013184 -0.078613 -0.973633 0.000000 0.000000 0.000000 8292.000000
1 2 3 4 5 -0.060976 1.951220 0.365854 -0.007813 -0.073730 -0.977539 0.000000 0.000000 0.000000 5717.000000
1 2 3 4 5 -0.121951 2.012195 0.426829 -0.007813 -0.079590 -0.978027 15.000000 -76.200000 54.000000 3022.000000
1 2 3 4 5 -0.182927 2.073171 0.365854 -0.002930 -0.076660 -0.979492 0.000000 0.000000 0.000000 4799.000000
1 2 3 4 5 -0.121951 2.012195 0.365854 -0.006836 -0.077637 -0.974121 0.000000 0.000000 0.000000 5542.000000
1 2 3 4 5 -0.121951 1.951220 0.304878 -0.012207 -0.081055 -0.983398 16.800000 -73.200000 53.400000 3016.000000
1 2 3 4 5 -0.060976 2.073171 0.365854 -0.000977 -0.074219 -0.966797 0.000000 0.000000 0.000000 2426.000000
1 2 3 4 5 -0.121951 1.951220 0.365854 -0.008789 -0.080566 -0.975586 0.000000 0.000000 0.000000 2494.000000
1 2 3 4 5 -0.182927 2.012195 0.426829 -0.004395 -0.078613 -0.971680 14.400000 -72.600000 50.400000 2900.000000
1 2 3 4 5 -0.182927 2.134146 0.365854 -0.005859 -0.073730 -0.981934 0.000000 0.000000 0.000000 2562.000000
1 2 3 4 5 -0.182927 1.951220 0.365854 -0.010254 -0.071289 -0.977539 0.000000 0.000000 0.000000 1773.000000
1 2 3 4 5 -0.182927 2.012195 0.365854 -0.011230 -0.074219 -0.990723 16.800000 -72.000000 53.400000 1876.000000
1 2 3 4 5 -0.121951 2.073171 0.426829 -0.003906 -0.079590 -0.977539 0.000000 0.000000 0.000000 1219.000000
1 2 3 4 5 -0.121951 1.951220 0.426829 -0.008301 -0.075195 -0.983887 0.000000 0.000000 0.000000 1625.000000
1 2 3 4 5 -0.000000 2.012195 0.426829 -0.006836 -0.082520 -0.986816 18.000000 -75.000000 56.400000 1170.000000
1 2 3 4 5 -0.121951 1.951220 0.487805 -0.012695 -0.080078 -0.974121 0.000000 0.000000 0.000000 1152.000000
1 2 3 4 5 -0.060976 1.890244 0.365854 -0.012207 -0.071289 -0.970215 0.000000 0.000000 0.000000 1604.000000
1 2 3 4 5 -0.121951 2.012195 0.426829 -0.008789 -0.080566 -0.973145 18.000000 -73.800000 53.400000 1555.000000
1 2 3 4 5 -0.182927 2.012195 0.365854 0.001953 -0.079590 -0.996094 0.000000 0.000000 0.000000 2043.000000
1 2 3 4 5 -0.060976 1.951220 0.426829 -0.001953 -0.080566 -0.984375 0.000000 0.000000 0.000000 1024.000000
1 2 3 4 5 -0.060976 2.073171 0.426829 -0.001953 -0.079102 -0.973633 13.800000 -72.000000 52.200000 800.000000
1 2 3 4 5 -0.000000 2.012195 0.304878 -0.005859 -0.073730 -0.985352 0.000000 0.000000 0.000000 442.000000
1 2 3 4 5 -0.060976 2.012195 0.365854 -0.011230 -0.087891 -0.982422 0.000000 0.000000 0.000000 562.000000
1 2 3 4 5 -0.060976 2.012195 0.426829 -0.001465 -0.065918 -0.979004 15.000000 -72.000000 54.600000 553.000000
1 2 3 4 5 -0.121951 1.951220 0.426829 -0.010254 -0.083496 -0.977539 0.000000 0.000000 0.000000 921.000000
1 2 3 4 5 -0.182927 2.073171 0.426829 -0.003906 -0.071777 -0.981934 0.000000 0.000000 0.000000 326.000000
1 2 3 4 5 -0.243902 1.829268 0.426829 -0.005859 -0.082031 -0.986328 16.200000 -67.200000 51.000000 762.000000
1 2 3 4 5 -0.000000 2.012195 0.365854 -0.007813 -0.074219 -0.973633 0.000000 0.000000 0.000000 1124.000000
1 2 3 4 5 -0.182927 1.951220 0.365854 -0.008789 -0.071289 -0.972656 0.000000 0.000000 0.000000 898.000000
1 2 3 4 5 -0.060976 2.012195 0.426829 -0.003418 -0.079102 -0.981445 17.400000 -76.200000 54.000000 1704.000000
1 2 3 4 5 -0.121951 2.012195 0.365854 -0.012695 -0.072754 -0.983887 0.000000 0.000000 0.000000 2145.000000
1 2 3 4 5 -0.121951 2.012195 0.365854 -0.006348 -0.072754 -0.981445 0.000000 0.000000 0.000000 2416.000000
1 2 3 4 5 -0.182927 2.012195 0.365854 -0.011719 -0.084961 -0.977051 16.800000 -79.800000 52.800000 1595.000000
1 2 3 4 5 -0.121951 2.012195 0.365854 -0.005371 -0.083984 -0.981934 0.000000 0.000000 0.000000 1279.000000
1 2 3 4 5 -0.182927 2.012195 0.243902 -0.008789 -0.074219 -0.975586 0.000000 0.000000 0.000000 1548.000000
1 2 3 4 5 -0.121951 1.829268 0.426829 -0.011719 -0.072266 -0.990723 17.400000 -70.200000 53.400000 3035.000000
1 2 3 4 5 -0.182927 2.012195 0.365854 -0.001465 -0.081543 -0.979492 0.000000 0.000000 0.000000 2053.000000
1 2 3 4 5 -0.000000 1.951220 0.487805 0.000977 -0.082520 -0.976074 0.000000 0.000000 0.000000 1428.000000
1 2 3 4 5 0.182927 0.975610 3.109756 0.039063 0.162598 -1.324707 15.000000 -73.800000 55.800000 2681.000000
1 2 3 4 5 3.841463 -15.000000 5.975610 0.010742 -0.027344 -0.821777 0.000000 0.000000 0.000000 1805.000000
1 2 3 4 5 4.939024 -44.695122 5.853659 0.037109 0.292480 -1.629395 0.000000 0.000000 0.000000 1726.000000
1 2 3 4 5 -8.170732 -83.170732 -7.195122 0.031250 -0.089355 -1.426758 14.400000 -69.600000 53.400000 2999.000000
1 2 3 4 5 -33.170732 -103.963415 -3.414634 -0.000977 -0.186035 -1.186523 0.000000 0.000000 0.000000 2788.000000
1 2 3 4 5 -77.256098 -111.768293 -4.207317 -0.207031 0.006348 -1.089355 0.000000 0.000000 0.000000 2202.000000
1 2 3 4 5 -112.560976 -113.719512 -14.817073 -0.347656 0.198242 -1.116211 21.600000 -73.200000 54.600000 1216.000000
1 2 3 4 5 -162.743902 -122.500000 -27.378049 -0.332031 0.195801 -1.172363 0.000000 0.000000 0.000000 728.000000
1 2 3 4 5 -190.060976 -110.426829 -38.658537 -0.548340 0.291992 -0.652832 0.000000 0.000000 0.000000 3247.000000
1 2 3 4 5 -118.292683 -74.695122 -49.512195 -0.474609 0.297852 -0.793945 29.400000 -79.200000 61.200000 3593.000000
1 2 3 4 5 -112.682927 -65.426829 -50.121951 -0.370605 0.231445 -0.809082 0.000000 0.000000 0.000000 2291.000000
1 2 3 4 5 -191.219512 -56.219512 -61.280488 -0.057617 0.163574 -0.881348 0.000000 0.000000 0.000000 3220.000000
1 2 3 4 5 -235.975610 -41.646341 -98.719512 -0.479980 0.679688 -0.811035 37.200000 -93.000000 66.000000 4111.000000
1 2 3 4 5 -179.024390 -13.414634 -143.475610 -0.432617 0.410156 -0.868652 0.000000 0.000000 0.000000 4475.000000
1 2 3 4 5 -154.756098 4.878049 -152.195122 -0.542969 0.071777 -0.651855 0.000000 0.000000 0.000000 4971.000000
1 2 3 4 5 -152.134146 37.500000 -133.902439 -0.358887 0.828613 -0.251465 42.600000 -94.800000 75.000000 5552.000000
1 2 3 4 5 -93.414634 76.707317 -127.865854 -0.301270 -0.439941 -0.701172 0.000000 0.000000 0.000000 4545.000000
1 2 3 4 5 -48.109756 55.487805 -42.926829 -0.458496 0.171387 -0.989746 0.000000 0.000000 0.000000 1538.000000
1 2 3 4 5 -79.146341 9.878049 12.682927 -0.477539 0.487793 -0.692383 47.400000 -82.800000 79.200000 1171.000000
1 2 3 4 5 -132.378049 8.597561 22.804878 -0.298340 0.759766 -0.432617 0.000000 0.000000 0.000000 821.000000
1 2 3 4 5 -92.195122 19.207317 -4.268293 -0.286133 0.697266 -0.773438 0.000000 0.000000 0.000000 797.000000
1 2 3 4 5 7.317073 2.378049 -28.841463 -0.208496 0.738281 -0.710449 49.200000 -73.800000 76.200000 5371.000000
1 2 3 4 5 6.951220 -18.902439 -62.378049 -0.387207 0.682129 -0.593262 0.000000 0.000000 0.000000 6062.000000
1 2 3 4 5 -60.914634 -32.195122 -67.560976 -0.433594 0.228516 -0.497070 0.000000 0.000000 0.000000 2674.000000
1 2 3 4 5 -90.975610 -23.231707 -47.865854 -0.461914 0.323730 -0.520020 47.400000 -75.600000 78.600000 3383.000000
1 2 3 4 5 -153.780488 -8.475610 -40.975610 -0.343262 0.280762 -0.392578 0.000000 0.000000 0.000000 2750.000000
1 2 3 4 5 -158.231707 6.524390 -14.268293 -0.589844 0.214355 -0.724609 0.000000 0.000000 0.000000 2834.000000
1 2 3 4 5 -118.780488 -12.012195 18.292683 -0.535645 0.305664 -0.534668 47.400000 -74.400000 80.400000 2247.000000
1 2 3 4 5 -113.109756 -25.121951 49.878049 -0.505371 0.505859 -0.375488 0.000000 0.000000 0.000000 1095.000000
1 2 3 4 5 -142.195122 -20.426829 59.756098 -0.582520 0.636719 -0.321777 0.000000 0.000000 0.000000 1360.000000
1 2 3 4 5 -131.341463 -4.817073 48.414634 -0.593262 0.830078 -0.385742 49.800000 -72.000000 81.000000 1201.000000
1 2 3 4 5 -97.073171 -3.414634 10.182927 -0.626465 1.091309 -0.316895 0.000000 0.000000 0.000000 916.000000
1 2 3 4 5 -63.597561 -0.853659 -19.695122 -0.513184 0.873535 -0.305176 0.000000 0.000000 0.000000 1442.000000
1 2 3 4 5 -83.109756 3.170732 -33.231707 -0.625977 0.718262 -0.298828 53.400000 -83.400000 86.400000 3721.000000
1 2 3 4 5 -109.878049 8.841463 -24.878049 -0.551758 0.600586 -0.250488 0.000000 0.000000 0.000000 3043.000000
1 2 3 4 5 -102.195122 22.987805 -5.609756 -0.470703 0.758301 -0.128906 0.000000 0.000000 0.000000 2050.000000
1 2 3 4 5 -91.097561 21.158537 -4.451220 -0.419434 0.806152 -0.239258 49.200000 -79.200000 85.200000 1507.000000
1 2 3 4 5 -53.597561 12.743902 -22.926829 -0.594238 1.013184 -0.030273 0.000000 0.000000 0.000000 1811.000000
1 2 3 4 5 -78.597561 15.426829 -59.146341 -0.413086 0.771484 -0.004395 0.000000 0.000000 0.000000 1456.000000
1 2 3 4 5 -56.036585 2.621951 -65.853659 -0.467773 1.152832 -0.498047 53.400000 -83.400000 89.400000 1083.000000
1 2 3 4 5 -110.548780 -6.768293 -56.219512 -0.484375 0.569824 -0.008301 0.000000 0.000000 0.000000 1124.000000
1 2 3 4 5 -147.865854 3.536585 -41.219512 -0.565918 0.802246 0.061523 0.000000 0.000000 0.000000 850.000000
1 2 3 4 5 -138.414634 11.951220 -52.621951 -0.688965 0.928223 0.214844 52.800000 -81.600000 88.800000 612.000000
1 2 3 4 5 -106.707317 36.585366 -94.268293 -0.722656 0.950684 0.252441 0.000000 0.000000 0.000000 581.000000
1 2 3 4 5 -67.012195 55.731707 -126.890244 -0.748047 0.676270 0.108398 0.000000 0.000000 0.000000 339.000000
1 2 3 4 5 -57.073171 58.231707 -117.378049 -0.762695 0.553711 0.045898 53.400000 -76.800000 87.600000 894.000000
1 2 3 4 5 -73.475610 58.109756 -101.585366 -0.811523 0.621582 0.022949 0.000000 0.000000 0.000000 613.000000
1 2 3 4 5 -111.402439 55.853659 -102.317073 -0.771973 0.780273 0.031250 0.000000 0.000000 0.000000 1577.000000
1 2 3 4 5 -101.097561 54.390244 -101.402439 -0.822266 0.614258 0.015625 55.800000 -63.000000 88.200000 -49.000000
1 2 3 4 5 -72.560976 52.500000 -100.792683 -0.869141 0.650391 -0.058594 0.000000 0.000000 0.000000 1851.000000
1 2 3 4 5 -60.121951 50.792683 -121.585366 -0.894531 0.644043 -0.025391 0.000000 0.000000 0.000000 487.000000
1 2 3 4 5 -77.256098 57.743902 -142.378049 -0.920410 0.549316 -0.049316 48.600000 -52.200000 86.400000 1265.000000
1 2 3 4 5 -65.975610 65.609756 -161.524390 -0.915527 0.505859 -0.056641 0.000000 0.000000 0.000000 533.000000
1 2 3 4 5 -60.487805 65.548780 -170.304878 -0.860352 0.327148 -0.129395 0.000000 0.000000 0.000000 1044.000000
1 2 3 4 5 -62.621951 49.207317 -179.207317 -0.891602 0.231445 -0.242676 43.200000 -42.600000 79.800000 910.000000
1 2 3 4 5 -71.158537 21.585366 -172.195122 -0.875000 0.111816 -0.198242 0.000000 0.000000 0.000000 366.000000
1 2 3 4 5 -53.109756 10.609756 -163.719512 -0.956055 0.127441 -0.081055 0.000000 0.000000 0.000000 469.000000
1 2 3 4 5 -51.097561 7.682927 -169.024390 -0.908203 -0.092285 -0.187012 32.400000 -19.800000 73.200000 858.000000
1 2 3 4 5 -44.329268 -3.658537 -154.695122 -0.912109 -0.217285 -0.271973 0.000000 0.000000 0.000000 653.000000
1 2 3 4 5 -40.670732 -14.390244 -140.243902 -0.959473 -0.236816 -0.154785 0.000000 0.000000 0.000000 1319.000000
1 2 3 4 5 -33.353659 -10.121951 -134.573171 -1.004395 -0.284180 -0.089844 27.600000 -13.200000 72.000000 -46.000000
1 2 3 4 5 -22.195122 1.768293 -129.451220 -0.873047 -0.349609 -0.058105 0.000000 0.000000 0.000000 655.000000
1 2 3 4 5 2.378049 14.695122 -122.987805 -0.733887 -0.437500 -0.129883 0.000000 0.000000 0.000000 149.000000
1 2 3 4 5 4.939024 17.195122 -137.195122 -0.707031 -0.396973 -0.147461 18.600000 -3.000000 70.800000 924.000000
1 2 3 4 5 6.890244 10.304878 -181.158537 -0.805176 -0.540039 -0.233398 0.000000 0.000000 0.000000 852.000000
1 2 3 4 5 -31.463415 16.768293 -170.182927 -2.091797 -0.130859 1.434570 0.000000 0.000000 0.000000 2309.000000
1 2 3 4 5 92.012195 142.073171 130.548780 -4.612793 -1.494141 3.108887 9.000000 11.400000 69.600000 4252.000000
1 2 3 4 5 469.146341 187.073171 1002.926829 -1.601074 -6.341309 2.613770 0.000000 0.000000 0.000000 982.000000
1 2 3 4 5 506.829268 306.097561 1795.060976 -1.398438 -3.907227 1.326172 0.000000 0.000000 0.000000 4780.000000
1 2 3 4 5 1314.939024 417.256098 1581.585366 -1.723633 -5.039063 1.165039 -4.800000 21.000000 69.000000 -165.000000
1 2 3 4 5 908.536585 210.304878 1267.621951 2.689453 -5.414551 -3.343750 0.000000 0.000000 0.000000 -2784.000000
1 2 3 4 5 238.353659 -292.134146 788.536585 1.788086 -1.265625 0.703613 0.000000 0.000000 0.000000 21210.000000
1 2 3 4 5 110.121951 -194.878049 120.731707 -0.891113 -2.006348 -0.866699 30.000000 -20.400000 75.000000 20709.000000
1 2 3 4 5 -184.939024 -81.463415 -129.390244 -0.995605 -2.025391 -1.538086 0.000000 0.000000 0.000000 10308.000000
1 2 3 4 5 -291.341463 19.634146 -80.121951 -0.011719 0.122559 -1.000488 0.000000 0.000000 0.000000 12806.000000
1 2 3 4 5 -160.670732 59.085366 -75.182927 0.312500 1.082031 -1.424805 26.400000 -87.000000 64.800000 353.000000
1 2 3 4 5 -9.512195 -5.060976 -69.329268 0.223145 0.301758 -1.406738 0.000000 0.000000 0.000000 433.000000
1 2 3 4 5 15.426829 -23.902439 2.682927 -0.050293 0.197754 -1.150879 0.000000 0.000000 0.000000 1258.000000
1 2 3 4 5 -29.878049 -0.365854 32.134146 -0.194336 0.357422 -1.065918 32.400000 -87.600000 72.600000 210.000000
1 2 3 4 5 -57.926829 30.914634 -1.463415 -0.136230 0.563965 -1.002930 0.000000 0.000000 0.000000 214.000000
1 2 3 4 5 -4.329268 29.207317 -42.073171 -0.029785 0.207031 -1.230957 0.000000 0.000000 0.000000 -373.000000
1 2 3 4 5 7.621951 -1.463415 -43.597561 -0.039551 0.138184 -1.128906 34.800000 -85.200000 75.600000 577.000000
1 2 3 4 5 -15.487805 -11.951220 -32.926829 -0.084961 0.172852 -0.857910 0.000000 0.000000 0.000000 626.000000
1 2 3 4 5 -27.439024 9.207317 -26.280488 -0.102539 0.267578 -0.852539 0.000000 0.000000 0.000000 787.000000
1 2 3 4 5 2.378049 1.890244 -46.402439 -0.080078 0.334961 -1.202148 34.200000 -92.400000 70.200000 650.000000
1 2 3 4 5 -0.365854 -30.609756 -74.329268 -0.190918 0.111816 -1.194824 0.000000 0.000000 0.000000 645.000000
1 2 3 4 5 -32.682927 -23.597561 -77.195122 -0.256348 0.107422 -0.692383 0.000000 0.000000 0.000000 523.000000
1 2 3 4 5 -2.012195 9.634146 -62.134146 -0.168945 0.089844 -0.715820 34.200000 -82.800000 71.400000 634.000000
1 2 3 4 5 37.195122 3.597561 -60.182927 -0.029785 0.257813 -1.004395 0.000000 0.000000 0.000000 734.000000
1 2 3 4 5 -18.902439 -30.731707 -73.353659 -0.131836 0.239746 -0.915039 0.000000 0.000000 0.000000 784.000000
1 2 3 4 5 -65.731707 -41.158537 -71.341463 -0.231934 0.005859 -0.737793 33.000000 -87.000000 72.600000 1052.000000
1 2 3 4 5 -86.158537 -24.329268 -52.317073 -0.255371 0.166504 -0.652344 0.000000 0.000000 0.000000 711.000000
1 2 3 4 5 -123.841463 -18.536585 -49.451220 -0.262207 0.421387 -0.788086 0.000000 0.000000 0.000000 -146.000000
1 2 3 4 5 -109.024390 -26.341463 -64.085366 -0.303223 0.469238 -0.734863 38.400000 -76.800000 71.400000 883.000000
1 2 3 4 5 -21.524390 -24.878049 -74.329268 -0.357422 0.394043 -0.850586 0.000000 0.000000 0.000000 1700.000000
1 2 3 4 5 51.097561 -34.085366 -79.695122 -0.359863 0.429688 -0.888184 0.000000 0.000000 0.000000 -180.000000
1 2 3 4 5 69.207317 -36.341463 -75.000000 -0.426270 0.216797 -0.751953 34.800000 -73.800000 75.000000 838.000000
1 2 3 4 5 96.158537 -29.695122 -55.060976 -0.379395 0.126465 -0.723633 0.000000 0.000000 0.000000 964.000000
1 2 3 4 5 126.707317 -33.902439 -38.475610 -0.395020 0.100098 -1.034180 0.000000 0.000000 0.000000 852.000000
1 2 3 4 5 103.414634 -55.243902 -24.695122 -0.457520 0.249512 -0.923828 40.200000 -75.600000 78.000000 930.000000
1 2 3 4 5 59.024390 -65.304878 -19.268293 -0.515137 0.275391 -0.676270 0.000000 0.000000 0.000000 149.000000
1 2 3 4 5 46.158537 -52.987805 -17.865854 -0.462891 0.182129 -0.614746 0.000000 0.000000 0.000000 379.000000
1 2 3 4 5 21.280488 -52.987805 -19.329268 -0.477051 0.318848 -0.993652 41.400000 -64.200000 78.000000 509.000000
1 2 3 4 5 -21.829268 -56.341463 -25.000000 -0.529297 0.454102 -0.636230 0.000000 0.000000 0.000000 368.000000
1 2 3 4 5 -24.451220 -33.170732 -25.731707 -0.524902 0.212891 -0.381348 0.000000 0.000000 0.000000 836.000000
1 2 3 4 5 30.487805 -19.634146 -9.146341 -0.499512 0.049316 -1.192871 43.200000 -62.400000 79.200000 796.000000
1 2 3 4 5 52.621951 -56.219512 11.585366 -0.556152 0.251953 -1.074219 0.000000 0.000000 0.000000 560.000000
1 2 3 4 5 5.426829 -57.682927 15.000000 -0.579590 0.483398 -0.623535 0.000000 0.000000 0.000000 672.000000
1 2 3 4 5 -16.219512 -20.487805 13.170732 -0.560059 0.310547 -0.503906 41.400000 -61.800000 82.200000 298.000000
1 2 3 4 5 33.780488 9.878049 29.085366 -0.496582 0.077148 -1.050293 0.000000 0.000000 0.000000 -26.000000
1 2 3 4 5 40.304878 -1.890244 51.768293 -0.547363 0.332031 -1.053711 0.000000 0.000000 0.000000 957.000000
1 2 3 4 5 4.390244 -7.926829 58.719512 -0.615234 0.433594 -0.777832 49.200000 -63.000000 81.000000 566.000000
1 2 3 4 5 5.731707 3.902439 58.597561 -0.544922 0.456543 -0.736328 0.000000 0.000000 0.000000 250.000000
1 2 3 4 5 46.646341 11.036585 56.158537 -0.436035 0.293457 -0.949707 0.000000 0.000000 0.000000 345.000000
1 2 3 4 5 66.280488 0.670732 57.926829 -0.344727 0.336914 -0.800293 49.800000 -69.000000 81.600000 815.000000
1 2 3 4 5 63.414634 8.109756 47.256098 -0.435059 0.622559 -0.695801 0.000000 0.000000 0.000000 1186.000000
1 2 3 4 5 58.719512 11.768293 24.207317 -0.505371 0.357910 -0.910645 0.000000 0.000000 0.000000 914.000000
1 2 3 4 5 83.719512 7.073171 30.975610 -0.395020 0.046875 -0.859375 46.800000 -74.400000 82.200000 584.000000
1 2 3 4 5 98.353659 9.817073 44.817073 -0.465820 0.151855 -0.737793 0.000000 0.000000 0.000000 944.000000
1 2 3 4 5 80.792683 15.060976 45.670732 -0.509766 0.222168 -0.684570 0.000000 0.000000 0.000000 400.000000
1 2 3 4 5 52.012195 14.634146 33.048780 -0.547363 0.313965 -0.877930 45.000000 -82.800000 79.800000 680.000000
1 2 3 4 5 32.865854 4.939024 18.536585 -0.435547 0.089844 -0.754883 0.000000 0.000000 0.000000 564.000000
1 2 3 4 5 30.121951 7.743902 13.597561 -0.407715 0.162109 -0.730957 0.000000 0.000000 0.000000 844.000000
1 2 3 4 5 27.012195 6.341463 1.097561 -0.426270 0.237305 -0.895508 46.200000 -77.400000 76.200000 531.000000
1 2 3 4 5 124.207317 169.878049 39.390244 -0.297363 0.111328 -3.704102 0.000000 0.000000 0.000000 13809.000000
1 2 3 4 5 68.658537 42.621951 43.109756 -0.302734 -0.023438 -1.066406 0.000000 0.000000 0.000000 3277.000000
1 2 3 4 5 76.036585 109.573171 4.329268 -0.224609 0.106445 -1.595215 49.800000 -82.200000 76.200000 9137.000000
1 2 3 4 5 41.707317 106.219512 21.341463 -0.169434 -0.029297 -2.232910 0.000000 0.000000 0.000000 6706.000000
1 2 3 4 5 7.743902 81.768293 11.097561 -0.234375 -0.027344 -1.390625 0.000000 0.000000 0.000000 4031.000000
1 2 3 4 5 -17.804878 76.158537 19.085366 -0.429688 0.251465 0.180664 42.000000 -79.800000 70.800000 1588.000000
1 2 3 4 5 1.829268 89.268293 6.524390 -0.152344 0.082031 -1.509766 0.000000 0.000000 0.000000 2392.000000
1 2 3 4 5 25.182927 84.085366 0.182927 -0.239746 -0.176758 -0.773926 0.000000 0.000000 0.000000 2613.000000
1 2 3 4 5 44.451220 91.951220 7.987805 -0.104492 -0.279785 -0.965820 35.400000 -75.600000 66.600000 818.000000
1 2 3 4 5 34.512195 97.743902 19.146341 -0.090332 -0.165039 -0.859375 0.000000 0.000000 0.000000 1354.000000
1 2 3 4 5 10.182927 97.439024 17.012195 -0.085449 0.165039 -1.216309 0.000000 0.000000 0.000000 1026.000000
1 2 3 4 5 -0.060976 79.146341 2.012195 -0.017578 0.163086 -1.229004 30.000000 -72.600000 60.600000 883.000000
1 2 3 4 5 8.109756 69.024390 -8.597561 0.003906 -0.013672 -1.056641 0.000000 0.000000 0.000000 1244.000000
1 2 3 4 5 15.792683 63.841463 -12.378049 -0.018555 0.030273 -1.126465 0.000000 0.000000 0.000000 1119.000000
1 2 3 4 5 -1.890244 56.707317 -15.304878 0.102051 -0.199707 -1.767090 25.800000 -76.800000 59.400000 773.000000
1 2 3 4 5 1.951220 4.146341 -5.914634 0.184570 -0.202637 -0.737305 0.000000 0.000000 0.000000 5040.000000
1 2 3 4 5 0.060976 1.890244 0.548780 -0.034180 -0.135254 -1.052246 0.000000 0.000000 0.000000 1438.000000
1 2 3 4 5 -0.182927 1.951220 0.487805 0.003906 -0.108398 -1.003906 12.600000 -69.600000 55.800000 1608.000000
1 2 3 4 5 -0.060976 2.073171 0.304878 -0.011719 -0.088379 -0.992188 0.000000 0.000000 0.000000 2299.000000
1 2 3 4 5 -0.121951 2.012195 0.426829 -0.019531 -0.035645 -0.940430 0.000000 0.000000 0.000000 2633.000000
1 2 3 4 5 -0.121951 2.012195 0.609756 0.005859 -0.075195 -0.975586 12.600000 -72.600000 53.400000 1773.000000
1 2 3 4 5 -0.243902 1.768293 0.487805 -0.008789 -0.060059 -0.973145 0.000000 0.000000 0.000000 2729.000000
1 2 3 4 5 -0.304878 1.463415 0.243902 0.002441 -0.125000 -0.916504 0.000000 0.000000 0.000000 3066.000000
1 2 3 4 5 -0.000000 2.195122 0.426829 -0.005859 -0.085938 -0.989258 15.000000 -73.800000 52.800000 2342.000000
1 2 3 4 5 0.121951 2.256098 0.365854 -0.005859 -0.090332 -0.994141 0.000000 0.000000 0.000000 977.000000
1 2 3 4 5 -0.121951 1.951220 0.365854 -0.003906 -0.083496 -0.980469 0.000000 0.000000 0.000000 555.000000
1 2 3 4 5 -0.121951 2.012195 0.365854 -0.011230 -0.087891 -0.982910 17.400000 -74.400000 53.400000 613.000000
1 2 3 4 5 -0.121951 2.012195 0.365854 -0.012207 -0.086426 -0.979004 0.000000 0.000000 0.000000 581.000000
1 2 3 4 5 -0.182927 1.890244 0.426829 -0.000977 -0.079590 -0.984375 0.000000 0.000000 0.000000 487.000000
1 2 3 4 5 -0.121951 2.073171 0.365854 -0.000977 -0.080078 -0.981934 17.400000 -76.200000 54.600000 738.000000
1 2 3 4 5 -0.121951 2.012195 0.304878 -0.010254 -0.075195 -0.966797 0.000000 0.000000 0.000000 64.000000
1 2 3 4 5 -0.182927 2.012195 0.426829 -0.010254 -0.075195 -0.980957 0.000000 0.000000 0.000000 1633.000000
1 2 3 4 5 -0.000000 1.829268 0.365854 -0.014648 -0.070801 -0.977539 15.600000 -76.800000 55.200000 2774.000000
1 2 3 4 5 -0.182927 1.890244 0.426829 -0.007324 -0.075195 -0.979004 0.000000 0.000000 0.000000 3657.000000
1 2 3 4 5 -0.121951 1.890244 0.365854 -0.011719 -0.081543 -0.979492 0.000000 0.000000 0.000000 3544.000000
1 2 3 4 5 -0.182927 1.951220 0.365854 -0.003906 -0.071289 -0.983398 15.600000 -78.600000 54.000000 646.000000
1 2 3 4 5 -0.060976 2.012195 0.426829 -0.000977 -0.079102 -0.987305 0.000000 0.000000 0.000000 898.000000
1 2 3 4 5 -0.121951 1.951220 0.304878 -0.010254 -0.075684 -0.992188 0.000000 0.000000 0.000000 1417.000000
1 2 3 4 5 -0.121951 1.951220 0.304878 -0.007813 -0.085449 -0.977539 10.800000 -76.800000 53.400000 1910.000000
1 2 3 4 5 -0.060976 1.890244 0.304878 -0.012207 -0.070801 -0.976074 0.000000 0.000000 0.000000 2488.000000
1 2 3 4 5 -0.182927 1.890244 0.365854 -0.020996 -0.083496 -0.976563 0.000000 0.000000 0.000000 2522.000000
1 2 3 4 5 0.060976 1.951220 0.365854 -0.000977 -0.080566 -0.982422 16.800000 -73.200000 52.200000 2063.000000
1 2 3 4 5 -0.000000 2.012195 0.304878 -0.014648 -0.073730 -0.982910 0.000000 0.000000 0.000000 1872.000000
1 2 3 4 5 -0.121951 1.951220 0.426829 -0.002441 -0.077148 -0.973145 0.000000 0.000000 0.000000 771.000000
1 2 3 4 5 -0.182927 2.012195 0.426829 -0.011719 -0.082031 -0.989746 12.600000 -79.200000 55.800000 3280.000000
1 2 3 4 5 -0.060976 1.890244 0.426829 -0.008301 -0.079590 -0.975098 0.000000 0.000000 0.000000 3171.000000
1 2 3 4 5 -0.060976 2.012195 0.365854 -0.003418 -0.078613 -0.988281 0.000000 0.000000 0.000000 2173.000000
1 2 3 4 5 -0.060976 1.951220 0.365854 -0.005859 -0.078613 -0.975098 19.800000 -78.600000 52.800000 2903.000000
1 2 3 4 5 -0.243902 1.951220 0.365854 -0.008301 -0.077148 -0.983398 0.000000 0.000000 0.000000 2307.000000
1 2 3 4 5 -0.121951 1.951220 0.426829 -0.014160 -0.077148 -0.992188 0.000000 0.000000 0.000000 956.000000
1 2 3 4 5 -0.182927 1.951220 0.365854 -0.014160 -0.078613 -0.988770 16.200000 -75.000000 53.400000 1433.000000
1 2 3 4 5 -0.060976 2.012195 0.304878 -0.004883 -0.074219 -0.974121 0.000000 0.000000 0.000000 1164.000000
1 2 3 4 5 -0.060976 1.951220 0.243902 -0.003906 -0.074219 -0.992676 0.000000 0.000000 0.000000 2087.000000
1 2 3 4 5 -0.000000 1.890244 0.426829 -0.013184 -0.078613 -0.973633 16.200000 -73.800000 52.800000 2376.000000
1 2 3 4 5 -0.060976 2.012195 0.426829 -0.011719 -0.079590 -0.976074 0.000000 0.000000 0.000000 1504.000000
1 2 3 4 5 -0.182927 1.951220 0.487805 -0.008789 -0.073242 -0.989746 0.000000 0.000000 0.000000 2020.000000
1 2 3 4 5 -0.121951 1.951220 0.304878 -0.010742 -0.079590 -0.976074 16.800000 -75.600000 56.400000 51.000000
1 2 3 4 5 -0.121951 1.890244 0.304878 -0.001465 -0.078125 -0.985352 0.000000 0.000000 0.000000 985.000000
1 2 3 4 5 -0.000000 2.073171 0.365854 -0.011719 -0.079590 -0.981445 0.000000 0.000000 0.000000 591.000000
1 2 3 4 5 -0.121951 1.951220 0.487805 0.001465 -0.079102 -0.975586 14.400000 -73.800000 53.400000 533.000000
1 2 3 4 5 -0.121951 1.951220 0.304878 -0.008789 -0.079590 -0.956543 0.000000 0.000000 0.000000 367.000000
1 2 3 4 5 -0.182927 2.012195 0.365854 -0.014160 -0.078613 -0.978027 0.000000 0.000000 0.000000 257.000000
1 2 3 4 5 -0.121951 1.951220 0.487805 0.000488 -0.077148 -0.979004 15.000000 -73.200000 55.200000 418.000000
1 2 3 4 5 -0.121951 1.890244 0.304878 -0.000977 -0.085938 -0.983887 0.000000 0.000000 0.000000 771.000000
1 2 3 4 5 -0.121951 1.890244 0.243902 -0.005371 -0.087402 -0.972168 0.000000 0.000000 0.000000 491.000000
1 2 3 4 5 -0.121951 1.951220 0.365854 -0.008789 -0.084961 -0.965820 13.200000 -70.800000 51.600000 601.000000
1 2 3 4 5 -0.182927 2.012195 0.426829 -0.007324 -0.077148 -0.982910 0.000000 0.000000 0.000000 336.000000
1 2 3 4 5 -0.060976 1.829268 0.426829 -0.012695 -0.078613 -0.986328 0.000000 0.000000 0.000000 537.000000
1 2 3 4 5 -0.121951 2.012195 0.426829 0.000488 -0.085449 -0.988281 17.400000 -70.800000 52.800000 1252.000000
1 2 3 4 5 -0.000000 2.012195 0.365854 -0.011230 -0.080078 -0.981934 0.000000 0.000000 0.000000 1175.000000
1 2 3 4 5 -0.000000 2.012195 0.365854 -0.008301 -0.082031 -0.984375 0.000000 0.000000 0.000000 1223.000000
1 2 3 4 5 -0.121951 2.012195 0.365854 -0.007813 -0.074219 -0.980957 15.000000 -76.800000 54.600000 905.000000
1 2 3 4 5 -0.182927 1.951220 0.426829 -0.004395 -0.083496 -0.969727 0.000000 0.000000 0.000000 148.000000
1 2 3 4 5 -0.243902 2.073171 0.365854 -0.013184 -0.079102 -0.982422 0.000000 0.000000 0.000000 939.000000
1 2 3 4 5 -0.060976 2.073171 0.487805 -0.012695 -0.070313 -0.979492 15.600000 -69.000000 54.000000 597.000000
1 2 3 4 5 -0.060976 2.012195 0.304878 0.001465 -0.075195 -0.980957 0.000000 0.000000 0.000000 1309.000000
1 2 3 4 5 -0.182927 1.890244 0.304878 -0.003906 -0.078613 -0.984863 0.000000 0.000000 0.000000 825.000000
1 2 3 4 5 -0.182927 1.951220 0.304878 -0.001953 -0.077148 -0.983887 13.800000 -75.600000 57.600000 669.000000
1 2 3 4 5 -0.060976 2.012195 0.243902 -0.002441 -0.072266 -0.979492 0.000000 0.000000 0.000000 862.000000
1 2 3 4 5 -0.182927 1.951220 0.304878 -0.003906 -0.079590 -0.981445 0.000000 0.000000 0.000000 388.000000
1 2 3 4 5 -0.182927 1.951220 0.365854 -0.006348 -0.076660 -0.980469 13.200000 -77.400000 56.400000 968.000000
1 2 3 4 5 -0.000000 1.951220 0.426829 -0.014648 -0.078613 -0.973633 0.000000 0.000000 0.000000 -54.000000
1 2 3 4 5 -0.060976 1.829268 0.426829 -0.005371 -0.082031 -0.985352 0.000000 0.000000 0.000000 1562.000000
1 2 3 4 5 -0.060976 1.951220 0.365854 -0.012207 -0.083984 -0.969238 14.400000 -72.600000 54.000000 1288.000000
1 2 3 4 5 -0.182927 1.890244 0.426829 -0.010254 -0.081543 -0.972168 0.000000 0.000000 0.000000 1103.000000
1 2 3 4 5 -0.182927 1.951220 0.365854 -0.002441 -0.068359 -0.982910 0.000000 0.000000 0.000000 923.000000
1 2 3 4 5 -0.000000 1.951220 0.487805 -0.004395 -0.079102 -0.979492 18.600000 -73.200000 54.000000 504.000000
1 2 3 4 5 -0.121951 2.073171 0.365854 -0.010742 -0.074219 -0.972656 0.000000 0.000000 0.000000 696.000000
1 2 3 4 5 -0.000000 1.951220 0.304878 -0.014648 -0.081055 -0.982910 0.000000 0.000000 0.000000 18.000000
1 2 3 4 5 -0.060976 1.951220 0.243902 -0.015625 -0.077148 -0.984375 16.800000 -75.600000 55.200000 597.000000
1 2 3 4 5 -0.121951 2.012195 0.365854 -0.008789 -0.091309 -0.974121 0.000000 0.000000 0.000000 646.000000
1 2 3 4 5 -0.000000 1.951220 0.304878 -0.010742 -0.075684 -0.979004 0.000000 0.000000 0.000000 493.000000
1 2 3 4 5 -0.243902 1.951220 0.426829 -0.004883 -0.086426 -0.955566 12.000000 -70.200000 54.000000 973.000000
1 2 3 4 5 -0.000000 2.012195 0.304878 -0.001953 -0.079590 -0.976563 0.000000 0.000000 0.000000 43.000000
1 2 3 4 5 -0.121951 2.073171 0.426829 -0.000977 -0.080566 -0.970703 0.000000 0.000000 0.000000 582.000000
1 2 3 4 5 -0.121951 1.951220 0.426829 -0.005859 -0.070313 -0.982910 13.800000 -78.600000 55.200000 415.000000
1 2 3 4 5 -0.243902 1.951220 0.426829 -0.002930 -0.079102 -0.972656 0.000000 0.000000 0.000000 830.000000
1 2 3 4 5 -0.121951 1.951220 0.426829 0.001465 -0.081543 -0.993164 0.000000 0.000000 0.000000 714.000000
1 2 3 4 5 -0.182927 2.073171 0.487805 -0.007324 -0.074219 -0.966309 15.000000 -76.800000 50.400000 221.000000
1 2 3 4 5 -0.060976 2.012195 0.243902 0.000977 -0.081055 -0.970215 0.000000 0.000000 0.000000 1063.000000
1 2 3 4 5 -0.121951 2.073171 0.304878 0.000977 -0.080566 -0.978516 0.000000 0.000000 0.000000 -4.000000
1 2 3 4 5 -0.060976 1.951220 0.304878 -0.000488 -0.080078 -0.978516 16.800000 -74.400000 53.400000 1057.000000
1 2 3 4 5 -0.243902 1.829268 0.243902 -0.005859 -0.079590 -0.987305 0.000000 0.000000 0.000000 110.000000
1 2 3 4 5 -0.121951 1.951220 0.365854 -0.011719 -0.079102 -0.971191 0.000000 0.000000 0.000000 712.000000
1 2 3 4 5 -0.121951 1.951220 0.304878 0.001465 -0.084473 -0.967773 11.400000 -79.200000 53.400000 237.000000
1 2 3 4 5 -0.060976 2.012195 0.365854 -0.004395 -0.078613 -0.976563 0.000000 0.000000 0.000000 632.000000
1 2 3 4 5 -0.060976 2.012195 0.426829 -0.005859 -0.088379 -0.975098 0.000000 0.000000 0.000000 489.000000
1 2 3 4 5 -0.243902 1.951220 0.426829 -0.008789 -0.089355 -0.974121 20.400000 -73.200000 52.800000 433.000000
1 2 3 4 5 -0.060976 1.951220 0.304878 -0.009766 -0.080566 -0.976563 0.000000 0.000000 0.000000 322.000000
1 2 3 4 5 -0.060976 1.951220 0.365854 -0.010742 -0.065430 -0.982422 0.000000 0.000000 0.000000 487.000000
1 2 3 4 5 -0.121951 2.134146 0.365854 -0.004395 -0.074707 -0.980957 15.600000 -75.600000 54.600000 465.000000
1 2 3 4 5 -0.000000 1.951220 0.426829 -0.005859 -0.078613 -0.976563 0.000000 0.000000 0.000000 392.000000
1 2 3 4 5 -0.060976 1.951220 0.365854 -0.012695 -0.084961 -0.997070 0.000000 0.000000 0.000000 588.000000
1 2 3 4 5 -0.182927 1.951220 0.487805 -0.004395 -0.087402 -0.977539 13.800000 -78.600000 55.200000 322.000000
1 2 3 4 5 -0.060976 1.951220 0.304878 -0.000488 -0.074707 -0.992188 0.000000 0.000000 0.000000 396.000000
1 2 3 4 5 -0.121951 1.951220 0.304878 -0.003906 -0.068848 -0.981934 0.000000 0.000000 0.000000 400.000000
1 2 3 4 5 -0.182927 1.951220 0.365854 -0.011719 -0.072266 -0.970703 13.800000 -75.600000 56.400000 313.000000
1 2 3 4 5 -0.060976 1.890244 0.426829 -0.007324 -0.075684 -0.963867 0.000000 0.000000 0.000000 281.000000
1 2 3 4 5 -0.060976 2.012195 0.426829 -0.009766 -0.083984 -0.967285 0.000000 0.000000 0.000000 522.000000
1 2 3 4 5 -0.182927 1.951220 0.487805 -0.009766 -0.084961 -0.986328 19.200000 -72.600000 52.800000 338.000000
1 2 3 4 5 -0.121951 2.012195 0.365854 -0.006836 -0.072266 -0.981934 0.000000 0.000000 0.000000 380.000000
1 2 3 4 5 -0.121951 2.012195 0.304878 -0.011719 -0.074219 -0.974121 0.000000 0.000000 0.000000 342.000000
1 2 3 4 5 -0.060976 1.890244 0.365854 -0.006836 -0.067871 -0.983887 14.400000 -73.800000 51.000000 335.000000
1 2 3 4 5 -0.121951 1.951220 0.365854 -0.001465 -0.081055 -0.981445 0.000000 0.000000 0.000000 288.000000
1 2 3 4 5 -0.121951 2.073171 0.487805 -0.014648 -0.082520 -0.967773 0.000000 0.000000 0.000000 652.000000
1 2 3 4 5 -0.060976 2.012195 0.365854 -0.011230 -0.083496 -0.981445 13.200000 -70.800000 51.600000 93.000000
1 2 3 4 5 -0.060976 2.012195 0.426829 -0.010742 -0.080078 -0.992188 0.000000 0.000000 0.000000 412.000000
1 2 3 4 5 -0.060976 1.951220 0.365854 -0.010742 -0.076660 -0.986328 0.000000 0.000000 0.000000 497.000000
1 2 3 4 5 -0.182927 1.951220 0.365854 -0.006836 -0.070801 -0.980469 19.200000 -76.200000 55.200000 414.000000
1 2 3 4 5 -0.060976 2.073171 0.365854 -0.013672 -0.077637 -0.968262 0.000000 0.000000 0.000000 339.000000
1 2 3 4 5 -0.000000 2.012195 0.365854 -0.009766 -0.075195 -0.975098 0.000000 0.000000 0.000000 936.000000
1 2 3 4 5 -0.121951 2.073171 0.426829 -0.006836 -0.081543 -0.970703 14.400000 -75.000000 55.200000 1173.000000
1 2 3 4 5 -0.121951 2.073171 0.365854 -0.010254 -0.077148 -0.978027 0.000000 0.000000 0.000000 926.000000
1 2 3 4 5 -0.121951 2.012195 0.365854 -0.018555 -0.072754 -0.980469 0.000000 0.000000 0.000000 1153.000000
1 2 3 4 5 -0.000000 1.036585 -0.182927 -0.066895 -0.315918 -0.562988 16.800000 -76.800000 54.000000 14272.000000
1 2 3 4 5 -0.182927 1.646341 0.243902 0.008789 -0.065430 -0.920410 0.000000 0.000000 0.000000 6235.000000
1 2 3 4 5 -0.060976 2.378049 0.487805 -0.022461 -0.073242 -0.978027 0.000000 0.000000 0.000000 4176.000000
1 2 3 4 5 -0.060976 2.012195 0.426829 0.006348 -0.088379 -0.939453 17.400000 -70.800000 53.400000 1872.000000
1 2 3 4 5 -0.121951 2.073171 0.365854 -0.015137 -0.088867 -0.973145 0.000000 0.000000 0.000000 476.000000
1 2 3 4 5 -0.121951 1.951220 0.365854 -0.003906 -0.087402 -0.979004 0.000000 0.000000 0.000000 608.000000
1 2 3 4 5 -0.060976 2.012195 0.304878 -0.005371 -0.075684 -0.965820 15.000000 -75.600000 53.400000 236.000000
1 2 3 4 5 -0.060976 2.012195 0.426829 -0.000977 -0.075195 -0.971191 0.000000 0.000000 0.000000 355.000000
1 2 3 4 5 -0.182927 2.012195 0.304878 -0.006836 -0.077148 -0.987793 0.000000 0.000000 0.000000 1163.000000
1 2 3 4 5 -0.182927 1.890244 0.426829 0.000488 -0.079102 -0.987305 13.200000 -74.400000 56.400000 1218.000000
1 2 3 4 5 -0.060976 1.890244 0.365854 -0.014160 -0.083984 -0.971680 0.000000 0.000000 0.000000 -786.000000
1 2 3 4 5 -0.182927 1.951220 0.426829 -0.012695 -0.073730 -0.978027 0.000000 0.000000 0.000000 2297.000000
1 2 3 4 5 -0.060976 2.073171 0.304878 -0.001465 -0.074707 -0.976074 13.200000 -75.600000 52.800000 1670.000000
1 2 3 4 5 -0.182927 1.951220 0.365854 -0.012695 -0.078125 -0.976074 0.000000 0.000000 0.000000 3072.000000
1 2 3 4 5 -0.121951 1.951220 0.487805 -0.016602 -0.075195 -0.984863 0.000000 0.000000 0.000000 1914.000000
1 2 3 4 5 -0.060976 1.951220 0.365854 -0.010254 -0.077637 -0.963867 15.000000 -75.600000 52.800000 737.000000
1 2 3 4 5 -0.060976 1.890244 0.365854 -0.013184 -0.085938 -0.990723 0.000000 0.000000 0.000000 1416.000000
1 2 3 4 5 -0.060976 1.890244 0.426829 -0.003418 -0.085938 -0.979004 0.000000 0.000000 0.000000 236.000000
1 2 3 4 5 -0.121951 1.890244 0.365854 -0.008789 -0.080078 -0.971680 18.600000 -74.400000 53.400000 545.000000
1 2 3 4 5 -0.000000 1.951220 0.365854 0.000977 -0.078613 -0.973633 0.000000 0.000000 0.000000 548.000000
1 2 3 4 5 -0.060976 2.012195 0.304878 0.000977 -0.077148 -0.983398 0.000000 0.000000 0.000000 250.000000
1 2 3 4 5 -0.121951 2.134146 0.365854 -0.012207 -0.074219 -0.996094 17.400000 -74.400000 55.200000 1311.000000
1 2 3 4 5 -0.243902 1.951220 0.426829 -0.010254 -0.074219 -0.977539 0.000000 0.000000 0.000000 -13.000000
1 2 3 4 5 -0.121951 2.012195 0.365854 -0.006348 -0.074707 -0.984863 0.000000 0.000000 0.000000 910.000000
1 2 3 4 5 -0.060976 2.012195 0.426829 -0.008301 -0.080566 -0.977051 16.800000 -75.600000 52.800000 20.000000
1 2 3 4 5 -0.060976 1.951220 0.365854 -0.002441 -0.085449 -0.975586 0.000000 0.000000 0.000000 491.000000
1 2 3 4 5 -0.182927 2.073171 0.426829 0.003906 -0.073242 -0.972656 0.000000 0.000000 0.000000 559.000000
1 2 3 4 5 -0.060976 1.951220 0.426829 -0.010742 -0.075684 -0.994629 15.000000 -75.000000 51.600000 322.000000
1 2 3 4 5 -0.060976 2.012195 0.365854 -0.011230 -0.084473 -0.985352 0.000000 0.000000 0.000000 572.000000
1 2 3 4 5 -0.060976 2.073171 0.365854 -0.005371 -0.079102 -0.972656 0.000000 0.000000 0.000000 577.000000
1 2 3 4 5 -0.182927 2.012195 0.426829 -0.000488 -0.078613 -0.983887 17.400000 -74.400000 54.600000 1047.000000
1 2 3 4 5 -0.121951 1.951220 0.365854 -0.006836 -0.075195 -0.973145 0.000000 0.000000 0.000000 754.000000
1 2 3 4 5 -0.060976 2.012195 0.304878 -0.010742 -0.080078 -0.984375 0.000000 0.000000 0.000000 410.000000
1 2 3 4 5 -0.060976 1.951220 0.304878 -0.012695 -0.077148 -0.985352 13.800000 -74.400000 53.400000 73.000000
1 2 3 4 5 -0.121951 2.012195 0.426829 -0.012207 -0.065918 -0.976074 0.000000 0.000000 0.000000 829.000000
1 2 3 4 5 -0.121951 1.951220 0.365854 -0.012207 -0.080566 -0.978027 0.000000 0.000000 0.000000 1446.000000
1 2 3 4 5 -0.121951 1.951220 0.365854 -0.005371 -0.077148 -0.977051 18.000000 -80.400000 55.200000 109.000000
1 2 3 4 5 -0.182927 1.951220 0.365854 -0.010254 -0.075684 -0.969238 0.000000 0.000000 0.000000 659.000000
1 2 3 4 5 -0.121951 1.951220 0.426829 -0.006836 -0.081055 -0.971191 0.000000 0.000000 0.000000 466.000000
1 2 3 4 5 -0.060976 1.951220 0.487805 -0.013184 -0.078125 -0.964844 15.000000 -76.800000 56.400000 342.000000
1 2 3 4 5 -0.121951 2.012195 0.365854 -0.011230 -0.075684 -0.973633 0.000000 0.000000 0.000000 325.000000
1 2 3 4 5 -0.182927 2.012195 0.365854 -0.010254 -0.078125 -0.985352 0.000000 0.000000 0.000000 431.000000
1 2 3 4 5 -0.182927 1.890244 0.487805 -0.010254 -0.081543 -0.976563 15.000000 -76.200000 52.200000 479.000000
1 2 3 4 5 -0.121951 2.012195 0.426829 -0.005859 -0.078125 -0.971191 0.000000 0.000000 0.000000 397.000000
1 2 3 4 5 -0.182927 1.951220 0.304878 -0.011719 -0.072754 -0.981934 0.000000 0.000000 0.000000 653.000000
1 2 3 4 5 -0.121951 1.951220 0.365854 -0.004395 -0.079590 -0.976074 13.200000 -75.600000 54.000000 438.000000
1 2 3 4 5 -0.060976 1.951220 0.426829 -0.002441 -0.080078 -0.975098 0.000000 0.000000 0.000000 674.000000
1 2 3 4 5 -0.121951 2.012195 0.426829 -0.007813 -0.076660 -0.980469 0.000000 0.000000 0.000000 518.000000
1 2 3 4 5 -0.121951 2.012195 0.365854 -0.012695 -0.077148 -0.980957 15.000000 -74.400000 53.400000 542.000000
1 2 3 4 5 -0.121951 2.012195 0.365854 -0.007324 -0.083496 -0.968262 0.000000 0.000000 0.000000 351.000000
1 2 3 4 5 0.060976 1.951220 0.426829 -0.011230 -0.075684 -0.970215 0.000000 0.000000 0.000000 -33.000000
1 2 3 4 5 -0.182927 1.951220 0.304878 -0.012695 -0.079590 -0.969238 13.200000 -77.400000 53.400000 876.000000
1 2 3 4 5 -0.060976 2.073171 0.304878 -0.004395 -0.079102 -0.982422 0.000000 0.000000 0.000000 438.000000
1 2 3 4 5 -0.000000 2.012195 0.365854 -0.010742 -0.082520 -0.987793 0.000000 0.000000 0.000000 514.000000
1 2 3 4 5 -0.121951 1.951220 0.487805 -0.008789 -0.083984 -0.992188 15.600000 -78.600000 54.000000 444.000000
1 2 3 4 5 -0.121951 2.012195 0.365854 -0.007324 -0.080566 -0.978516 0.000000 0.000000 0.000000 520.000000
1 2 3 4 5 -0.121951 1.951220 0.426829 -0.014160 -0.075684 -0.978516 0.000000 0.000000 0.000000 638.000000
1 2 3 4 5 -0.121951 2.012195 0.365854 -0.002441 -0.076660 -0.980957 13.800000 -74.400000 54.600000 750.000000
1 2 3 4 5 -0.060976 2.012195 0.365854 -0.011719 -0.080566 -0.977539 0.000000 0.000000 0.000000 235.000000
1 2 3 4 5 -0.121951 1.951220 0.426829 -0.006836 -0.078125 -0.975098 0.000000 0.000000 0.000000 387.000000
1 2 3 4 5 -0.060976 1.951220 0.426829 -0.015137 -0.073242 -0.980469 15.600000 -74.400000 54.000000 1098.000000
1 2 3 4 5 -0.121951 1.951220 0.426829 -0.004395 -0.079102 -0.979004 0.000000 0.000000 0.000000 430.000000
1 2 3 4 5 -0.121951 1.829268 0.365854 -0.012695 -0.084473 -0.973145 0.000000 0.000000 0.000000 451.000000
1 2 3 4 5 -0.121951 1.829268 0.426829 -0.011719 -0.075684 -0.969238 16.200000 -79.200000 54.600000 133.000000
1 2 3 4 5 -0.121951 1.951220 0.365854 -0.010742 -0.075684 -0.972656 0.000000 0.000000 0.000000 358.000000
