1 2 3 4 5 9.939024 -4.695122 6.097561 -0.033203 0.023438 -1.082031 32700.000000
1 2 3 4 5 10.365854 -5.487805 6.585366 -0.143066 -0.086914 -1.090820 32700.000000
1 2 3 4 5 10.792683 -5.243902 5.975610 -0.207520 -0.071289 -1.071777 32700.000000
1 2 3 4 5 10.365854 -5.975610 5.853659 -0.111328 -0.112793 -0.974609 32700.000000
1 2 3 4 5 11.402439 -5.853659 4.390244 -0.118652 -0.090332 -1.113770 32700.000000
1 2 3 4 5 12.500000 -5.121951 6.402439 -0.048828 -0.087402 -1.044434 32700.000000
1 2 3 4 5 10.060976 -5.548780 5.548780 -0.023438 -0.086914 -1.049316 32700.000000
1 2 3 4 5 11.890244 -4.817073 5.670732 -0.062988 -0.095215 -0.974609 32700.000000
1 2 3 4 5 11.158537 -5.853659 6.097561 -0.120605 -0.046875 -0.973633 32700.000000
1 2 3 4 5 10.731707 -4.451220 6.463415 -0.127930 -0.020020 -1.097656 32700.000000
1 2 3 4 5 10.975610 -5.060976 7.621951 -0.057617 -0.044434 -1.051758 32700.000000
1 2 3 4 5 11.036585 -4.512195 5.670732 -0.156250 -0.052246 -0.939453 32700.000000
1 2 3 4 5 11.158537 -5.548780 7.439024 -0.077148 -0.012695 -1.100098 32700.000000
1 2 3 4 5 10.426829 -4.573171 7.500000 -0.211914 -0.048340 -0.966309 32700.000000
1 2 3 4 5 9.207317 -6.036585 5.243902 -0.070801 -0.037598 -1.091797 32700.000000
1 2 3 4 5 11.768293 -5.000000 5.548780 0.028809 -0.089355 -1.135254 32700.000000
1 2 3 4 5 10.487805 -4.634146 6.341463 -0.086426 -0.012207 -1.081543 32700.000000
1 2 3 4 5 10.182927 -5.365854 6.280488 -0.166016 0.035156 -0.963379 32700.000000
1 2 3 4 5 11.463415 -5.914634 5.365854 -0.142090 -0.045410 -1.050781 32700.000000
1 2 3 4 5 12.560976 -5.000000 7.134146 -0.090820 -0.097168 -1.182129 32700.000000
1 2 3 4 5 10.609756 -5.426829 5.792683 -0.086914 -0.027344 -0.995117 32700.000000
1 2 3 4 5 10.914634 -4.817073 6.402439 -0.146973 -0.095215 -1.035645 32700.000000
1 2 3 4 5 11.097561 -6.036585 5.670732 -0.111328 0.065430 -0.977539 32700.000000
1 2 3 4 5 10.243902 -5.914634 6.097561 -0.178223 -0.006348 -0.995117 32700.000000
1 2 3 4 5 12.500000 -6.402439 6.036585 -0.042969 -0.186523 -1.021484 32700.000000
1 2 3 4 5 11.707317 -6.341463 5.670732 0.012207 -0.028320 -1.001465 17664.000000
1 2 3 4 5 10.975610 -4.756098 6.341463 -0.170410 -0.011230 -1.088867 32700.000000
1 2 3 4 5 11.402439 -5.914634 6.097561 -0.084961 -0.067871 -1.099121 32700.000000
1 2 3 4 5 11.829268 -4.878049 7.560976 -0.110352 -0.186523 -1.178223 32700.000000
1 2 3 4 5 11.463415 -4.939024 4.573171 -0.080078 -0.012695 -1.100586 32700.000000
1 2 3 4 5 9.939024 -4.573171 6.768293 -0.128906 -0.029297 -1.045410 32700.000000
1 2 3 4 5 10.731707 -5.182927 5.792683 -0.081055 0.003418 -1.008789 32700.000000
1 2 3 4 5 12.134146 -6.890244 5.853659 -0.115723 -0.030273 -0.939941 32700.000000
1 2 3 4 5 10.182927 -5.304878 5.914634 -0.148926 -0.046875 -1.152832 32433.000000
1 2 3 4 5 11.219512 -5.426829 6.646341 -0.216309 -0.114746 -1.004395 32700.000000
1 2 3 4 5 10.975610 -6.890244 5.609756 -0.021973 -0.123535 -1.000977 32700.000000
1 2 3 4 5 12.195122 -6.158537 5.792683 -0.182617 -0.070313 -1.115723 25961.000000
1 2 3 4 5 10.365854 -6.097561 6.219512 -0.110840 -0.031738 -1.094238 32700.000000
1 2 3 4 5 10.487805 -6.219512 3.902439 -0.263672 0.003906 -0.993164 32700.000000
1 2 3 4 5 11.707317 -4.451220 6.585366 -0.127441 -0.052246 -0.963379 32700.000000
1 2 3 4 5 12.378049 -7.073171 8.292683 -0.128906 -0.099121 -1.032715 32700.000000
1 2 3 4 5 11.158537 -5.670732 5.426829 -0.241211 -0.084961 -1.044922 32700.000000
1 2 3 4 5 10.487805 -5.792683 6.280488 -0.105469 -0.062988 -1.011230 32700.000000
1 2 3 4 5 12.743902 -6.768293 6.036585 -0.044922 -0.033691 -1.007324 32700.000000
1 2 3 4 5 10.182927 -4.634146 5.609756 -0.158691 -0.059082 -1.021484 32700.000000
1 2 3 4 5 8.658537 -2.926829 6.402439 0.018066 -0.057129 -1.058594 32700.000000
1 2 3 4 5 10.548780 -4.207317 6.036585 -0.125000 -0.069336 -1.052734 32700.000000
1 2 3 4 5 10.609756 -3.780488 5.975610 -0.067871 -0.086914 -1.121582 32700.000000
1 2 3 4 5 9.939024 -5.304878 5.487805 -0.079590 -0.072754 -1.104004 32700.000000
1 2 3 4 5 11.097561 -5.426829 7.195122 -0.154785 -0.015137 -1.005371 32700.000000
1 2 3 4 5 11.402439 -5.000000 5.609756 -0.176758 -0.114258 -1.022949 32700.000000
1 2 3 4 5 10.670732 -3.414634 6.768293 -0.058594 -0.117188 -1.013672 32700.000000
1 2 3 4 5 9.512195 -4.268293 6.158537 -0.020020 -0.174805 -1.086426 32700.000000
1 2 3 4 5 10.548780 -4.451220 6.341463 -0.115723 -0.146484 -0.982910 32700.000000
1 2 3 4 5 9.573171 -4.146341 5.243902 -0.110352 0.061035 -1.045410 31282.000000
1 2 3 4 5 11.402439 -5.182927 6.890244 -0.041016 -0.156250 -0.972168 32700.000000
1 2 3 4 5 10.182927 -7.743902 6.585366 -0.038086 -0.231934 -1.082031 32700.000000
1 2 3 4 5 10.548780 -5.487805 5.548780 -0.072754 0.046387 -1.003418 32700.000000
1 2 3 4 5 10.121951 -4.695122 5.487805 -0.108887 -0.109375 -1.155273 32700.000000
1 2 3 4 5 10.853659 -3.170732 4.756098 -0.089844 -0.123535 -1.000000 32700.000000
1 2 3 4 5 11.219512 -5.365854 6.280488 -0.124512 -0.102051 -1.029297 28667.000000
1 2 3 4 5 12.621951 -7.256098 7.195122 -0.171875 -0.152832 -1.065918 32700.000000
1 2 3 4 5 10.792683 -4.024390 5.243902 -0.085449 -0.032715 -1.041016 32700.000000
1 2 3 4 5 11.646341 -3.963415 5.914634 -0.003418 -0.132813 -1.014160 32700.000000
1 2 3 4 5 10.670732 -5.121951 6.280488 -0.088379 -0.074707 -0.961426 32700.000000
1 2 3 4 5 9.817073 -5.792683 5.792683 -0.152344 -0.084961 -1.072266 32700.000000
1 2 3 4 5 10.731707 -5.243902 6.280488 -0.086426 -0.080078 -0.953125 32700.000000
1 2 3 4 5 10.365854 -5.365854 5.182927 -0.117188 -0.002930 -1.028320 32700.000000
1 2 3 4 5 11.280488 -7.073171 6.463415 -0.090332 -0.111816 -1.019531 32700.000000
1 2 3 4 5 11.158537 -5.000000 6.280488 -0.119629 -0.053711 -1.033691 32700.000000
1 2 3 4 5 10.426829 -3.719512 4.878049 -0.060547 -0.034180 -1.053223 23364.000000
1 2 3 4 5 10.914634 -4.695122 4.817073 -0.135742 -0.083496 -1.076660 32700.000000
1 2 3 4 5 10.914634 -3.780488 5.914634 -0.087402 -0.000000 -0.939941 32700.000000
1 2 3 4 5 10.060976 -5.670732 5.914634 -0.029297 -0.003906 -1.083496 32700.000000
1 2 3 4 5 11.463415 -5.609756 5.548780 0.038574 -0.018555 -0.991211 32700.000000
1 2 3 4 5 9.878049 -5.365854 5.304878 -0.089844 -0.048828 -1.057617 32700.000000
1 2 3 4 5 11.219512 -4.390244 5.792683 -0.145508 -0.057617 -1.044922 32700.000000
1 2 3 4 5 11.890244 -5.182927 5.853659 -0.189453 -0.084473 -1.107422 32700.000000
1 2 3 4 5 11.402439 -5.609756 6.951220 -0.068359 0.005859 -1.129395 32700.000000
1 2 3 4 5 12.682927 -6.280488 5.853659 -0.090820 -0.098145 -0.951172 32700.000000
1 2 3 4 5 12.500000 -5.548780 6.280488 -0.115234 -0.073242 -0.992676 32700.000000
1 2 3 4 5 11.646341 -7.560976 5.975610 -0.129395 -0.130859 -1.084473 32700.000000
1 2 3 4 5 11.036585 -6.829268 5.243902 -0.064453 -0.153320 -0.980469 32700.000000
1 2 3 4 5 10.853659 -4.939024 6.951220 -0.127930 -0.100098 -0.983398 29705.000000
1 2 3 4 5 9.024390 -4.451220 6.341463 -0.117676 -0.094727 -0.988281 32700.000000
1 2 3 4 5 11.158537 -4.634146 5.670732 -0.129883 0.023926 -0.965820 32700.000000
1 2 3 4 5 12.073171 -6.402439 6.463415 -0.058105 -0.182617 -1.048828 32700.000000
1 2 3 4 5 12.195122 -5.548780 6.463415 -0.029785 0.013672 -1.027832 32700.000000
1 2 3 4 5 10.609756 -5.670732 6.402439 -0.104492 -0.107422 -1.112793 27550.000000
1 2 3 4 5 10.365854 -5.853659 5.853659 -0.123047 -0.039063 -1.114258 32700.000000
1 2 3 4 5 10.426829 -5.853659 5.731707 -0.184570 -0.048340 -1.094238 32700.000000
1 2 3 4 5 11.341463 -6.646341 5.121951 -0.050293 -0.020020 -1.022461 32700.000000
1 2 3 4 5 12.682927 -6.280488 4.573171 -0.152344 -0.082520 -0.987793 32700.000000
1 2 3 4 5 12.865854 -6.951220 5.670732 -0.093262 -0.076660 -1.010742 32700.000000
1 2 3 4 5 10.670732 -5.365854 6.036585 -0.052734 -0.086914 -1.124512 -11120.000000
1 2 3 4 5 13.170732 -5.060976 5.731707 -0.139160 -0.138672 -1.115234 32700.000000
1 2 3 4 5 10.670732 -7.073171 5.975610 -0.142090 -0.062012 -1.108887 32700.000000
1 2 3 4 5 11.646341 -5.731707 5.792683 -0.121582 -0.150391 -0.965332 32700.000000
1 2 3 4 5 11.219512 -4.634146 5.060976 -0.175781 0.008301 -1.077148 32700.000000
1 2 3 4 5 10.304878 -6.463415 6.463415 -0.200195 -0.021484 -1.143066 32700.000000
1 2 3 4 5 10.182927 -6.036585 6.951220 -0.057129 -0.033691 -1.026855 32700.000000
1 2 3 4 5 12.134146 -5.365854 5.731707 -0.131348 -0.008301 -1.016602 32700.000000
1 2 3 4 5 10.121951 -5.426829 6.829268 -0.048828 -0.067871 -0.999512 32700.000000
1 2 3 4 5 10.670732 -4.451220 6.097561 -0.099609 -0.033203 -1.180176 32700.000000
1 2 3 4 5 10.487805 -5.548780 5.548780 -0.181152 0.010742 -1.068848 32700.000000
1 2 3 4 5 10.121951 -4.207317 5.182927 -0.123535 -0.052246 -1.039063 32700.000000
1 2 3 4 5 10.243902 -6.036585 6.219512 -0.032715 -0.092773 -1.017090 32700.000000
1 2 3 4 5 11.768293 -4.756098 6.463415 -0.155762 -0.102539 -1.000488 32700.000000
1 2 3 4 5 10.548780 -4.085366 6.463415 -0.103027 -0.136230 -1.037109 32700.000000
1 2 3 4 5 8.902439 -4.024390 6.219512 -0.005859 -0.003418 -1.122559 32700.000000
1 2 3 4 5 11.341463 -4.451220 7.560976 -0.129883 -0.144043 -1.150879 32700.000000
1 2 3 4 5 9.695122 -5.182927 5.365854 -0.130371 -0.138184 -1.040039 32074.000000
1 2 3 4 5 11.280488 -6.585366 5.792683 -0.135742 -0.100098 -1.036621 32700.000000
1 2 3 4 5 10.365854 -5.000000 6.524390 -0.176758 -0.052734 -1.096680 32700.000000
1 2 3 4 5 10.914634 -5.304878 7.134146 -0.127441 -0.088379 -0.975586 32700.000000
1 2 3 4 5 11.219512 -6.097561 6.341463 -0.198242 -0.103027 -0.956055 32700.000000
1 2 3 4 5 10.792683 -6.341463 6.097561 0.032715 0.007813 -1.068848 32700.000000
1 2 3 4 5 11.097561 -6.463415 5.060976 -0.044434 -0.059082 -0.951660 32700.000000
1 2 3 4 5 11.341463 -5.609756 4.878049 -0.082031 -0.070313 -1.081055 32700.000000
1 2 3 4 5 10.853659 -3.719512 6.280488 -0.114746 -0.008789 -0.976563 32700.000000
1 2 3 4 5 10.914634 -5.487805 6.036585 -0.098145 -0.076660 -1.129395 32700.000000
1 2 3 4 5 12.378049 -6.402439 7.317073 -0.141602 -0.006348 -1.113770 32700.000000
1 2 3 4 5 12.621951 -7.865854 5.365854 -0.130859 -0.044434 -1.091797 32700.000000
1 2 3 4 5 11.646341 -6.402439 8.109756 -0.031738 -0.068359 -1.073242 32700.000000
1 2 3 4 5 11.097561 -3.536585 5.243902 -0.145508 -0.078613 -0.979004 32700.000000
1 2 3 4 5 12.256098 -4.146341 4.573171 -0.126465 -0.033691 -1.023926 32700.000000
1 2 3 4 5 12.134146 -3.963415 6.219512 -0.100586 -0.046387 -1.050781 32700.000000
1 2 3 4 5 11.158537 -5.182927 6.280488 -0.185547 -0.035645 -1.105469 32700.000000
1 2 3 4 5 10.731707 -6.036585 6.768293 -0.046387 -0.030273 -1.134766 32700.000000
1 2 3 4 5 10.121951 -6.097561 5.792683 -0.118164 -0.052246 -1.039551 32700.000000
1 2 3 4 5 9.756098 -6.463415 5.792683 -0.037598 -0.145020 -1.041504 32700.000000
1 2 3 4 5 10.792683 -6.951220 5.182927 -0.032715 -0.095703 -1.060547 32700.000000
1 2 3 4 5 11.890244 -5.000000 6.585366 -0.066406 -0.137695 -0.977051 32700.000000
1 2 3 4 5 10.000000 -6.524390 4.329268 -0.130371 -0.139160 -0.903320 32700.000000
1 2 3 4 5 11.219512 -4.695122 5.670732 -0.121582 0.029297 -0.977539 32700.000000
1 2 3 4 5 12.256098 -5.609756 7.134146 -0.182617 -0.012207 -1.030273 32700.000000
1 2 3 4 5 10.060976 -4.390244 6.036585 -0.044922 -0.010254 -1.087891 32700.000000
1 2 3 4 5 10.426829 -2.926829 3.597561 -0.157715 -0.049805 -1.053711 32700.000000
1 2 3 4 5 9.512195 -4.390244 5.792683 -0.181152 -0.109375 -1.090332 32700.000000
1 2 3 4 5 8.841463 -5.060976 6.585366 -0.163086 -0.023926 -1.075195 32700.000000
1 2 3 4 5 9.451220 -3.353659 5.304878 -0.160645 -0.118652 -1.108398 32700.000000
1 2 3 4 5 9.573171 -5.548780 5.365854 -0.113770 -0.024414 -0.996582 32700.000000
1 2 3 4 5 11.646341 -4.695122 6.768293 -0.085938 -0.082520 -0.962402 32700.000000
1 2 3 4 5 12.865854 -5.182927 8.719512 -0.031250 -0.175781 -1.067871 32700.000000
1 2 3 4 5 11.036585 -4.756098 6.097561 -0.172852 0.028320 -1.155762 32700.000000
1 2 3 4 5 11.768293 -6.524390 7.378049 -0.086426 -0.092285 -1.020020 32700.000000
1 2 3 4 5 10.731707 -3.536585 6.951220 -0.140137 -0.105469 -1.019531 32700.000000
1 2 3 4 5 9.451220 -5.060976 6.463415 -0.080566 -0.010742 -1.040527 32700.000000
1 2 3 4 5 11.585366 -5.304878 6.280488 -0.106445 -0.135742 -1.013184 32700.000000
1 2 3 4 5 11.890244 -6.646341 6.646341 -0.144043 -0.111328 -1.041016 32700.000000
1 2 3 4 5 10.670732 -5.243902 6.341463 -0.160156 -0.078613 -1.003906 32700.000000
1 2 3 4 5 10.792683 -5.304878 4.756098 -0.041016 0.004883 -1.043457 32700.000000
1 2 3 4 5 10.487805 -2.682927 6.341463 -0.111816 -0.037598 -1.102051 32700.000000
1 2 3 4 5 10.365854 -6.585366 4.573171 -0.133789 -0.135254 -1.061523 32700.000000
1 2 3 4 5 12.012195 -6.402439 6.585366 -0.116699 -0.049316 -1.105957 32700.000000
1 2 3 4 5 10.426829 -4.512195 6.829268 0.000977 -0.094727 -1.185059 32700.000000
1 2 3 4 5 10.487805 -4.146341 6.341463 -0.050293 0.024902 -1.052246 32700.000000
1 2 3 4 5 11.463415 -6.219512 5.914634 -0.108887 0.008301 -1.210938 32700.000000
1 2 3 4 5 11.463415 -5.426829 4.817073 -0.049805 -0.108887 -0.952148 32700.000000
1 2 3 4 5 11.829268 -6.768293 7.560976 -0.172363 -0.114258 -1.031250 32700.000000
1 2 3 4 5 10.853659 -5.121951 5.304878 -0.033203 -0.109375 -1.075684 32700.000000
1 2 3 4 5 10.365854 -5.304878 5.975610 -0.059570 -0.090820 -1.028809 32700.000000
1 2 3 4 5 12.743902 -7.621951 6.951220 -0.146484 -0.006836 -1.096191 32700.000000
1 2 3 4 5 10.548780 -4.817073 6.951220 -0.100586 -0.055664 -1.016602 32700.000000
1 2 3 4 5 11.402439 -4.695122 6.829268 -0.157227 -0.133789 -1.065918 16600.000000
1 2 3 4 5 10.548780 -6.829268 6.585366 -0.160645 -0.119141 -1.061523 32700.000000
1 2 3 4 5 10.670732 -3.963415 6.585366 -0.109375 -0.057129 -1.079590 32700.000000
1 2 3 4 5 9.207317 -3.719512 5.365854 -0.154785 0.036133 -1.062012 32700.000000
1 2 3 4 5 10.365854 -6.036585 7.256098 -0.055664 -0.032715 -0.991211 -19009.000000
1 2 3 4 5 10.304878 -3.597561 5.792683 -0.081543 -0.048340 -1.021484 32700.000000
1 2 3 4 5 9.695122 -5.487805 5.792683 -0.078125 -0.090820 -1.106445 32700.000000
1 2 3 4 5 10.731707 -4.451220 5.609756 -0.088379 -0.089844 -1.062988 32700.000000
1 2 3 4 5 10.792683 -5.914634 7.621951 -0.113770 -0.123535 -1.096680 32700.000000
1 2 3 4 5 12.317073 -7.134146 6.402439 -0.023438 -0.037598 -1.109375 32700.000000
1 2 3 4 5 10.304878 -5.000000 5.792683 -0.100098 -0.120605 -1.167480 32700.000000
1 2 3 4 5 10.609756 -4.268293 6.036585 -0.085938 -0.168457 -0.987305 32700.000000
1 2 3 4 5 11.768293 -5.060976 6.524390 -0.091797 -0.041504 -1.032715 32700.000000
1 2 3 4 5 10.365854 -5.121951 6.646341 -0.062500 -0.032715 -1.094727 32700.000000
1 2 3 4 5 10.182927 -4.756098 5.670732 -0.194336 -0.012695 -1.064941 32700.000000
1 2 3 4 5 9.817073 -4.878049 5.487805 -0.196777 -0.124023 -1.067871 32700.000000
1 2 3 4 5 10.182927 -5.914634 5.548780 -0.090820 -0.004395 -1.032227 32700.000000
1 2 3 4 5 10.975610 -5.426829 5.914634 -0.078125 -0.015137 -1.160156 32700.000000
1 2 3 4 5 11.951220 -6.524390 4.817073 -0.148926 0.001465 -1.021973 32700.000000
1 2 3 4 5 9.817073 -4.146341 5.609756 0.013184 0.057129 -1.032227 24252.000000
1 2 3 4 5 11.524390 -6.402439 6.768293 -0.219238 -0.081543 -1.095215 32700.000000
1 2 3 4 5 11.402439 -5.487805 5.975610 -0.048340 -0.094727 -0.997070 32700.000000
1 2 3 4 5 10.792683 -4.512195 5.792683 -0.046875 -0.053223 -1.122559 32700.000000
1 2 3 4 5 9.756098 -6.585366 4.878049 -0.131348 -0.046875 -1.060547 32700.000000
1 2 3 4 5 10.304878 -3.353659 6.341463 -0.149414 -0.112793 -1.021484 32700.000000
1 2 3 4 5 11.097561 -5.121951 5.487805 0.016113 -0.069824 -0.997559 32700.000000
1 2 3 4 5 10.000000 -5.853659 6.463415 -0.078613 -0.011230 -1.059570 32700.000000
1 2 3 4 5 12.682927 -6.524390 5.304878 -0.058105 0.021484 -1.067383 21201.000000
1 2 3 4 5 11.951220 -6.402439 7.500000 -0.032227 -0.058594 -0.967773 32700.000000
1 2 3 4 5 9.207317 -4.634146 5.304878 -0.091797 -0.078125 -1.092285 32700.000000
1 2 3 4 5 9.634146 -6.280488 5.670732 -0.139160 -0.024902 -1.136719 32700.000000
1 2 3 4 5 9.756098 -6.219512 4.756098 -0.100098 -0.102051 -1.128418 32700.000000
1 2 3 4 5 9.817073 -4.817073 6.646341 -0.098633 -0.089355 -0.999512 26994.000000
1 2 3 4 5 10.609756 -7.439024 5.731707 -0.094727 -0.111328 -0.998535 32700.000000
1 2 3 4 5 10.487805 -5.487805 5.548780 -0.095215 -0.087402 -0.998535 32700.000000
1 2 3 4 5 10.731707 18.597561 11.280488 0.082520 -0.071777 -1.108887 32700.000000
1 2 3 4 5 -0.426829 24.268293 12.134146 -0.063965 -0.020508 -1.047852 32700.000000
1 2 3 4 5 10.182927 -4.268293 13.658537 -0.021973 -0.175781 -1.081543 32700.000000
1 2 3 4 5 14.695122 -6.768293 14.268293 0.046875 -0.017578 -1.087891 32700.000000
1 2 3 4 5 14.390244 -24.695122 19.695122 -0.046875 -0.092285 -1.088867 32700.000000
1 2 3 4 5 7.987805 -70.060976 14.146341 -0.116211 0.010254 -0.976563 32700.000000
1 2 3 4 5 -8.231707 -56.219512 10.670732 -0.011719 -0.007813 -1.048828 32700.000000
1 2 3 4 5 -2.682927 5.487805 2.804878 -0.108887 0.072754 -1.034180 32700.000000
1 2 3 4 5 42.195122 20.853659 3.597561 -0.021484 -0.079590 -1.058105 22720.000000
1 2 3 4 5 66.463415 34.878049 9.878049 -0.073730 0.043945 -1.028320 32700.000000
1 2 3 4 5 25.182927 6.768293 -6.036585 -0.037109 0.066406 -1.115234 32700.000000
1 2 3 4 5 18.048780 4.146341 -5.548780 -0.022949 -0.055664 -1.063965 32700.000000
1 2 3 4 5 7.865854 13.902439 -7.560976 -0.025879 0.030762 -1.130859 32700.000000
1 2 3 4 5 24.390244 17.378049 13.658537 0.050293 0.151367 -1.120117 31801.000000
1 2 3 4 5 63.841463 21.829268 35.792683 -0.155762 0.052246 -1.044434 32700.000000
1 2 3 4 5 44.878049 5.060976 6.890244 -0.120605 -0.007324 -1.149902 32700.000000
1 2 3 4 5 19.878049 -19.756098 -8.963415 -0.067871 -0.228516 -1.293457 32700.000000
1 2 3 4 5 14.146341 -41.707317 9.573171 -0.053711 -0.062988 -1.068359 32700.000000
1 2 3 4 5 9.695122 -45.853659 10.000000 0.038574 0.066406 -0.988770 32700.000000
1 2 3 4 5 -0.609756 -42.987805 6.341463 -0.074219 -0.046875 -1.092773 32700.000000
1 2 3 4 5 -8.170732 -40.914634 7.134146 -0.082031 0.004883 -1.017578 32700.000000
1 2 3 4 5 -9.329268 -47.743902 -0.487805 -0.081543 -0.103516 -1.124512 32700.000000
1 2 3 4 5 -1.585366 -43.963415 2.195122 -0.069336 -0.020508 -1.006348 22295.000000
1 2 3 4 5 2.317073 -45.304878 4.756098 -0.194336 -0.105469 -0.896484 32700.000000
1 2 3 4 5 2.926829 -35.853659 14.146341 -0.119629 -0.124512 -1.018555 32700.000000
1 2 3 4 5 0.060976 -26.707317 14.207317 -0.121582 0.065918 -1.022949 32700.000000
1 2 3 4 5 -1.402439 -15.853659 13.841463 -0.140137 -0.101563 -0.864746 32479.000000
1 2 3 4 5 7.743902 -13.658537 14.268293 -0.049805 -0.096191 -0.901855 32700.000000
1 2 3 4 5 4.573171 -9.085366 12.500000 -0.169434 0.046875 -0.938965 32700.000000
1 2 3 4 5 10.426829 -51.646341 -2.012195 -0.011719 0.067871 -1.062500 32700.000000
1 2 3 4 5 6.280488 -25.426829 -7.500000 -0.167480 -0.070801 -0.933594 32700.000000
1 2 3 4 5 19.512195 -6.036585 22.439024 -0.206543 -0.114258 -0.945313 32700.000000
1 2 3 4 5 23.475610 -0.792683 16.768293 -0.282715 -0.050293 -0.870605 32700.000000
1 2 3 4 5 1.524390 -22.560976 -3.902439 -0.209961 0.007324 -1.027344 32700.000000
1 2 3 4 5 12.073171 -8.780488 -14.634146 -0.121094 0.014160 -0.865234 32700.000000
1 2 3 4 5 -7.317073 -3.048780 -10.304878 -0.139160 -0.139160 -0.873047 32700.000000
1 2 3 4 5 -23.902439 -8.658537 -11.890244 -0.177246 -0.001465 -0.931152 32700.000000
1 2 3 4 5 -5.304878 -2.439024 -13.353659 -0.226563 -0.078613 -1.070313 32700.000000
1 2 3 4 5 4.390244 -6.036585 -15.853659 -0.277832 0.001465 -1.008789 32700.000000
1 2 3 4 5 -14.756098 -12.560976 3.841463 -0.266602 -0.027832 -1.105469 32700.000000
1 2 3 4 5 -14.695122 -22.560976 10.121951 -0.289063 -0.363770 -1.107910 32700.000000
1 2 3 4 5 -20.487805 -33.353659 -10.670732 -0.169922 0.039551 -1.084961 32700.000000
1 2 3 4 5 -0.243902 -18.292683 -2.987805 -0.348145 0.048828 -1.191895 32700.000000
1 2 3 4 5 23.902439 -7.682927 -0.853659 -0.249023 -0.067383 -1.025391 32700.000000
1 2 3 4 5 10.182927 3.963415 -8.963415 -0.221191 -0.003906 -0.981934 32700.000000
1 2 3 4 5 17.804878 -3.658537 -5.548780 -0.251953 0.006348 -1.042480 32700.000000
1 2 3 4 5 28.170732 -17.378049 -13.170732 -0.208008 0.035156 -1.127930 32700.000000
1 2 3 4 5 26.890244 -19.085366 -19.512195 -0.411133 0.108398 -0.995117 32700.000000
1 2 3 4 5 4.390244 -8.475610 -1.402439 -0.154785 -0.059570 -1.088867 32700.000000
1 2 3 4 5 2.317073 -15.609756 -5.060976 -0.206055 0.007324 -0.914063 32700.000000
1 2 3 4 5 19.512195 -16.097561 -6.219512 -0.200684 -0.016113 -1.073730 32700.000000
1 2 3 4 5 11.585366 -10.914634 0.426829 -0.509277 -0.012207 -1.100098 32700.000000
1 2 3 4 5 29.451220 -12.743902 -6.829268 -0.742188 -0.151367 -1.151855 32700.000000
1 2 3 4 5 -5.426829 -20.121951 3.414634 -0.287598 0.021484 -0.759277 32700.000000
1 2 3 4 5 -25.000000 -30.548780 17.621951 -0.383301 0.064453 -0.958496 32700.000000
1 2 3 4 5 -23.170732 -28.414634 33.414634 -0.519043 0.032227 -1.035156 32700.000000
1 2 3 4 5 -11.524390 -31.768293 44.512195 -0.355469 0.222168 -0.854492 32700.000000
1 2 3 4 5 -9.024390 -46.829268 53.475610 -0.474609 0.152344 -0.831543 32700.000000
1 2 3 4 5 -18.170732 -74.695122 54.878049 -0.397461 0.243652 -0.878906 32700.000000
1 2 3 4 5 -24.695122 -76.402439 77.256098 -0.654297 0.254395 -0.926270 32700.000000
1 2 3 4 5 -6.341463 -67.439024 67.378049 -0.661133 0.264160 -0.794922 32700.000000
1 2 3 4 5 -12.378049 -63.048780 73.475610 -0.644531 0.408203 -0.860352 12683.000000
1 2 3 4 5 -11.219512 -65.121951 83.414634 -0.612793 0.364746 -0.655762 32700.000000
1 2 3 4 5 -16.097561 -77.012195 94.573171 -0.525391 0.342773 -0.503418 32700.000000
1 2 3 4 5 -25.121951 -88.353659 91.097561 -0.706055 0.185059 -0.622559 32700.000000
1 2 3 4 5 -35.670732 -90.609756 88.475610 -0.581055 0.245605 -0.617676 32700.000000
1 2 3 4 5 -21.097561 -86.219512 76.097561 -0.669922 0.328125 -0.652344 32700.000000
1 2 3 4 5 -4.390244 -78.902439 67.804878 -0.742676 0.228516 -0.584961 32700.000000
1 2 3 4 5 -4.817073 -78.780488 64.939024 -0.584473 0.181641 -0.513672 32700.000000
1 2 3 4 5 -18.719512 -82.621951 51.951220 -0.566406 0.315918 -0.663086 27759.000000
1 2 3 4 5 -33.353659 -97.987805 50.670732 -0.637207 0.406250 -0.486328 32700.000000
1 2 3 4 5 -56.036585 -115.731707 59.329268 -0.644043 0.375977 -0.551758 32700.000000
1 2 3 4 5 -44.573171 -114.207317 58.658537 -0.790039 0.335449 -0.688477 32700.000000
1 2 3 4 5 9.329268 -101.219512 39.756098 -0.834961 0.421875 -0.793945 32700.000000
1 2 3 4 5 46.158537 -85.365854 23.658537 -0.756348 0.211426 -0.596680 32700.000000
1 2 3 4 5 39.512195 -89.878049 32.926829 -0.674805 0.175293 -0.471680 32700.000000
1 2 3 4 5 36.646341 -95.914634 38.536585 -0.773438 0.308105 -0.479980 32700.000000
1 2 3 4 5 55.182927 -94.146341 34.939024 -0.797852 0.331055 -0.556641 32700.000000
1 2 3 4 5 45.670732 -99.146341 40.792683 -0.698730 0.153809 -0.588379 32700.000000
1 2 3 4 5 48.109756 -100.670732 38.414634 -0.644043 0.265625 -0.539551 32700.000000
1 2 3 4 5 65.609756 -94.512195 30.000000 -0.799805 0.353027 -0.558594 32700.000000
1 2 3 4 5 74.756098 -90.365854 24.878049 -0.852051 0.415039 -0.612793 32700.000000
1 2 3 4 5 57.439024 -84.085366 25.243902 -0.942871 0.311035 -0.784180 32700.000000
1 2 3 4 5 42.073171 -72.560976 21.829268 -1.001953 0.341797 -0.981934 32700.000000
1 2 3 4 5 47.865854 -56.219512 9.634146 -0.976563 0.357422 -0.847168 32700.000000
1 2 3 4 5 38.719512 -45.121951 9.268293 -0.920410 0.447754 -0.784668 32700.000000
1 2 3 4 5 16.280488 -43.658537 14.390244 -0.976074 0.531250 -0.758301 32700.000000
1 2 3 4 5 28.170732 -30.365854 7.439024 -0.842773 0.595215 -0.640625 32700.000000
1 2 3 4 5 49.756098 -16.707317 2.926829 -0.933594 0.581055 -0.544434 32700.000000
1 2 3 4 5 43.414634 -17.317073 6.707317 -0.738770 0.567383 -0.482910 32700.000000
1 2 3 4 5 32.621951 -14.146341 5.182927 -0.832031 0.631348 -0.475098 32700.000000
1 2 3 4 5 37.621951 -11.524390 0.121951 -0.835938 0.531738 -0.393555 32700.000000
1 2 3 4 5 29.268293 -11.036585 5.975610 -0.860352 0.457520 -0.425781 32700.000000
1 2 3 4 5 20.548780 -11.463415 8.658537 -0.961426 0.393555 -0.383789 32700.000000
1 2 3 4 5 22.804878 -5.853659 7.012195 -0.827637 0.613281 -0.372070 32700.000000
1 2 3 4 5 26.463415 -5.426829 5.853659 -0.782227 0.512207 -0.338867 32700.000000
1 2 3 4 5 22.256098 -4.024390 5.609756 -0.844727 0.468750 -0.328613 16328.000000
1 2 3 4 5 15.243902 -9.451220 5.182927 -0.857422 0.495117 -0.369629 32700.000000
1 2 3 4 5 17.195122 -8.902439 6.219512 -0.893066 0.312500 -0.482910 32700.000000
1 2 3 4 5 27.256098 -9.024390 2.682927 -0.841309 0.476074 -0.468750 32700.000000
1 2 3 4 5 20.182927 -8.109756 2.378049 -0.877930 0.412598 -0.411133 30813.000000
1 2 3 4 5 15.365854 -10.853659 1.951220 -0.802246 0.545898 -0.439941 32700.000000
1 2 3 4 5 15.609756 -9.451220 3.414634 -0.952637 0.434082 -0.409180 27896.000000
1 2 3 4 5 16.036585 -10.182927 4.817073 -0.877930 0.442871 -0.446777 32700.000000
1 2 3 4 5 17.317073 -11.219512 2.134146 -0.835449 0.421875 -0.365234 32700.000000
1 2 3 4 5 18.658537 -14.146341 0.060976 -0.808105 0.407227 -0.266602 32700.000000
1 2 3 4 5 17.378049 -16.341463 -2.500000 -0.884277 0.395020 -0.282715 32700.000000
1 2 3 4 5 31.280488 -22.987805 -5.914634 -0.895508 0.405762 -0.357910 24928.000000
1 2 3 4 5 45.487805 -26.036585 -6.768293 -0.855469 0.437988 -0.173828 32700.000000
1 2 3 4 5 44.878049 -32.256098 -2.926829 -0.934570 0.349121 -0.269043 32700.000000
1 2 3 4 5 31.890244 -36.402439 -3.048780 -0.909180 0.387695 -0.249512 32700.000000
1 2 3 4 5 25.060976 -33.963415 -6.036585 -0.998535 0.355957 -0.310547 32700.000000
1 2 3 4 5 16.158537 -36.341463 -1.707317 -0.977051 0.295410 -0.401855 32700.000000
1 2 3 4 5 13.963415 -34.512195 -4.451220 -0.951172 0.284180 -0.487305 32700.000000
1 2 3 4 5 8.170732 -29.451220 -2.439024 -0.956543 0.464844 -0.346191 32700.000000
1 2 3 4 5 8.658537 -27.073171 -0.000000 -0.869629 0.346680 -0.419434 32700.000000
1 2 3 4 5 5.792683 -27.439024 0.670732 -0.872559 0.452637 -0.459961 32700.000000
1 2 3 4 5 -2.743902 -24.024390 4.573171 -1.028809 0.418945 -0.647461 32700.000000
1 2 3 4 5 -9.207317 -20.000000 3.414634 -0.882324 0.343750 -0.619629 32700.000000
1 2 3 4 5 -9.634146 -14.695122 3.780488 -0.935059 0.439453 -0.780273 30685.000000
1 2 3 4 5 -18.170732 -5.853659 5.426829 -0.936523 0.262207 -0.866699 32700.000000
1 2 3 4 5 -24.573171 -0.487805 3.597561 -0.994141 0.260254 -0.827637 32700.000000
1 2 3 4 5 -36.768293 5.243902 -1.097561 -0.902832 0.292480 -1.058594 23270.000000
1 2 3 4 5 -53.353659 15.487805 3.597561 -1.082520 0.259277 -1.467773 32700.000000
1 2 3 4 5 -50.914634 28.353659 4.268293 -1.254395 0.161621 -1.936035 32700.000000
1 2 3 4 5 -48.719512 58.475610 -10.487805 -1.096191 -0.141602 -2.387695 32700.000000
1 2 3 4 5 -98.170732 90.731707 -8.292683 -1.208008 -0.424805 -2.822754 32700.000000
1 2 3 4 5 -133.841463 142.012195 -26.707317 -1.168457 -0.514160 -3.445801 32700.000000
1 2 3 4 5 -179.329268 192.804878 -22.317073 -1.852051 -1.062012 -4.269043 32700.000000
1 2 3 4 5 -275.304878 294.451220 -17.317073 -3.165039 -1.027344 -4.835449 32700.000000
1 2 3 4 5 -275.000000 416.890244 3.963415 -4.508301 0.184082 -4.345703 32700.000000
1 2 3 4 5 -275.731707 468.719512 84.268293 -6.590820 -0.199219 -3.753906 32700.000000
1 2 3 4 5 -368.597561 543.353659 227.134146 -10.220703 -0.115234 -3.819824 32700.000000
1 2 3 4 5 -113.109756 711.219512 206.829268 -11.001465 -1.820801 -1.048828 32700.000000
1 2 3 4 5 -115.731707 723.902439 119.085366 -7.362305 -3.369141 3.271973 32700.000000
1 2 3 4 5 -157.621951 555.975610 79.390244 -3.123047 -3.743164 6.194824 32700.000000
1 2 3 4 5 -218.353659 253.841463 -12.987805 -0.588379 -1.332520 5.889648 32700.000000
1 2 3 4 5 -70.731707 99.573171 -17.073171 -0.839355 -0.512207 3.215820 24013.000000
1 2 3 4 5 -70.487805 26.463415 -6.463415 -1.242676 0.033691 1.451172 32700.000000
1 2 3 4 5 -15.670732 25.609756 -3.536585 -0.658203 1.042969 0.977051 32700.000000
1 2 3 4 5 56.524390 15.304878 14.085366 0.019531 1.100586 0.696777 32700.000000
1 2 3 4 5 71.768293 -6.463415 33.658537 0.006348 0.677734 0.140625 32700.000000
1 2 3 4 5 70.121951 -0.731707 19.573171 0.291992 0.420410 0.041992 32700.000000
1 2 3 4 5 64.756098 -3.658537 -6.646341 0.477051 0.604004 0.059082 32700.000000
1 2 3 4 5 23.902439 -28.353659 -12.256098 0.352051 0.699219 -0.137695 28183.000000
1 2 3 4 5 7.439024 -32.682927 -10.365854 0.253418 0.880859 -0.311035 32700.000000
1 2 3 4 5 13.597561 -21.280488 -18.536585 0.220215 0.960449 -0.322754 14747.000000
1 2 3 4 5 23.536585 -22.256098 -20.914634 0.234375 1.063477 -0.360840 32700.000000
1 2 3 4 5 10.365854 -25.060976 -1.097561 0.087891 1.093750 -0.462891 32700.000000
1 2 3 4 5 19.695122 -15.914634 1.890244 0.292480 1.134766 -0.485352 32700.000000
1 2 3 4 5 34.756098 -15.609756 -4.024390 0.288574 0.960449 -0.428223 29511.000000
1 2 3 4 5 16.585366 -21.341463 0.548780 0.200684 0.882324 -0.503418 32700.000000
1 2 3 4 5 16.097561 -11.646341 -0.365854 0.162598 0.902832 -0.521973 32700.000000
1 2 3 4 5 20.975610 -6.463415 -6.524390 0.097656 0.818848 -0.450195 32700.000000
1 2 3 4 5 4.756098 -12.500000 0.975610 0.349121 0.808105 -0.450684 32700.000000
1 2 3 4 5 -3.475610 -14.817073 3.414634 0.228027 0.858887 -0.431641 32700.000000
1 2 3 4 5 13.597561 -7.012195 -3.597561 0.208008 0.841797 -0.337402 32700.000000
1 2 3 4 5 20.060976 -8.963415 -3.414634 0.375000 0.807617 -0.432617 32700.000000
1 2 3 4 5 16.463415 -9.207317 -1.280488 0.199707 0.916016 -0.345703 32700.000000
1 2 3 4 5 15.731707 -3.902439 -0.548780 0.229004 0.937012 -0.351074 32700.000000
1 2 3 4 5 16.219512 -7.195122 -1.585366 0.154297 0.897461 -0.252441 32700.000000
1 2 3 4 5 7.195122 -12.865854 0.365854 0.233398 0.775879 -0.353516 32700.000000
1 2 3 4 5 7.804878 -8.841463 -4.146341 0.213379 0.968262 -0.384766 32700.000000
1 2 3 4 5 8.658537 -8.963415 -6.036585 0.114258 0.834473 -0.406250 32700.000000
1 2 3 4 5 8.963415 -5.670732 -10.975610 0.308594 0.858398 -0.284668 32700.000000
1 2 3 4 5 20.365854 -1.158537 -19.085366 0.170410 0.839844 -0.424316 10778.000000
1 2 3 4 5 32.317073 5.365854 -19.451220 0.227539 0.888184 -0.242676 32700.000000
1 2 3 4 5 30.670732 9.451220 -19.634146 0.284668 0.756348 -0.317383 32700.000000
1 2 3 4 5 51.585366 17.682927 -34.573171 0.084961 0.557617 -0.291504 32700.000000
1 2 3 4 5 141.097561 43.048780 -63.170732 0.170898 0.455566 -0.317383 32700.000000
1 2 3 4 5 201.768293 52.195122 -84.634146 0.125977 0.474609 -0.308105 32700.000000
1 2 3 4 5 234.573171 59.817073 -89.207317 0.137695 0.420898 -0.350586 32700.000000
1 2 3 4 5 270.670732 66.158537 -90.365854 0.164551 0.329590 -0.434082 32700.000000
1 2 3 4 5 286.036585 62.012195 -92.865854 -0.078125 0.081055 -0.762207 32700.000000
1 2 3 4 5 324.695122 78.963415 -105.182927 0.199707 -0.184570 -0.766113 32700.000000
1 2 3 4 5 296.280488 65.975610 -111.646341 0.326660 -0.413086 -0.679688 32700.000000
1 2 3 4 5 267.439024 50.548780 -119.085366 0.214844 -0.301758 -0.667480 32700.000000
1 2 3 4 5 316.768293 45.365854 -161.524390 0.136230 -0.472168 -0.768555 32700.000000
1 2 3 4 5 327.743902 23.231707 -175.914634 0.504883 -0.691895 -0.687012 32700.000000
1 2 3 4 5 255.426829 -15.853659 -164.329268 -0.003418 -0.721191 -0.940430 32700.000000
1 2 3 4 5 295.304878 -5.548780 -187.134146 -0.026367 -0.602051 -0.818359 25561.000000
1 2 3 4 5 318.353659 -27.073171 -178.841463 0.363770 -0.731934 -0.499512 32700.000000
1 2 3 4 5 313.109756 -72.987805 -173.353659 0.062012 -1.144043 -0.580078 32700.000000
1 2 3 4 5 375.487805 -109.024390 -192.073171 -0.122070 -1.254395 -0.643066 32700.000000
1 2 3 4 5 363.353659 -147.317073 -162.317073 -0.060547 -1.589355 -0.411133 24039.000000
1 2 3 4 5 358.902439 -181.829268 -148.658537 -0.378418 -1.747559 -0.497559 32700.000000
1 2 3 4 5 323.353659 -211.768293 -126.402439 -0.562988 -2.034180 -0.534180 32700.000000
1 2 3 4 5 274.939024 -236.463415 -108.109756 -0.643555 -1.963867 -0.983398 32700.000000
1 2 3 4 5 187.682927 -229.329268 -86.707317 -0.735352 -1.795410 -0.943359 32700.000000
1 2 3 4 5 155.609756 -207.012195 -91.158537 -0.692383 -1.415039 -0.756348 32700.000000
1 2 3 4 5 179.939024 -193.414634 -105.365854 -0.471680 -1.360352 -0.641113 32700.000000
1 2 3 4 5 198.658537 -176.463415 -107.134146 -0.583008 -1.434082 -0.647949 32700.000000
1 2 3 4 5 155.121951 -151.951220 -83.048780 -0.465820 -1.494629 -0.801758 32700.000000
1 2 3 4 5 118.597561 -135.182927 -79.695122 -0.388184 -1.469238 -0.654785 32700.000000
1 2 3 4 5 89.756098 -117.378049 -77.926829 -0.245605 -1.337891 -0.484863 32700.000000
1 2 3 4 5 87.073171 -96.158537 -49.268293 -0.269043 -1.095215 -0.495605 32700.000000
1 2 3 4 5 85.365854 -82.073171 -27.560976 -0.138672 -1.280762 -0.249023 32700.000000
1 2 3 4 5 71.829268 -72.073171 -35.182927 -0.007324 -1.243652 -0.187012 32700.000000
1 2 3 4 5 35.243902 -54.146341 -28.231707 0.053223 -1.120605 -0.121582 32700.000000
1 2 3 4 5 24.329268 -41.280488 -12.500000 -0.000977 -0.942871 -0.148926 32700.000000
1 2 3 4 5 26.951220 -31.219512 -7.682927 0.154297 -0.966797 -0.120117 32700.000000
1 2 3 4 5 23.475610 -40.975610 7.926829 0.175293 -0.934082 0.108398 32700.000000
1 2 3 4 5 13.658537 -39.390244 14.390244 0.087891 -1.020996 -0.168945 32700.000000
1 2 3 4 5 14.756098 -23.536585 14.268293 0.142090 -1.136230 -0.252441 32700.000000
1 2 3 4 5 24.390244 -8.292683 -4.939024 0.172852 -1.166504 -0.180176 32700.000000
1 2 3 4 5 18.536585 4.817073 -6.829268 0.176270 -1.104980 -0.252441 32349.000000
1 2 3 4 5 21.646341 25.060976 -7.195122 0.066406 -1.061523 -0.259277 32700.000000
1 2 3 4 5 16.890244 35.487805 -8.841463 0.145996 -1.061523 -0.241699 32700.000000
1 2 3 4 5 20.000000 47.500000 -9.695122 -0.231934 -1.235352 -0.451660 32700.000000
1 2 3 4 5 16.829268 72.865854 -6.158537 -0.975586 -1.572754 -0.493652 32700.000000
1 2 3 4 5 24.817073 90.060976 31.890244 -2.213867 -2.054199 -0.973145 32700.000000
1 2 3 4 5 4.817073 133.597561 102.621951 -3.566895 -3.443848 -1.770020 32700.000000
1 2 3 4 5 -85.487805 258.963415 153.536585 -5.270508 -5.610840 -2.155762 32700.000000
1 2 3 4 5 -251.524390 521.463415 129.695122 -6.089844 -8.485840 -0.150391 32700.000000
1 2 3 4 5 -498.780488 631.158537 150.609756 -5.769531 -9.946777 3.424316 32700.000000
1 2 3 4 5 -639.268293 686.219512 160.304878 -5.738770 -10.830078 5.550293 32700.000000
1 2 3 4 5 -779.756098 836.463415 77.804878 -7.030762 -11.612305 7.797852 32700.000000
1 2 3 4 5 -997.621951 821.768293 -48.719512 -3.772949 -9.426758 13.822266 32700.000000
1 2 3 4 5 -671.585366 572.743902 10.670732 -0.873535 -1.718750 13.165527 32700.000000
1 2 3 4 5 -161.036585 229.207317 -78.231707 2.491699 -0.699707 10.165527 32700.000000
1 2 3 4 5 -182.378049 -8.963415 -35.426829 0.359863 2.670898 3.775879 32700.000000
1 2 3 4 5 24.756098 45.792683 -26.280488 -0.376953 3.263184 0.953125 32700.000000
1 2 3 4 5 92.926829 82.012195 56.402439 0.943359 0.032227 1.037109 32700.000000
1 2 3 4 5 -29.207317 26.646341 23.414634 1.641113 -0.709473 1.022949 32700.000000
1 2 3 4 5 -20.731707 2.621951 -10.487805 0.771973 0.816895 0.067871 32700.000000
1 2 3 4 5 49.268293 7.865854 -2.621951 1.312012 0.493652 0.319824 32700.000000
1 2 3 4 5 -47.073171 -46.158537 41.524390 1.312988 0.332031 -0.116699 32700.000000
1 2 3 4 5 7.073171 -22.012195 29.817073 0.721191 0.573242 -0.481934 32700.000000
1 2 3 4 5 75.243902 -5.975610 19.268293 1.169434 -0.191895 -0.317383 32700.000000
1 2 3 4 5 29.451220 -31.585366 30.548780 1.094238 -0.087402 -0.398926 32700.000000
1 2 3 4 5 46.158537 -22.682927 25.670732 0.702637 0.113770 -0.643555 32700.000000
1 2 3 4 5 74.878049 -10.914634 28.841463 0.918945 -0.307617 -0.653320 32700.000000
1 2 3 4 5 29.146341 -21.829268 29.268293 0.945313 -0.387207 -0.462891 32700.000000
1 2 3 4 5 2.073171 -30.853659 29.390244 0.929199 -0.185059 -0.720215 32700.000000
1 2 3 4 5 21.036585 -20.731707 19.512195 0.758789 -0.223145 -0.712402 32700.000000
1 2 3 4 5 10.304878 -24.573171 28.353659 0.887207 -0.286133 -0.547852 32700.000000
1 2 3 4 5 -10.731707 -26.829268 38.414634 0.890625 -0.231934 -0.638184 32071.000000
1 2 3 4 5 8.719512 -19.207317 28.658537 0.729980 -0.220215 -0.650391 30523.000000
1 2 3 4 5 15.121951 -18.292683 24.085366 0.676758 -0.396973 -0.566895 32700.000000
1 2 3 4 5 1.280488 -21.707317 26.097561 0.861816 -0.242676 -0.582031 31412.000000
1 2 3 4 5 -4.817073 -34.329268 25.731707 0.704102 -0.277832 -0.523926 32700.000000
1 2 3 4 5 -3.658537 -46.158537 21.768293 0.690430 -0.339844 -0.315430 32700.000000
1 2 3 4 5 -8.353659 -54.817073 23.475610 0.631348 -0.280273 -0.330566 32700.000000
1 2 3 4 5 -27.134146 -73.170732 34.512195 0.640625 -0.313477 -0.230957 32700.000000
1 2 3 4 5 -42.865854 -89.573171 29.756098 0.495117 -0.377441 -0.003906 32700.000000
1 2 3 4 5 -62.012195 -113.048780 32.621951 0.430664 -0.301270 0.046387 32700.000000
1 2 3 4 5 -95.670732 -143.048780 43.109756 0.465332 -0.201660 0.356445 31657.000000
1 2 3 4 5 -92.743902 -168.780488 43.597561 0.174316 -0.108887 0.292969 17944.000000
1 2 3 4 5 -25.853659 -181.768293 36.463415 0.150879 0.080566 0.022949 32700.000000
1 2 3 4 5 -2.865854 -192.195122 61.036585 0.118652 -0.222656 -0.299805 32700.000000
1 2 3 4 5 -5.609756 -210.121951 68.780488 0.113770 -0.400879 -0.543945 32700.000000
1 2 3 4 5 9.451220 -198.963415 55.121951 -0.330078 -0.267090 -1.192383 32700.000000
1 2 3 4 5 43.841463 -154.512195 63.109756 -0.296387 -0.004395 -1.551270 32700.000000
1 2 3 4 5 48.353659 -139.451220 70.243902 -0.144043 -0.311523 -1.682129 32700.000000
1 2 3 4 5 16.829268 -128.170732 67.195122 -0.367188 -0.138672 -1.731934 32700.000000
1 2 3 4 5 64.146341 -74.817073 57.743902 -0.412109 0.145508 -1.835938 32700.000000
1 2 3 4 5 82.926829 -52.439024 73.597561 -0.120605 -0.189453 -1.456055 32700.000000
1 2 3 4 5 5.121951 -77.926829 97.621951 -0.119141 -0.472656 -1.387207 32700.000000
1 2 3 4 5 0.304878 -69.146341 78.109756 -0.241699 -0.135254 -1.538086 32700.000000
1 2 3 4 5 37.073171 -50.060976 42.743902 -0.167480 -0.046875 -1.255371 32700.000000
1 2 3 4 5 -20.365854 -75.426829 66.890244 -0.155273 -0.153320 -1.069824 32700.000000
1 2 3 4 5 -72.134146 -87.560976 87.012195 -0.275391 -0.045410 -1.391602 -1603.000000
1 2 3 4 5 -13.597561 -44.207317 52.987805 -0.411133 0.106445 -1.386230 32700.000000
1 2 3 4 5 25.121951 -28.353659 59.634146 -0.213379 0.211426 -0.980469 32700.000000
1 2 3 4 5 -21.280488 -47.073171 100.670732 -0.107422 -0.116211 -1.039063 32700.000000
1 2 3 4 5 -30.975610 -47.439024 81.158537 -0.238281 -0.074707 -1.300781 32700.000000
1 2 3 4 5 32.926829 -8.475610 33.170732 -0.346680 -0.005371 -1.083984 32700.000000
1 2 3 4 5 27.682927 -18.902439 21.219512 0.024902 -0.406738 -0.687500 32700.000000
1 2 3 4 5 -39.817073 -34.695122 46.951220 -0.309082 -0.104980 -0.947754 32700.000000
1 2 3 4 5 -30.182927 -116.341463 85.914634 -0.177734 0.174805 -1.125488 32700.000000
1 2 3 4 5 24.878049 -33.231707 37.439024 -0.413086 -0.089355 -0.920898 32700.000000
1 2 3 4 5 0.365854 -5.670732 13.597561 -0.199707 -0.099609 -0.789551 32700.000000
1 2 3 4 5 -33.475610 -19.207317 24.939024 -0.174316 -0.511230 -1.030273 30621.000000
1 2 3 4 5 -28.719512 -45.060976 7.195122 -0.236816 -0.045410 -1.062988 32700.000000
1 2 3 4 5 32.682927 -43.963415 -18.902439 -0.244141 -0.227051 -1.045410 32700.000000
1 2 3 4 5 -20.121951 -55.670732 -26.158537 -0.312500 0.053711 -1.042969 32700.000000
1 2 3 4 5 -76.158537 -61.829268 -21.158537 -0.388184 0.001465 -1.084961 32700.000000
1 2 3 4 5 -27.012195 -36.036585 -44.146341 -0.486328 -0.009277 -1.064941 32700.000000
1 2 3 4 5 26.646341 -14.146341 -68.841463 -0.470215 -0.008789 -1.028320 32700.000000
1 2 3 4 5 31.707317 -0.487805 -36.219512 -0.516113 -0.129395 -1.116699 32700.000000
1 2 3 4 5 1.890244 39.878049 -10.182927 -0.274902 -0.031738 -0.981445 32700.000000
1 2 3 4 5 45.670732 169.756098 -25.121951 -0.388672 -0.098633 -1.050293 32700.000000
1 2 3 4 5 64.207317 126.158537 -42.987805 -0.416504 -0.196777 -1.155273 32700.000000
1 2 3 4 5 24.634146 67.804878 13.353659 -0.251953 -0.237305 -1.200195 32700.000000
1 2 3 4 5 49.878049 51.280488 93.475610 -0.306641 -0.252441 -1.183594 32700.000000
1 2 3 4 5 15.304878 33.536585 87.500000 -0.229004 0.014160 -1.311035 32700.000000
1 2 3 4 5 23.536585 30.060976 36.463415 -0.280762 -0.105957 -1.203613 1240.000000
1 2 3 4 5 12.195122 63.109756 29.512195 -0.285645 -0.234863 -1.092773 32700.000000
1 2 3 4 5 -2.987805 91.219512 47.926829 -0.247559 -0.283203 -1.131836 32700.000000
1 2 3 4 5 -16.524390 52.073171 60.060976 -0.094727 -0.154297 -1.260254 32700.000000
1 2 3 4 5 6.158537 56.646341 84.695122 -0.110352 -0.231445 -1.248047 32700.000000
1 2 3 4 5 -34.268293 53.475610 56.402439 -0.065430 -0.139160 -1.111816 32700.000000
1 2 3 4 5 -7.073171 -20.670732 34.695122 0.012695 -0.158691 -1.127930 32700.000000
1 2 3 4 5 15.365854 -0.365854 33.719512 0.030762 -0.084961 -1.104004 32700.000000
1 2 3 4 5 37.743902 12.012195 22.865854 -0.021484 -0.175293 -1.308105 32700.000000
1 2 3 4 5 63.536585 22.195122 47.195122 0.021973 -0.147949 -1.120605 11239.000000
1 2 3 4 5 10.914634 14.573171 36.097561 0.102539 0.074707 -1.119141 32700.000000
1 2 3 4 5 -17.378049 -0.426829 0.243902 -0.125000 -0.130371 -0.852539 32700.000000
1 2 3 4 5 -4.695122 -115.365854 52.256098 0.208984 -0.248535 -1.098633 32700.000000
1 2 3 4 5 25.365854 -104.817073 31.097561 -0.053711 -0.194336 -1.222656 32700.000000
1 2 3 4 5 29.939024 -14.268293 2.743902 -0.060547 -0.033203 -0.996582 32700.000000
1 2 3 4 5 10.182927 -21.036585 -5.182927 -0.256836 -0.000488 -0.823242 32700.000000
1 2 3 4 5 12.865854 -42.317073 7.987805 -0.168945 0.063965 -1.135254 32700.000000
1 2 3 4 5 17.256098 -84.634146 55.426829 -0.184570 0.164551 -1.370605 32700.000000
1 2 3 4 5 -45.914634 -10.731707 25.426829 -0.153320 -0.095703 -1.104980 32700.000000
1 2 3 4 5 -45.670732 -10.975610 -16.951220 -0.065918 -0.251465 -1.020508 32700.000000
1 2 3 4 5 -37.987805 -21.280488 -16.280488 -0.139160 0.021973 -0.921387 32700.000000
1 2 3 4 5 74.512195 -21.707317 18.719512 -0.150391 0.087891 -1.145996 32700.000000
1 2 3 4 5 12.195122 12.134146 5.670732 -0.210938 0.040527 -0.984863 32671.000000
1 2 3 4 5 6.890244 7.073171 -18.231707 -0.274414 -0.128906 -1.140137 32700.000000
1 2 3 4 5 4.024390 10.731707 -9.817073 -0.136230 -0.039063 -1.014160 32700.000000
1 2 3 4 5 -11.524390 7.621951 7.560976 -0.140625 0.081055 -0.977539 32216.000000
1 2 3 4 5 0.426829 2.743902 13.719512 -0.237793 -0.110352 -0.983887 32636.000000
1 2 3 4 5 10.060976 3.170732 11.463415 -0.138672 -0.029297 -0.985352 32700.000000
1 2 3 4 5 4.329268 0.731707 11.219512 -0.292480 -0.014160 -0.934570 32700.000000
1 2 3 4 5 -7.073171 7.073171 -8.719512 -0.161133 -0.088867 -0.994629 32700.000000
1 2 3 4 5 7.682927 1.341463 3.597561 -0.154785 -0.053711 -1.071777 -9344.000000
1 2 3 4 5 11.341463 1.036585 10.731707 -0.128906 -0.015137 -1.094238 32700.000000
1 2 3 4 5 -5.975610 10.609756 9.268293 -0.126465 -0.166016 -1.050781 32700.000000
1 2 3 4 5 8.536585 8.231707 3.902439 -0.272949 0.196777 -1.053223 32398.000000
1 2 3 4 5 -0.914634 4.268293 6.768293 -0.211426 -0.053223 -0.933594 32700.000000
1 2 3 4 5 12.012195 6.341463 2.317073 -0.131348 -0.044434 -1.075684 32700.000000
1 2 3 4 5 -7.987805 18.536585 14.939024 -0.113770 -0.065918 -0.884766 32700.000000
1 2 3 4 5 10.121951 -0.914634 11.402439 -0.047363 0.001953 -1.119141 32700.000000
1 2 3 4 5 12.621951 -3.841463 19.512195 -0.083984 -0.006348 -1.014160 17679.000000
1 2 3 4 5 10.548780 -5.060976 10.731707 -0.145508 -0.092285 -1.042480 32700.000000
1 2 3 4 5 11.585366 -5.853659 7.073171 -0.186035 0.068359 -1.004883 32700.000000
1 2 3 4 5 24.268293 -4.207317 4.573171 -0.019531 0.097168 -1.149902 32700.000000
1 2 3 4 5 41.341463 -0.548780 2.743902 -0.049805 -0.072266 -0.973145 32700.000000
1 2 3 4 5 47.743902 -2.012195 2.439024 -0.079102 -0.046387 -1.084961 22583.000000
1 2 3 4 5 25.182927 -4.451220 4.390244 -0.180664 -0.083008 -0.962402 32700.000000
1 2 3 4 5 -13.719512 -6.585366 8.231707 -0.039551 -0.102539 -0.962891 32700.000000
1 2 3 4 5 -11.036585 -9.085366 8.780488 -0.108887 -0.023438 -1.009766 32700.000000
1 2 3 4 5 -3.841463 -7.439024 8.414634 -0.144531 -0.092285 -1.053711 32700.000000
1 2 3 4 5 10.365854 -4.817073 6.829268 -0.046387 0.067383 -1.096680 32700.000000
1 2 3 4 5 30.731707 -2.500000 3.963415 -0.177246 0.076660 -1.009277 32700.000000
1 2 3 4 5 46.524390 -2.195122 3.170732 -0.037109 0.062500 -0.979980 32700.000000
1 2 3 4 5 26.341463 -5.182927 2.804878 -0.040039 0.048340 -1.038574 32700.000000
1 2 3 4 5 -5.609756 -5.792683 8.048780 -0.152832 0.028320 -1.111328 32700.000000
1 2 3 4 5 0.609756 -7.743902 7.378049 -0.099609 -0.007813 -1.145996 32700.000000
1 2 3 4 5 3.841463 -6.951220 6.707317 -0.067871 0.046875 -0.946289 32700.000000
1 2 3 4 5 27.317073 -3.170732 4.512195 -0.118164 0.082031 -1.106445 32700.000000
1 2 3 4 5 18.292683 -3.963415 4.207317 -0.185547 -0.021484 -1.095215 32700.000000
1 2 3 4 5 -1.585366 -6.036585 6.707317 -0.190918 0.001465 -1.048340 32700.000000
1 2 3 4 5 12.195122 -4.634146 7.865854 -0.036133 0.005371 -1.001465 32700.000000
1 2 3 4 5 22.560976 -5.853659 5.731707 -0.166992 -0.074219 -1.052734 32700.000000
1 2 3 4 5 12.987805 -5.792683 6.463415 -0.133789 -0.081055 -1.095215 32700.000000
1 2 3 4 5 11.585366 -5.975610 6.280488 -0.060547 0.030273 -1.103516 32700.000000
1 2 3 4 5 12.621951 -5.121951 6.585366 -0.072266 -0.075195 -1.005859 32700.000000
1 2 3 4 5 9.512195 -5.182927 4.268293 -0.034180 -0.092285 -1.058105 32700.000000
1 2 3 4 5 10.609756 -4.207317 5.975610 -0.066895 -0.028320 -1.095703 32700.000000
1 2 3 4 5 9.634146 -4.695122 5.792683 -0.061035 -0.071777 -1.114746 32700.000000
1 2 3 4 5 11.280488 -4.634146 6.280488 -0.155273 -0.010254 -0.999023 32700.000000
1 2 3 4 5 10.426829 -5.548780 6.890244 -0.166992 -0.032715 -1.011230 32700.000000
1 2 3 4 5 11.829268 -6.280488 5.792683 -0.097656 0.018066 -1.029297 32700.000000
1 2 3 4 5 10.731707 -4.451220 6.219512 -0.004395 -0.062500 -1.107422 32700.000000
1 2 3 4 5 12.560976 -4.817073 4.756098 -0.078613 -0.028320 -1.076660 32700.000000
1 2 3 4 5 10.243902 -6.280488 5.853659 -0.094238 0.003418 -1.089844 32700.000000
1 2 3 4 5 9.512195 -4.024390 6.524390 -0.087402 0.087402 -1.125977 32700.000000
1 2 3 4 5 12.439024 -5.060976 6.341463 -0.150879 0.014160 -1.053223 -21066.000000
1 2 3 4 5 13.292683 -6.402439 5.060976 -0.034180 0.062012 -1.031738 32700.000000
1 2 3 4 5 10.975610 -4.878049 4.451220 -0.050293 -0.003418 -1.066895 32700.000000
1 2 3 4 5 10.365854 -6.585366 5.426829 -0.038574 0.087402 -0.935547 32700.000000
1 2 3 4 5 10.975610 -4.024390 7.500000 -0.129395 -0.042480 -1.047363 32700.000000
1 2 3 4 5 11.402439 -6.036585 6.707317 -0.085449 0.050781 -0.995605 32700.000000
1 2 3 4 5 10.670732 -5.243902 6.036585 -0.180664 0.026367 -1.129883 32700.000000
1 2 3 4 5 10.487805 -4.146341 6.402439 -0.104004 0.108398 -0.930664 32700.000000
1 2 3 4 5 11.341463 -5.365854 6.219512 -0.164551 -0.066895 -1.094238 32700.000000
1 2 3 4 5 12.012195 -7.987805 7.804878 -0.137695 -0.040527 -1.049805 32700.000000
1 2 3 4 5 11.707317 -5.243902 4.573171 -0.133789 0.067871 -1.040039 32700.000000
1 2 3 4 5 9.878049 -2.560976 5.609756 -0.131348 0.021484 -1.072754 32700.000000
1 2 3 4 5 9.634146 -4.329268 5.000000 -0.083984 -0.049316 -1.126465 32700.000000
1 2 3 4 5 12.073171 -4.085366 6.036585 -0.155273 0.013672 -0.994629 32700.000000
1 2 3 4 5 11.524390 -3.841463 6.341463 -0.099121 0.040527 -1.098145 32700.000000
1 2 3 4 5 12.134146 -6.036585 6.341463 -0.183594 0.017090 -1.020996 32700.000000
1 2 3 4 5 8.902439 -7.012195 5.000000 -0.205078 0.021484 -1.051758 32700.000000
1 2 3 4 5 11.463415 -5.060976 6.951220 -0.125000 0.079102 -1.018555 32154.000000
1 2 3 4 5 9.878049 -5.975610 5.914634 -0.032715 0.068359 -1.014160 32700.000000
1 2 3 4 5 11.097561 -3.780488 6.585366 -0.074219 0.144043 -1.164063 32700.000000
1 2 3 4 5 10.121951 -4.024390 4.756098 -0.110352 0.019531 -1.044922 32700.000000
1 2 3 4 5 11.463415 -4.817073 6.646341 -0.187500 -0.029785 -1.100098 32700.000000
1 2 3 4 5 9.756098 -3.597561 3.902439 -0.161133 -0.006348 -1.088867 32700.000000
1 2 3 4 5 11.646341 -4.268293 5.975610 -0.055176 -0.069336 -0.998047 32700.000000
1 2 3 4 5 11.280488 -4.756098 6.707317 -0.160645 -0.035645 -1.007324 32700.000000
1 2 3 4 5 10.731707 -6.097561 6.402439 -0.094238 0.009277 -1.046387 32700.000000
1 2 3 4 5 10.792683 -6.585366 6.158537 -0.074219 -0.169434 -0.982910 32700.000000
1 2 3 4 5 9.817073 -3.597561 5.792683 -0.142090 -0.000000 -1.068359 32700.000000
1 2 3 4 5 10.548780 -3.963415 6.524390 -0.117188 -0.031738 -0.929199 32700.000000
1 2 3 4 5 10.792683 -6.402439 6.219512 -0.146484 0.056152 -1.030273 32700.000000
1 2 3 4 5 10.792683 -4.573171 6.646341 -0.166504 -0.083984 -0.968750 32700.000000
1 2 3 4 5 10.000000 -4.573171 4.695122 -0.025391 0.031250 -1.089355 32700.000000
1 2 3 4 5 12.621951 -4.024390 6.341463 -0.173340 -0.037598 -1.044434 32700.000000
1 2 3 4 5 9.634146 -4.451220 5.853659 -0.091797 -0.057129 -0.959473 32700.000000
1 2 3 4 5 11.585366 -6.219512 5.670732 -0.061523 -0.032227 -1.009277 32700.000000
1 2 3 4 5 10.975610 -5.121951 5.792683 -0.193359 -0.018555 -0.927734 32700.000000
1 2 3 4 5 12.743902 -5.792683 6.585366 -0.050293 0.110352 -1.027344 32700.000000
1 2 3 4 5 11.951220 -6.097561 5.975610 -0.114746 -0.107910 -1.008789 32700.000000
1 2 3 4 5 11.890244 -3.902439 6.463415 -0.080078 0.096191 -1.057617 32700.000000
1 2 3 4 5 11.463415 -6.585366 6.463415 -0.016113 0.003418 -1.065430 32700.000000
1 2 3 4 5 11.280488 -5.121951 5.304878 -0.084473 0.005371 -1.085938 32700.000000
1 2 3 4 5 10.914634 -6.463415 6.768293 -0.112793 0.026855 -1.047363 32700.000000
1 2 3 4 5 11.219512 -4.390244 6.951220 -0.135742 -0.104980 -1.070313 32700.000000
1 2 3 4 5 10.914634 -4.634146 5.365854 -0.081055 0.032227 -1.032715 32700.000000
1 2 3 4 5 11.219512 -5.121951 6.280488 -0.083008 0.071777 -1.069336 32700.000000
1 2 3 4 5 9.817073 -4.451220 6.402439 -0.086426 0.098145 -1.073242 32700.000000
1 2 3 4 5 11.646341 -3.475610 6.585366 -0.112305 -0.032715 -1.059082 32700.000000
1 2 3 4 5 11.341463 -5.243902 6.219512 -0.107910 0.030273 -1.058105 32700.000000
1 2 3 4 5 11.341463 -4.451220 5.060976 -0.149902 -0.000488 -1.048340 32700.000000
1 2 3 4 5 10.426829 -5.731707 6.829268 -0.078613 -0.001953 -1.066895 32700.000000
1 2 3 4 5 9.939024 -4.817073 4.085366 -0.098145 0.053711 -1.148926 32700.000000
1 2 3 4 5 10.060976 -3.475610 4.329268 -0.133789 0.002930 -1.004883 32700.000000
1 2 3 4 5 11.036585 -3.963415 5.731707 -0.164551 -0.098145 -1.060547 32700.000000
1 2 3 4 5 10.853659 -5.731707 7.682927 -0.147461 0.081055 -0.999023 32700.000000
1 2 3 4 5 10.548780 -6.829268 5.853659 -0.135742 0.007324 -1.093262 32700.000000
1 2 3 4 5 11.829268 -4.268293 5.914634 -0.100098 -0.011230 -1.050781 32700.000000
1 2 3 4 5 11.707317 -7.317073 6.585366 -0.116211 -0.021484 -1.042480 32700.000000
1 2 3 4 5 10.426829 -4.146341 5.670732 -0.083984 -0.023438 -1.102539 -32538.000000
1 2 3 4 5 10.975610 -3.963415 6.646341 -0.156250 0.008301 -0.980469 32700.000000
1 2 3 4 5 11.768293 -6.585366 5.426829 -0.080566 -0.103516 -1.034668 32700.000000
1 2 3 4 5 11.402439 -5.670732 4.878049 -0.091309 0.075684 -0.941406 32700.000000
1 2 3 4 5 10.121951 -6.524390 4.756098 -0.057617 0.006836 -1.077148 32700.000000
1 2 3 4 5 10.731707 -5.000000 6.280488 -0.113281 -0.068848 -1.090820 17793.000000
1 2 3 4 5 11.341463 -5.731707 6.402439 -0.006348 -0.054199 -0.972168 32700.000000
1 2 3 4 5 11.829268 -3.841463 6.524390 -0.183594 0.050781 -1.091797 32700.000000
1 2 3 4 5 12.195122 -3.841463 7.012195 -0.106445 0.042480 -1.099121 32700.000000
1 2 3 4 5 10.243902 -4.207317 6.524390 -0.039063 0.056152 -1.126465 32700.000000
1 2 3 4 5 11.829268 -3.475610 5.548780 -0.115723 -0.063965 -1.078613 32700.000000
1 2 3 4 5 10.304878 -3.170732 5.670732 -0.042480 -0.018066 -1.061035 32700.000000
1 2 3 4 5 10.487805 -5.243902 6.646341 -0.145020 -0.007813 -0.991699 32700.000000
1 2 3 4 5 9.573171 -4.756098 6.524390 0.047363 -0.048828 -1.020020 32700.000000
1 2 3 4 5 10.853659 -5.304878 5.731707 -0.174316 0.058594 -1.061035 32700.000000
1 2 3 4 5 9.817073 -5.121951 5.670732 -0.107910 -0.062500 -1.041504 32700.000000
1 2 3 4 5 10.853659 -5.243902 6.097561 -0.196289 0.013672 -1.100586 32231.000000
1 2 3 4 5 10.914634 -7.195122 6.402439 -0.181641 0.000488 -0.995117 32700.000000
1 2 3 4 5 11.402439 -5.182927 5.853659 -0.099609 0.081055 -1.111328 32700.000000
1 2 3 4 5 12.560976 -5.243902 6.890244 -0.170410 -0.052734 -0.969238 32700.000000
1 2 3 4 5 11.463415 -5.548780 5.670732 -0.128906 -0.039063 -0.944824 32700.000000
1 2 3 4 5 10.365854 -3.780488 4.451220 -0.062988 0.076172 -0.988281 32700.000000
1 2 3 4 5 10.853659 -5.000000 6.890244 -0.059082 -0.059570 -0.998535 29341.000000
1 2 3 4 5 11.829268 -3.292683 6.341463 -0.079590 -0.038574 -1.100586 32700.000000
1 2 3 4 5 11.524390 -5.975610 5.670732 -0.142090 0.011719 -1.013672 32700.000000
1 2 3 4 5 10.000000 -5.426829 6.097561 -0.125977 -0.085449 -1.032715 32700.000000
1 2 3 4 5 10.914634 -7.073171 5.365854 -0.134277 -0.020996 -1.083008 32700.000000
1 2 3 4 5 10.731707 -5.304878 5.609756 -0.164063 -0.033691 -1.045898 32700.000000
1 2 3 4 5 9.390244 -5.304878 5.000000 -0.194336 -0.055664 -1.030273 32700.000000
1 2 3 4 5 9.451220 -5.000000 6.036585 -0.185547 -0.019043 -1.086914 32700.000000
1 2 3 4 5 11.097561 -5.609756 5.609756 -0.139160 -0.099121 -1.151367 32700.000000
1 2 3 4 5 12.378049 -5.365854 8.109756 -0.051270 -0.041992 -1.108398 32700.000000
1 2 3 4 5 10.792683 -3.963415 7.134146 -0.257324 -0.026367 -1.064941 32700.000000
1 2 3 4 5 12.012195 -6.524390 5.182927 -0.149414 0.016113 -1.067383 32700.000000
1 2 3 4 5 10.853659 -5.243902 6.158537 -0.162598 -0.021484 -1.119629 32700.000000
1 2 3 4 5 10.975610 -2.682927 4.573171 -0.066406 0.010254 -1.001465 28299.000000
1 2 3 4 5 12.134146 -5.548780 7.682927 -0.044434 0.103516 -1.172363 32700.000000
1 2 3 4 5 11.341463 -7.439024 6.585366 -0.176270 -0.015137 -1.118652 32700.000000
1 2 3 4 5 9.939024 -3.170732 4.817073 -0.044434 0.076660 -0.959473 32700.000000
1 2 3 4 5 11.280488 -4.207317 6.097561 -0.147461 -0.073730 -1.022461 32700.000000
1 2 3 4 5 12.073171 -4.329268 5.548780 -0.169922 -0.147949 -1.154785 32700.000000
1 2 3 4 5 10.914634 -7.987805 5.548780 -0.039063 -0.100586 -1.078613 32700.000000
