202616345,016,   1.82,   1.03,  14.34,   -1.77,    0.99,    2.93,-0.001,-0.021,-1.079, 124.0, -28.0,  92.0
202616355,016,   1.82,   1.02,  14.35,   -1.22,    1.24,    2.12,-0.010,-0.015,-1.095, 124.0, -28.0,  92.0
202616355,016,   1.81,   1.02,  14.37,   -1.22,    1.24,    2.12,-0.010,-0.015,-1.095, 125.0, -28.0,  92.0
202616368,016,   1.81,   1.02,  14.39,   -0.38,    1.59,    2.20,-0.004,-0.004,-1.087, 125.0, -28.0,  92.0
202616379,016,   1.81,   1.02,  14.40,   -0.38,    1.59,    2.20,-0.004,-0.004,-1.087, 125.0, -28.0,  92.0
202616388,016,   1.81,   1.01,  14.42,   -0.58,    1.56,    2.15,-0.014,-0.003,-1.081, 125.0, -28.0,  92.0
202616405,016,   1.80,   1.01,  14.43,   -0.58,    1.56,    2.15,-0.014,-0.003,-1.081, 125.0, -28.0,  92.0
202616408,016,   1.79,   1.01,  14.44,   -1.39,    1.37,    1.18,-0.002,-0.003,-1.077, 125.0, -28.0,  92.0
202616420,016,   1.78,   1.01,  14.45,   -1.39,    1.37,    1.18,-0.002,-0.003,-1.077, 125.0, -28.0,  92.0
202616429,032,   1.78,   1.01,  14.45,   -1.22,    1.48,    0.76,-0.001,-0.018,-1.104, 125.0, -28.0,  92.0
202616447,032,   1.77,   1.02,  14.45,   -1.22,    1.48,    0.76,-0.001,-0.018,-1.104, 125.0, -28.0,  92.0
202616448,016,   1.77,   1.02,  14.45,   -0.84,    1.63,    0.60,-0.007,-0.035,-1.057, 125.0, -28.0,  92.0
202616457,016,   1.77,   1.02,  14.45,   -0.84,    1.63,    0.60,-0.007,-0.035,-1.057, 125.0, -28.0,  92.0
202616471,016,   1.77,   1.02,  14.45,   -0.99,    1.54,    0.40,-0.002,-0.017,-1.096, 125.0, -28.0,  92.0
202616478,016,   1.77,   1.02,  14.45,   -0.99,    1.54,    0.40,-0.002,-0.017,-1.096, 125.0, -28.0,  92.0
202616490,016,   1.76,   1.01,  14.45,   -1.24,    1.37,    0.40,-0.010,-0.020,-1.092, 124.0, -28.0,  92.0
202616498,016,   1.75,   1.01,  14.45,   -1.24,    1.37,    0.40,-0.010,-0.020,-1.092, 124.0, -28.0,  92.0
202616513,016,   1.74,   1.01,  14.45,   -1.30,    1.42,    0.55,-0.006,-0.008,-1.076, 124.0, -28.0,  92.0
202616520,016,   1.73,   1.01,  14.45,   -1.30,    1.42,    0.55,-0.006,-0.008,-1.076, 124.0, -28.0,  92.0
202616536,016,   1.73,   1.01,  14.45,   -0.76,    1.66,    0.56,-0.007,-0.007,-1.092, 124.0, -28.0,  92.0
202616538,016,   1.73,   1.01,  14.45,   -0.76,    1.66,    0.56,-0.007,-0.007,-1.092, 124.0, -28.0,  92.0
202616546,016,   1.73,   1.01,  14.45,   -0.44,    1.74,    0.41,-0.006,-0.004,-1.076, 124.0, -28.0,  92.0
202616558,016,   1.72,   1.01,  14.45,   -0.44,    1.74,    0.41,-0.006,-0.004,-1.076, 124.0, -28.0,  92.0
202616568,016,   1.72,   1.01,  14.45,   -0.89,    1.47,    0.44,-0.006,-0.024,-1.073, 124.0, -28.0,  92.0
202616578,016,   1.72,   1.01,  14.45,   -0.89,    1.47,    0.44,-0.006,-0.024,-1.073, 124.0, -28.0,  92.0
202616589,016,   1.71,   1.01,  14.45,   -1.39,    1.16,    0.60, 0.003,-0.016,-1.099, 124.0, -28.0,  92.0
202616604,016,   1.70,   1.00,  14.45,   -1.39,    1.16,    0.60, 0.003,-0.016,-1.099, 124.0, -28.0,  92.0
202616610,016,   1.69,   1.00,  14.45,   -1.51,    1.16,    0.61,-0.003,-0.012,-1.083, 124.0, -28.0,  92.0
202616621,016,   1.68,   1.00,  14.45,   -1.51,    1.16,    0.61,-0.003,-0.012,-1.083, 124.0, -28.0,  92.0
202616637,016,   1.67,   0.99,  14.45,   -1.31,    1.30,    0.55, 0.000,-0.008,-1.074, 124.0, -28.0,  92.0
202616641,016,   1.66,   0.99,  14.45,   -1.31,    1.30,    0.55, 0.000,-0.008,-1.074, 124.0, -28.0,  92.0
202616647,016,   1.66,   0.99,  14.45,   -0.89,    1.45,    0.49,-0.010,-0.009,-1.092, 124.0, -28.0,  92.0
202616661,016,   1.66,   0.99,  14.45,   -0.89,    1.45,    0.49,-0.010,-0.009,-1.092, 124.0, -28.0,  92.0
202616669,016,   1.65,   0.99,  14.45,   -0.73,    1.60,    0.34,-0.008,-0.003,-1.087, 124.0, -28.0,  92.0
202616679,016,   1.65,   0.99,  14.44,   -0.73,    1.60,    0.34,-0.008,-0.003,-1.087, 124.0, -28.0,  92.0
202616690,016,   1.64,   0.99,  14.44,   -1.22,    1.42,    0.26, 0.006, 0.005,-1.086, 125.0, -28.0,  92.0
202616702,016,   1.63,   0.99,  14.44,   -1.22,    1.42,    0.26, 0.006, 0.005,-1.086, 125.0, -28.0,  92.0
202616713,016,   1.61,   0.99,  14.44,   -1.82,    1.22,    0.31,-0.007,-0.011,-1.086, 125.0, -28.0,  92.0
202616728,016,   1.60,   0.98,  14.43,   -1.82,    1.22,    0.31,-0.007,-0.011,-1.086, 125.0, -28.0,  92.0
202616732,016,   1.60,   0.98,  14.43,   -0.95,    1.51,    0.14,-0.002,-0.013,-1.074, 125.0, -28.0,  92.0
202616739,016,   1.59,   0.98,  14.43,   -0.95,    1.51,    0.14,-0.002,-0.013,-1.074, 125.0, -28.0,  92.0
202616749,016,   1.59,   0.98,  14.42,   -0.23,    1.68,    0.03,-0.002,-0.006,-1.071, 124.0, -28.0,  92.0
202616758,016,   1.60,   0.99,  14.42,   -0.23,    1.68,    0.03,-0.002,-0.006,-1.071, 124.0, -28.0,  92.0
202616770,016,   1.60,   0.99,  14.41,   -0.38,    1.83,   -0.40,-0.001,-0.012,-1.083, 124.0, -28.0,  92.0
202616779,016,   1.60,   0.99,  14.40,   -0.38,    1.83,   -0.40,-0.001,-0.012,-1.083, 124.0, -28.0,  92.0
202616792,016,   1.58,   0.99,  14.36,   -1.77,    1.39,   -3.34,-0.014,-0.012,-1.079, 124.0, -28.0,  92.0
202616800,016,   1.57,   0.99,  14.32,   -1.77,    1.39,   -3.34,-0.014,-0.012,-1.079, 124.0, -28.0,  92.0
202616816,016,   1.55,   0.98,  14.28,   -2.63,    0.92,   -3.27,-0.009,-0.017,-1.079, 124.0, -28.0,  92.0
202616818,016,   1.53,   0.98,  14.24,   -2.63,    0.92,   -3.27,-0.009,-0.017,-1.079, 124.0, -28.0,  92.0
202616826,016,   1.51,   0.97,  14.23,   -2.52,    0.75,   -0.66,-0.009,-0.013,-1.073, 124.0, -28.0,  92.0
202616838,016,   1.49,   0.96,  14.22,   -2.52,    0.75,   -0.66,-0.009,-0.013,-1.073, 124.0, -28.0,  92.0
202616848,016,   1.48,   0.96,  14.22,   -1.77,    1.08,    0.40,-0.014,-0.005,-1.079, 124.0, -28.0,  92.0
202616858,016,   1.46,   0.95,  14.22,   -1.77,    1.08,    0.40,-0.014,-0.005,-1.079, 124.0, -28.0,  92.0
202616870,016,   1.46,   0.95,  14.22,   -1.04,    1.54,    0.49,-0.004,-0.005,-1.087, 124.0, -28.0,  92.0
202616879,016,   1.45,   0.95,  14.22,   -1.04,    1.54,    0.49,-0.004,-0.005,-1.087, 124.0, -28.0,  92.0
202616890,016,   1.44,   0.95,  14.21,   -1.89,    1.16,    0.34,-0.006,-0.017,-1.077, 125.0, -28.0,  92.0
202616900,016,   1.43,   0.94,  14.21,   -1.89,    1.16,    0.34,-0.006,-0.017,-1.077, 125.0, -28.0,  92.0
202616916,016,   1.41,   0.94,  14.21,   -2.15,    0.95,    0.46, 0.000,-0.016,-1.072, 125.0, -28.0,  92.0
202616918,016,   1.40,   0.93,  14.21,   -2.15,    0.95,    0.46, 0.000,-0.016,-1.072, 125.0, -28.0,  92.0
202616931,016,   1.39,   0.93,  14.21,   -1.79,    1.01,    0.52,-0.003,-0.019,-1.068, 125.0, -28.0,  92.0
202616941,016,   1.38,   0.92,  14.21,   -1.79,    1.01,    0.52,-0.003,-0.019,-1.068, 125.0, -28.0,  92.0
202616948,016,   1.38,   0.92,  14.21,   -0.03,    1.73,    0.63,-0.004,-0.012,-1.074, 124.0, -28.0,  92.0
202616959,016,   1.39,   0.93,  14.21,   -0.03,    1.73,    0.63,-0.004,-0.012,-1.074, 124.0, -28.0,  92.0
202616970,016,   1.40,   0.93,  14.21,    0.34,    1.94,    0.70,-0.000,-0.013,-1.076, 124.0, -28.0,  92.0
202616983,016,   1.41,   0.94,  14.22,    0.34,    1.94,    0.70,-0.000,-0.013,-1.076, 124.0, -28.0,  92.0
202616990,016,   1.40,   0.93,  14.22,   -0.69,    1.44,    0.70,-0.019,-0.008,-1.074, 124.0, -28.0,  92.0
202617006,016,   1.40,   0.93,  14.22,   -0.69,    1.44,    0.70,-0.019,-0.008,-1.074, 124.0, -28.0,  92.0
202617008,016,   1.40,   0.92,  14.22,   -1.08,    1.21,    0.69,-0.009,-0.005,-1.078, 124.0, -28.0,  92.0
202617018,016,   1.39,   0.92,  14.22,   -1.08,    1.21,    0.69,-0.009,-0.005,-1.078, 124.0, -28.0,  93.0
202617027,016,   1.39,   0.92,  14.22,   -0.46,    1.59,    0.64,-0.012,-0.007,-1.076, 124.0, -28.0,  93.0
202617042,016,   1.39,   0.92,  14.23,   -0.46,    1.59,    0.64,-0.012,-0.007,-1.076, 124.0, -28.0,  93.0
202617049,016,   1.41,   0.93,  14.23,    1.27,    2.38,    0.61, 0.001,-0.013,-1.074, 124.0, -28.0,  93.0
202617060,016,   1.43,   0.94,  14.23,    1.27,    2.38,    0.61, 0.001,-0.013,-1.074, 124.0, -28.0,  93.0
202617071,016,   1.44,   0.94,  14.23,    0.29,    1.86,    0.40, 0.002,-0.014,-1.097, 124.0, -28.0,  93.0
202617080,016,   1.45,   0.95,  14.23,    0.29,    1.86,    0.40, 0.002,-0.014,-1.097, 124.0, -28.0,  93.0
202617094,016,   1.44,   0.94,  14.22,   -1.31,    1.18,    0.49,-0.013,-0.022,-1.083, 125.0, -28.0,  93.0
202617097,016,   1.44,   0.94,  14.22,   -1.31,    1.18,    0.49,-0.013,-0.022,-1.083, 125.0, -28.0,  93.0
202617110,016,   1.43,   0.93,  14.23,   -1.82,    0.92,    0.67,-0.003,-0.029,-1.072, 125.0, -28.0,  93.0
202617117,016,   1.42,   0.93,  14.23,   -1.82,    0.92,    0.67,-0.003,-0.029,-1.072, 125.0, -28.0,  93.0
202617128,016,   1.41,   0.92,  14.23,   -1.82,    0.89,    0.69,-0.001,-0.017,-1.067, 125.0, -28.0,  93.0
202617138,016,   1.39,   0.91,  14.23,   -1.82,    0.89,    0.69,-0.001,-0.017,-1.067, 125.0, -28.0,  93.0
202617153,016,   1.39,   0.91,  14.23,   -1.45,    1.13,    0.73,-0.003,-0.012,-1.077, 124.0, -28.0,  93.0
202617159,016,   1.38,   0.91,  14.23,   -1.45,    1.13,    0.73,-0.003,-0.012,-1.077, 124.0, -28.0,  93.0
202617170,016,   1.37,   0.90,  14.23,   -1.40,    1.11,    0.67,-0.003,-0.010,-1.095, 124.0, -28.0,  93.0
202617182,016,   1.36,   0.90,  14.24,   -1.40,    1.11,    0.67,-0.003,-0.010,-1.095, 124.0, -28.0,  93.0
202617195,016,   1.35,   0.90,  14.24,   -1.59,    1.01,    0.67,-0.002,-0.005,-1.087, 124.0, -28.0,  93.0
202617197,016,   1.34,   0.89,  14.24,   -1.59,    1.01,    0.67,-0.002,-0.005,-1.087, 124.0, -28.0,  93.0
202617207,016,   1.33,   0.89,  14.24,   -1.40,    1.07,    0.64,-0.000,-0.002,-1.086, 124.0, -28.0,  93.0
202617220,016,   1.32,   0.88,  14.24,   -1.40,    1.07,    0.64,-0.000,-0.002,-1.086, 124.0, -28.0,  93.0
202617228,016,   1.31,   0.88,  14.24,   -1.28,    1.10,    0.69,-0.004,-0.010,-1.089, 124.0, -28.0,  93.0
202617239,016,   1.31,   0.88,  14.24,   -1.28,    1.10,    0.69,-0.004,-0.010,-1.089, 124.0, -28.0,  93.0
202617249,016,   1.30,   0.87,  14.25,   -1.16,    1.16,    0.70,-0.006,-0.015,-1.083, 124.0, -28.0,  93.0
202617262,016,   1.30,   0.87,  14.25,   -1.16,    1.16,    0.70,-0.006,-0.015,-1.083, 124.0, -28.0,  93.0
202617270,016,   1.29,   0.86,  14.25,   -1.25,    1.18,    0.70,-0.010,-0.010,-1.097, 124.0, -28.0,  93.0
202617286,016,   1.28,   0.86,  14.25,   -1.25,    1.18,    0.70,-0.010,-0.010,-1.097, 124.0, -28.0,  94.0
202617290,016,   1.28,   0.86,  14.25,   -0.98,    1.31,    0.73,-0.004,-0.008,-1.077, 124.0, -28.0,  94.0
202617297,016,   1.27,   0.86,  14.25,   -0.98,    1.31,    0.73,-0.004,-0.008,-1.077, 124.0, -28.0,  94.0
202617307,016,   1.27,   0.85,  14.26,   -0.96,    1.31,    0.67,-0.009,-0.017,-1.084, 124.0, -28.0,  94.0
202617318,016,   1.27,   0.85,  14.26,   -0.96,    1.31,    0.67,-0.009,-0.017,-1.084, 124.0, -28.0,  94.0
202617328,016,   1.26,   0.85,  14.26,   -1.21,    1.16,    0.67,-0.019,-0.010,-1.079, 124.0, -28.0,  94.0
202617344,016,   1.26,   0.84,  14.26,   -1.21,    1.16,    0.67,-0.019,-0.010,-1.079, 124.0, -28.0,  94.0
202617349,016,   1.25,   0.84,  14.26,   -1.28,    1.15,    0.69, 0.003,-0.010,-1.072, 124.0, -28.0,  93.0
202617359,016,   1.24,   0.83,  14.26,   -1.28,    1.15,    0.69, 0.003,-0.010,-1.072, 124.0, -28.0,  93.0
202617374,016,   1.24,   0.83,  14.26,   -0.79,    1.37,    0.72,-0.001,-0.006,-1.083, 124.0, -28.0,  93.0
202617375,016,   1.24,   0.83,  14.27,   -0.79,    1.37,    0.72,-0.001,-0.006,-1.083, 124.0, -28.0,  93.0
202617385,016,   1.24,   0.83,  14.27,   -0.98,    1.21,    0.67,-0.007,-0.015,-1.083, 124.0, -28.0,  93.0
202617395,016,   1.23,   0.83,  14.27,   -0.98,    1.21,    0.67,-0.007,-0.015,-1.083, 124.0, -28.0,  93.0
202617406,016,   1.23,   0.82,  14.27,   -1.22,    1.16,    0.72,-0.004,-0.003,-1.083, 124.0, -28.0,  93.0
202617416,016,   1.22,   0.82,  14.27,   -1.22,    1.16,    0.72,-0.004,-0.003,-1.083, 124.0, -28.0,  94.0
202617428,016,   1.22,   0.82,  14.27,   -0.96,    1.24,    0.70,-0.002,-0.014,-1.079, 124.0, -28.0,  94.0
202617438,016,   1.21,   0.82,  14.28,   -0.96,    1.24,    0.70,-0.002,-0.014,-1.079, 124.0, -28.0,  94.0
202617448,016,   1.21,   0.81,  14.28,   -0.98,    1.30,    0.70,-0.013,-0.014,-1.082, 124.0, -28.0,  94.0
202617461,016,   1.21,   0.81,  14.28,   -0.98,    1.30,    0.70,-0.013,-0.014,-1.082, 124.0, -28.0,  94.0
202617477,016,   1.20,   0.81,  14.28,   -1.04,    1.27,    0.61,-0.007,-0.003,-1.079, 124.0, -28.0,  94.0
202617479,016,   1.20,   0.81,  14.28,   -1.04,    1.27,    0.61,-0.007,-0.003,-1.079, 124.0, -28.0,  94.0
202617487,016,   1.19,   0.80,  14.28,   -1.37,    1.11,    0.63,-0.012,-0.013,-1.092, 124.0, -28.0,  94.0
202617497,016,   1.18,   0.80,  14.28,   -1.37,    1.11,    0.63,-0.012,-0.013,-1.092, 124.0, -28.0,  94.0
202617511,016,   1.17,   0.79,  14.28,   -1.40,    1.11,    0.66,-0.004,-0.001,-1.073, 124.0, -28.0,  94.0
202617520,016,   1.16,   0.79,  14.28,   -1.40,    1.11,    0.66,-0.004,-0.001,-1.073, 124.0, -28.0,  94.0
202617529,016,   1.16,   0.79,  14.28,   -1.25,    1.18,    0.66,-0.002,-0.015,-1.083, 124.0, -28.0,  94.0
202617540,016,   1.15,   0.78,  14.29,   -1.25,    1.18,    0.66,-0.002,-0.015,-1.083, 124.0, -28.0,  94.0
202617550,016,   1.15,   0.78,  14.29,   -1.18,    1.19,    0.61,-0.011,-0.012,-1.076, 125.0, -29.0,  94.0
202617565,016,   1.14,   0.78,  14.29,   -1.18,    1.19,    0.61,-0.011,-0.012,-1.076, 125.0, -29.0,  94.0
202617568,016,   1.14,   0.77,  14.29,   -0.99,    1.27,    0.67,-0.000,-0.006,-1.084, 125.0, -29.0,  94.0
202617577,016,   1.14,   0.77,  14.29,   -0.99,    1.27,    0.67,-0.000,-0.006,-1.084, 125.0, -29.0,  94.0
202617592,016,   1.13,   0.77,  14.29,   -0.82,    1.34,    0.66,-0.009,-0.008,-1.066, 125.0, -29.0,  94.0
202617599,016,   1.13,   0.77,  14.29,   -0.82,    1.34,    0.66,-0.009,-0.008,-1.066, 125.0, -29.0,  94.0
202617610,016,   1.13,   0.77,  14.29,   -0.67,    1.39,    0.66,-0.013,-0.009,-1.084, 125.0, -29.0,  94.0
202617620,016,   1.13,   0.76,  14.30,   -0.67,    1.39,    0.66,-0.013,-0.009,-1.084, 124.0, -28.0,  94.0
202617630,016,   1.12,   0.76,  14.30,   -1.22,    1.15,    0.70,-0.000,-0.004,-1.071, 124.0, -28.0,  94.0
202617640,016,   1.12,   0.76,  14.30,   -1.22,    1.15,    0.70,-0.000,-0.004,-1.071, 124.0, -28.0,  94.0
202617655,016,   1.11,   0.76,  14.30,   -1.76,    0.96,    0.70,-0.001,-0.008,-1.098, 124.0, -28.0,  94.0
202617657,016,   1.09,   0.75,  14.30,   -1.76,    0.96,    0.70,-0.001,-0.008,-1.098, 124.0, -28.0,  94.0
202617666,016,   1.09,   0.75,  14.30,   -0.73,    1.37,    0.69,-0.002,-0.008,-1.087, 124.0, -28.0,  94.0
202617677,016,   1.09,   0.75,  14.30,   -0.73,    1.37,    0.69,-0.002,-0.008,-1.087, 124.0, -28.0,  94.0
202617688,016,   1.10,   0.75,  14.31,   -0.46,    1.54,    0.63,-0.014,-0.013,-1.079, 124.0, -28.0,  94.0
202617698,016,   1.10,   0.75,  14.31,   -0.46,    1.54,    0.63,-0.014,-0.013,-1.079, 124.0, -28.0,  94.0
202617709,016,   1.10,   0.75,  14.31,   -0.66,    1.50,    0.64,-0.009,-0.009,-1.089, 124.0, -28.0,  94.0
202617720,016,   1.10,   0.75,  14.31,   -0.66,    1.50,    0.64,-0.009,-0.009,-1.089, 124.0, -28.0,  94.0
202617732,016,   1.10,   0.75,  14.31,   -0.69,    1.42,    0.69,-0.002,-0.014,-1.083, 124.0, -28.0,  94.0
202617742,016,   1.10,   0.75,  14.31,   -0.69,    1.42,    0.69,-0.002,-0.014,-1.083, 124.0, -28.0,  94.0
202617756,016,   1.10,   0.75,  14.31,   -0.72,    1.40,    0.63,-0.001,-0.007,-1.070, 124.0, -28.0,  94.0
202617759,016,   1.10,   0.75,  14.31,   -0.72,    1.40,    0.63,-0.001,-0.007,-1.070, 124.0, -28.0,  94.0
202617767,016,   1.10,   0.75,  14.31,   -0.76,    1.36,    0.64,-0.007,-0.021,-1.077, 124.0, -28.0,  94.0
202617778,016,   1.10,   0.75,  14.31,   -0.76,    1.36,    0.64,-0.007,-0.021,-1.077, 124.0, -28.0,  94.0
202617790,016,   1.10,   0.74,  14.31,   -0.52,    1.48,    0.61,-0.010,-0.010,-1.077, 124.0, -28.0,  94.0
202617798,016,   1.10,   0.74,  14.31,   -0.52,    1.48,    0.61,-0.010,-0.010,-1.077, 124.0, -28.0,  94.0
202617809,016,   1.10,   0.74,  14.31,   -0.43,    1.51,    0.58,-0.010,-0.008,-1.086, 124.0, -28.0,  93.0
202617819,016,   1.10,   0.74,  14.32,   -0.43,    1.51,    0.58,-0.010,-0.008,-1.086, 124.0, -28.0,  93.0
202617829,016,   1.10,   0.74,  14.31,   -0.64,    1.47,    0.49, 0.000,-0.004,-1.069, 124.0, -28.0,  93.0
202617846,016,   1.10,   0.74,  14.31,   -1.07,    1.19,    0.44,-0.008,-0.013,-1.082, 124.0, -28.0,  93.0
202617850,016,   1.10,   0.74,  14.31,   -1.07,    1.19,    0.44,-0.008,-0.013,-1.082, 124.0, -28.0,  93.0
202617859,016,   1.09,   0.74,  14.31,   -1.01,    1.31,    0.50,-0.008,-0.014,-1.087, 124.0, -28.0,  93.0
202617871,016,   1.09,   0.73,  14.31,   -1.01,    1.31,    0.50,-0.008,-0.014,-1.087, 124.0, -28.0,  93.0
202617882,016,   1.09,   0.73,  14.31,   -1.15,    1.21,    0.58,-0.009,-0.010,-1.068, 124.0, -28.0,  93.0
202617888,016,   1.08,   0.73,  14.31,   -1.15,    1.21,    0.58,-0.009,-0.010,-1.068, 124.0, -28.0,  93.0
202617899,016,   1.08,   0.72,  14.31,   -1.22,    1.16,    0.61,-0.009,-0.019,-1.085, 124.0, -28.0,  93.0
202617909,016,   1.07,   0.72,  14.31,   -1.22,    1.16,    0.61,-0.009,-0.019,-1.085, 124.0, -28.0,  93.0
202617920,016,   1.07,   0.72,  14.31,   -1.36,    1.10,    0.67,-0.006,-0.012,-1.086, 124.0, -28.0,  93.0
202617936,016,   1.06,   0.71,  14.31,   -1.36,    1.10,    0.67,-0.006,-0.012,-1.086, 124.0, -28.0,  93.0
202617939,016,   1.06,   0.71,  14.32,   -1.07,    1.25,    0.66, 0.001,-0.008,-1.072, 124.0, -28.0,  93.0
202617954,016,   1.05,   0.71,  14.32,   -1.07,    1.25,    0.66, 0.001,-0.008,-1.072, 125.0, -28.0,  93.0
202617961,016,   1.05,   0.71,  14.32,   -1.02,    1.31,    0.67,-0.007,-0.004,-1.075, 125.0, -28.0,  93.0
202617971,016,   1.04,   0.71,  14.32,   -1.02,    1.31,    0.67,-0.007,-0.004,-1.075, 125.0, -28.0,  93.0
202617980,016,   1.03,   0.70,  14.32,   -1.42,    1.13,    0.70,-0.009,-0.002,-1.074, 125.0, -28.0,  93.0
202617991,016,   1.03,   0.70,  14.32,   -1.42,    1.13,    0.70,-0.009,-0.002,-1.074, 125.0, -28.0,  93.0
202618000,016,   1.02,   0.70,  14.32,   -1.25,    1.18,    0.70,-0.007,-0.008,-1.085, 125.0, -28.0,  93.0
202618013,016,   1.01,   0.69,  14.32,   -1.25,    1.18,    0.70,-0.007,-0.008,-1.085, 124.0, -28.0,  93.0
202618021,016,   1.01,   0.69,  14.33,   -0.98,    1.27,    0.69,-0.013,-0.011,-1.075, 124.0, -28.0,  93.0
202618036,016,   1.01,   0.69,  14.33,   -0.98,    1.27,    0.69,-0.013,-0.011,-1.075, 124.0, -28.0,  93.0
202618040,016,   1.01,   0.68,  14.33,   -0.96,    1.21,    0.61,-0.010,-0.011,-1.076, 124.0, -28.0,  93.0
202618047,016,   1.00,   0.68,  14.33,   -0.96,    1.21,    0.61,-0.010,-0.011,-1.076, 124.0, -28.0,  93.0
202618058,016,   1.00,   0.68,  14.33,   -1.19,    1.19,    0.61,-0.006,-0.005,-1.085, 124.0, -28.0,  93.0
202618069,016,   0.99,   0.68,  14.33,   -1.19,    1.19,    0.61,-0.006,-0.005,-1.085, 124.0, -28.0,  93.0
202618079,016,   0.99,   0.67,  14.33,   -1.36,    1.18,    0.58,-0.003,-0.010,-1.088, 124.0, -28.0,  92.0
202618090,016,   0.98,   0.67,  14.33,   -1.36,    1.18,    0.58,-0.003,-0.010,-1.088, 124.0, -28.0,  92.0
202618101,016,   0.98,   0.67,  14.33,   -1.13,    1.16,    0.66, 0.001,-0.016,-1.087, 124.0, -28.0,  92.0
202618109,016,   0.97,   0.67,  14.33,   -1.13,    1.16,    0.66, 0.001,-0.016,-1.087, 124.0, -28.0,  92.0
202618125,016,   0.96,   0.66,  14.33,   -1.76,    0.84,    0.69,-0.019,-0.013,-1.085, 124.0, -28.0,  92.0
202618128,016,   0.95,   0.65,  14.33,   -1.76,    0.84,    0.69,-0.019,-0.013,-1.085, 124.0, -28.0,  92.0
202618137,016,   0.94,   0.65,  14.33,   -1.45,    1.08,    0.69,-0.004,-0.005,-1.077, 124.0, -28.0,  92.0
202618148,016,   0.94,   0.64,  14.34,   -1.45,    1.08,    0.69,-0.004,-0.005,-1.077, 124.0, -28.0,  92.0
202618159,016,   0.93,   0.64,  14.34,   -0.95,    1.31,    0.67,-0.004, 0.002,-1.078, 124.0, -28.0,  92.0
202618171,016,   0.93,   0.64,  14.34,   -0.95,    1.31,    0.67,-0.004, 0.002,-1.078, 124.0, -28.0,  92.0
202618179,016,   0.92,   0.64,  14.34,   -0.89,    1.34,    0.73,-0.002,-0.007,-1.090, 124.0, -28.0,  92.0
202618190,016,   0.92,   0.64,  14.34,   -0.89,    1.34,    0.73,-0.002,-0.007,-1.090, 124.0, -28.0,  92.0
202618201,016,   0.92,   0.64,  14.34,   -1.16,    1.21,    0.66,-0.013,-0.015,-1.062, 124.0, -28.0,  92.0
202618215,016,   0.92,   0.63,  14.34,   -1.16,    1.21,    0.66,-0.013,-0.015,-1.062, 124.0, -28.0,  92.0
202618217,016,   0.90,   0.63,  14.34,   -1.86,    0.90,    0.64,-0.009,-0.005,-1.075, 124.0, -28.0,  92.0
202618230,016,   0.89,   0.62,  14.34,   -1.86,    0.90,    0.64,-0.009,-0.005,-1.075, 124.0, -28.0,  92.0
202618238,016,   0.89,   0.62,  14.34,   -1.28,    1.21,    0.67,-0.009,-0.010,-1.087, 124.0, -28.0,  92.0
202618248,016,   0.88,   0.62,  14.35,   -1.28,    1.21,    0.67,-0.009,-0.010,-1.087, 124.0, -28.0,  92.0
202618259,016,   0.88,   0.62,  14.35,   -0.79,    1.39,    0.67,-0.003,-0.003,-1.090, 124.0, -28.0,  92.0
202618271,016,   0.88,   0.62,  14.35,   -0.79,    1.39,    0.67,-0.003,-0.003,-1.090, 124.0, -28.0,  92.0
202618279,016,   0.87,   0.62,  14.35,   -1.10,    1.28,    0.69,-0.002,-0.004,-1.082, 124.0, -28.0,  92.0
202618292,016,   0.87,   0.61,  14.35,   -1.10,    1.28,    0.69,-0.002,-0.004,-1.082, 124.0, -28.0,  92.0
202618300,016,   0.86,   0.61,  14.35,   -1.85,    0.95,    0.63,-0.004,-0.008,-1.081, 124.0, -28.0,  92.0
202618315,016,   0.84,   0.61,  14.35,   -1.85,    0.95,    0.63,-0.004,-0.008,-1.081, 124.0, -28.0,  92.0
202618318,016,   0.84,   0.60,  14.35,   -1.15,    1.25,    0.72,-0.010,-0.014,-1.072, 124.0, -28.0,  92.0
202618329,016,   0.84,   0.60,  14.35,   -1.15,    1.25,    0.72,-0.010,-0.014,-1.072, 124.0, -28.0,  92.0
202618341,016,   0.84,   0.60,  14.35,   -0.90,    1.27,    0.69,-0.020,-0.009,-1.097, 124.0, -28.0,  92.0
202618349,016,   0.83,   0.59,  14.36,   -0.90,    1.27,    0.69,-0.020,-0.009,-1.097, 124.0, -28.0,  92.0
202618358,016,   0.83,   0.59,  14.36,   -1.39,    1.16,    0.61,-0.004,-0.017,-1.073, 124.0, -28.0,  92.0
202618370,016,   0.82,   0.59,  14.36,   -1.39,    1.16,    0.61,-0.004,-0.017,-1.073, 124.0, -28.0,  92.0
202618380,016,   0.82,   0.58,  14.36,   -1.31,    1.21,    0.63,-0.017,-0.012,-1.079, 124.0, -28.0,  92.0
202618390,016,   0.81,   0.58,  14.36,   -1.31,    1.21,    0.63,-0.017,-0.012,-1.079, 124.0, -28.0,  92.0
202618405,032,   0.82,   0.58,  14.36,   -0.43,    1.56,    0.69, 0.009,-0.040,-1.176, 124.0, -28.0,  92.0
202618407,032,   0.82,   0.59,  14.36,   -0.43,    1.56,    0.69, 0.009,-0.040,-1.176, 124.0, -28.0,  91.0
202618420,016,   0.83,   0.59,  14.36,   -0.37,    1.54,    0.70,-0.008,-0.004,-1.071, 124.0, -28.0,  91.0
202618432,016,   0.83,   0.59,  14.36,   -0.37,    1.54,    0.70,-0.008,-0.004,-1.071, 124.0, -28.0,  91.0
202618438,016,   0.83,   0.59,  14.36,   -0.58,    1.44,    0.70,-0.005,-0.008,-1.082, 124.0, -28.0,  91.0
202618448,016,   0.83,   0.59,  14.36,   -0.58,    1.44,    0.70,-0.005,-0.008,-1.082, 124.0, -28.0,  91.0
202618459,016,   0.83,   0.59,  14.37,   -0.66,    1.37,    0.73,-0.007,-0.008,-1.070, 124.0, -28.0,  91.0
202618470,016,   0.83,   0.59,  14.37,   -0.66,    1.37,    0.73,-0.007,-0.008,-1.070, 124.0, -28.0,  91.0
202618480,016,   0.83,   0.59,  14.37,   -0.75,    1.30,    0.69,-0.012,-0.010,-1.072, 124.0, -28.0,  92.0
202618495,016,   0.83,   0.58,  14.37,   -0.75,    1.30,    0.69,-0.012,-0.010,-1.072, 124.0, -28.0,  92.0
202618498,016,   0.82,   0.58,  14.37,   -1.60,    1.01,    0.66,-0.003,-0.000,-1.094, 124.0, -28.0,  92.0
202618506,016,   0.81,   0.58,  14.37,   -1.60,    1.01,    0.66,-0.003,-0.000,-1.094, 124.0, -28.0,  92.0
202618518,016,   0.81,   0.57,  14.37,   -1.34,    1.15,    0.70,-0.007,-0.005,-1.066, 124.0, -28.0,  92.0
202618530,016,   0.80,   0.57,  14.37,   -1.34,    1.15,    0.70,-0.007,-0.005,-1.066, 124.0, -28.0,  92.0
202618543,016,   0.80,   0.57,  14.37,   -0.98,    1.36,    0.67,-0.019,-0.011,-1.078, 124.0, -29.0,  92.0
202618548,016,   0.79,   0.56,  14.38,   -0.98,    1.36,    0.67,-0.019,-0.011,-1.078, 124.0, -29.0,  92.0
202618560,016,   0.79,   0.56,  14.38,   -1.34,    1.11,    0.67,-0.000,-0.018,-1.079, 124.0, -29.0,  92.0
202618571,016,   0.79,   0.56,  14.38,   -1.34,    1.11,    0.67,-0.000,-0.018,-1.079, 124.0, -29.0,  92.0
202618580,016,   0.78,   0.56,  14.38,   -1.47,    1.07,    0.66,-0.009,-0.008,-1.087, 124.0, -29.0,  92.0
202618595,016,   0.77,   0.55,  14.38,   -1.47,    1.07,    0.66,-0.009,-0.008,-1.087, 124.0, -29.0,  92.0
202618598,032,   0.77,   0.55,  14.38,   -1.27,    1.22,    0.64,-0.001, 0.034,-0.848, 124.0, -29.0,  92.0
202618607,032,   0.76,   0.55,  14.38,   -1.27,    1.22,    0.64,-0.001, 0.034,-0.848, 124.0, -28.0,  92.0
202618622,016,   0.74,   0.54,  14.39,   -2.56,    0.69,    1.44,-0.014, 0.001,-1.086, 124.0, -28.0,  92.0
202618628,016,   0.72,   0.54,  14.40,   -2.56,    0.69,    1.44,-0.014, 0.001,-1.086, 124.0, -28.0,  92.0
202618639,016,   0.71,   0.53,  14.40,   -1.79,    1.04,    0.87,-0.008,-0.009,-1.096, 124.0, -28.0,  92.0
202618651,016,   0.70,   0.53,  14.41,   -1.79,    1.04,    0.87,-0.008,-0.009,-1.096, 124.0, -28.0,  92.0
202618659,016,   0.69,   0.53,  14.41,   -1.56,    1.11,    0.64,-0.001,-0.001,-1.073, 124.0, -28.0,  92.0
202618671,016,   0.68,   0.52,  14.41,   -1.56,    1.11,    0.64,-0.001,-0.001,-1.073, 124.0, -28.0,  92.0
202618686,016,   0.69,   0.53,  14.40,   -0.27,    1.59,    0.38,-0.001,-0.004,-1.079, 124.0, -28.0,  92.0
202618688,016,   0.69,   0.53,  14.40,   -0.27,    1.59,    0.38,-0.001,-0.004,-1.079, 124.0, -28.0,  92.0
202618698,016,   0.70,   0.53,  14.40,   -0.05,    1.57,    0.18,-0.014,-0.007,-1.059, 124.0, -28.0,  92.0
202618707,016,   0.71,   0.53,  14.39,   -0.05,    1.57,    0.18,-0.014,-0.007,-1.059, 124.0, -28.0,  92.0
202618718,016,   0.69,   0.52,  14.39,   -2.11,    0.90,    0.52,-0.008,-0.017,-1.086, 124.0, -28.0,  92.0
202618732,016,   0.68,   0.52,  14.39,   -2.11,    0.90,    0.52,-0.008,-0.017,-1.086, 124.0, -28.0,  92.0
202618739,032,   0.64,   0.51,  14.40,   -4.67,    0.29,    0.85,-0.013,-0.008,-1.102, 124.0, -28.0,  92.0
202618749,032,   0.60,   0.50,  14.40,   -4.67,    0.29,    0.85,-0.013,-0.008,-1.102, 124.0, -28.0,  92.0
202618759,000,   0.53,   0.46,  14.40,   -3.85,    0.67,    1.04,-0.010, 0.014,-0.972, 124.0, -28.0,  92.0
202618776,000,   0.46,   0.43,  14.41,   -3.85,    0.67,    1.04,-0.010, 0.014,-0.972, 124.0, -28.0,  92.0
202618779,016,   0.47,   0.43,  14.40,    0.60,    1.80,    0.41, 0.006,-0.005,-1.092, 124.0, -28.0,  92.0
202618787,016,   0.49,   0.44,  14.40,    0.60,    1.80,    0.41, 0.006,-0.005,-1.092, 124.0, -28.0,  92.0
202618797,000,   0.49,   0.43,  14.40,    0.95,    1.83,    0.35,-0.000, 0.001,-1.022, 124.0, -28.0,  92.0
202618808,000,   0.49,   0.43,  14.40,    0.95,    1.83,    0.35,-0.000, 0.001,-1.022, 124.0, -28.0,  92.0
202618824,032,   0.49,   0.43,  14.40,   -0.73,    1.37,    0.64,-0.012,-0.010,-1.118, 124.0, -28.0,  92.0
202618829,032,   0.49,   0.43,  14.40,   -0.73,    1.37,    0.64,-0.012,-0.010,-1.118, 124.0, -28.0,  92.0
202618839,000,   0.47,   0.42,  14.40,   -1.54,    1.13,    0.55, 0.002,-0.002,-1.042, 124.0, -28.0,  92.0
202618852,000,   0.46,   0.42,  14.40,   -1.54,    1.13,    0.55, 0.002,-0.002,-1.042, 124.0, -28.0,  92.0
202618860,032,   0.43,   0.41,  14.40,   -3.54,    0.81,    0.58,-0.024,-0.007,-1.120, 124.0, -28.0,  92.0
202618876,032,   0.40,   0.41,  14.40,   -3.54,    0.81,    0.58,-0.024,-0.007,-1.120, 124.0, -28.0,  92.0
202618879,000,   0.40,   0.48,  14.40,   -1.36,    1.36,    0.89, 0.058,-0.008,-1.040, 124.0, -28.0,  92.0
202618886,000,   0.39,   0.55,  14.40,   -1.36,    1.36,    0.89, 0.058,-0.008,-1.040, 124.0, -28.0,  92.0
202618903,032,   0.45,   0.57,  14.40,    4.96,    2.72,    0.29,-0.021,-0.004,-1.101, 124.0, -28.0,  92.0
202618909,032,   0.51,   0.58,  14.40,    4.96,    2.72,    0.29,-0.021,-0.004,-1.101, 124.0, -28.0,  92.0
202618920,016,   0.57,   0.60,  14.40,    5.59,    2.89,    0.23,-0.008,-0.010,-1.079, 124.0, -28.0,  92.0
202618933,016,   0.64,   0.61,  14.39,    5.59,    2.89,    0.23,-0.008,-0.010,-1.079, 124.0, -28.0,  92.0
202618939,016,   0.68,   0.62,  14.39,    3.31,    2.35,    0.20,-0.007,-0.016,-1.083, 124.0, -28.0,  92.0
202618950,016,   0.72,   0.63,  14.38,    3.31,    2.35,    0.20,-0.007,-0.016,-1.083, 124.0, -28.0,  92.0
202618966,016,   0.73,   0.63,  14.38,   -0.23,    1.34,    0.17,-0.004,-0.014,-1.100, 124.0, -28.0,  92.0
202618968,016,   0.73,   0.63,  14.38,   -0.23,    1.34,    0.17,-0.004,-0.014,-1.100, 124.0, -28.0,  92.0
202618980,016,   0.71,   0.62,  14.38,   -2.66,    0.63,    0.64,-0.012,-0.005,-1.064, 124.0, -28.0,  92.0
202618989,016,   0.70,   0.62,  14.38,   -2.66,    0.63,    0.64,-0.012,-0.005,-1.064, 124.0, -28.0,  92.0
202618999,032,   0.65,   0.60,  14.39,   -5.27,   -0.08,    2.12,-0.068, 0.002,-1.119, 124.0, -28.0,  92.0
202619011,032,   0.61,   0.59,  14.41,   -5.27,   -0.08,    2.12,-0.068, 0.002,-1.119, 124.0, -28.0,  93.0
202619020,032,   0.54,   0.56,  14.50,   -7.53,   -1.16,    9.53,-0.190,-0.017,-1.094, 124.0, -28.0,  93.0
202619030,032,   0.48,   0.54,  14.58,   -7.53,   -1.16,    9.53,-0.190,-0.017,-1.094, 124.0, -28.0,  93.0
202619040,032,   0.51,   0.42,  14.63,    2.99,  -10.47,    4.92,-0.066,-0.049,-1.115, 124.0, -28.0,  93.0
202619055,032,   0.55,   0.30,  14.67,    2.99,  -10.47,    4.92,-0.066,-0.049,-1.115, 124.0, -28.0,  93.0
202619057,016,   0.69,   0.08,  14.63,   14.02,  -19.54,   -2.53,-0.063, 0.055,-1.060, 124.0, -28.0,  93.0
202619069,016,   0.83,  -0.13,  14.60,   14.02,  -19.54,   -2.53,-0.063, 0.055,-1.060, 126.0, -25.0,  92.0
202619077,032,   1.53,  -0.20,  14.62,   70.18,   -5.28,    3.19,-0.270, 0.672,-0.563, 126.0, -25.0,  92.0
202619091,032,   2.23,  -0.27,  14.65,   70.18,   -5.28,    3.19,-0.270, 0.672,-0.563, 126.0, -25.0,  92.0
202619100,032,   2.21,  -0.63,  15.00,   -1.79,  -33.44,   37.59, 0.050,-0.067,-2.036, 126.0, -25.0,  92.0
202619108,032,   2.20,  -0.99,  15.36,   -1.79,  -33.44,   37.59, 0.050,-0.067,-2.036, 126.0, -25.0,  92.0
202619121,032,   2.39,  -0.82,  15.61,   18.60,   19.24,   25.08, 0.007,-0.041,-1.222, 126.0, -25.0,  92.0
202619135,032,   2.58,  -0.65,  15.86,   18.60,   19.24,   25.08, 0.007,-0.041,-1.222, 126.0, -25.0,  92.0
202619145,032,   2.95,  -0.11,  16.16,   35.80,   56.56,   28.37,-0.069,-0.259,-1.214, 121.0, -27.0,  95.0
202619149,032,   3.32,   0.43,  16.47,   35.80,   56.56,   28.37,-0.069,-0.259,-1.214, 121.0, -27.0,  95.0
202619160,032,   3.46,   0.90,  16.81,   13.53,   50.14,   32.09,-0.037, 0.119,-1.514, 121.0, -27.0,  95.0
202619169,032,   3.61,   1.37,  17.15,   13.53,   50.14,   32.09,-0.037, 0.119,-1.514, 121.0, -27.0,  95.0
202619179,032,   3.94,   1.95,  17.55,   31.37,   61.59,   35.95,-0.157, 0.691,-1.313, 121.0, -27.0,  95.0
202619188,032,   4.27,   2.52,  17.94,   31.37,   61.59,   35.95,-0.157, 0.691,-1.313, 121.0, -27.0,  95.0
202619199,032,   5.00,   3.30,  18.59,   68.95,   83.86,   58.95,-0.010,-0.047,-1.188, 121.0, -27.0,  95.0
202619209,032,   5.73,   4.06,  19.25,   68.95,   83.86,   58.95,-0.010,-0.047,-1.188, 104.0, -28.0, 101.0
202619220,032,   6.34,   4.88,  19.96,   53.80,   89.79,   63.07, 0.045,-0.042,-1.426, 104.0, -28.0, 101.0
202619229,032,   6.95,   5.69,  20.69,   53.80,   89.79,   63.07, 0.045,-0.042,-1.426, 104.0, -28.0, 101.0
202619246,032,   7.39,   6.57,  21.48,   35.42,   98.41,   67.60,-0.028, 0.038,-1.340, 104.0, -28.0, 101.0
202619248,032,   7.85,   7.44,  22.28,   35.42,   98.41,   67.60,-0.028, 0.038,-1.340, 104.0, -28.0, 101.0
202619258,032,   8.64,   8.44,  22.98,   69.18,  110.11,   55.28,-0.027, 1.178,-1.702, 104.0, -28.0, 101.0
202619269,032,   9.44,   9.42,  23.70,   69.18,  110.11,   55.28,-0.027, 1.178,-1.702,  82.0, -28.0, 107.0
202619279,032,  10.17,  10.43,  24.63,   56.92,  116.11,   73.77,-0.013, 0.175,-1.339,  82.0, -28.0, 107.0
202619291,032,  10.92,  11.42,  25.58,   56.92,  116.11,   73.77,-0.013, 0.175,-1.339,  82.0, -28.0, 107.0
202619299,032,  11.95,  12.59,  26.82,   76.50,  140.27,   96.27,-0.056, 0.209,-1.321,  82.0, -28.0, 107.0
202619309,032,  13.00,  13.74,  28.08,   76.50,  140.27,   96.27,-0.056, 0.209,-1.321,  82.0, -28.0, 107.0
202619321,032,  13.86,  14.92,  29.71,   44.90,  153.69,  127.16,-0.116, 0.216,-0.980,  82.0, -28.0, 107.0
202619338,032,  14.75,  16.08,  31.37,   44.90,  153.69,  127.16,-0.116, 0.216,-0.980,  82.0, -28.0, 107.0
202619340,032,  15.52,  17.14,  33.14,   26.78,  148.14,  136.43,-0.079, 0.982,-1.636,  55.0, -26.0, 111.0
202619350,032,  16.33,  18.18,  34.93,   26.78,  148.14,  136.43,-0.079, 0.982,-1.636,  55.0, -26.0, 111.0
202619358,032,  17.03,  19.15,  36.78,    9.10,  144.81,  140.44,-0.128,-0.728,-0.618,  55.0, -26.0, 111.0
202619373,032,  17.77,  20.09,  38.65,    9.10,  144.81,  140.44,-0.128,-0.728,-0.618,  55.0, -26.0, 111.0
202619379,032,  18.57,  20.98,  40.76,    5.69,  148.05,  160.90, 0.008, 0.071,-1.288,  55.0, -26.0, 111.0
202619390,032,  19.41,  21.84,  42.89,    5.69,  148.05,  160.90, 0.008, 0.071,-1.288,  55.0, -26.0, 111.0
202619400,032,  20.46,  22.55,  45.54,    3.92,  151.76,  207.04,-0.024,-0.224,-0.887,  55.0, -26.0, 111.0
202619412,032,  21.55,  23.21,  48.21,    3.92,  151.76,  207.04,-0.024,-0.224,-0.887,  24.0, -27.0, 113.0
202619425,032,  23.22,  23.71,  51.10,   50.85,  149.25,  226.00, 0.027,-0.353,-0.701,  24.0, -27.0, 113.0
202619432,032,  24.92,  24.14,  54.01,   50.85,  149.25,  226.00, 0.027,-0.353,-0.701,  24.0, -27.0, 113.0
202619440,032,  26.61,  24.41,  56.72,   56.63,  134.21,  211.34,-0.009,-0.367,-0.647,  24.0, -27.0, 113.0
202619454,032,  28.32,  24.61,  59.44,   56.63,  134.21,  211.34,-0.009,-0.367,-0.647,  24.0, -27.0, 113.0
202619463,032,  29.79,  24.68,  62.16,   32.15,  128.50,  213.16, 0.094,-0.645,-0.657,  24.0, -27.0, 113.0
202619470,032,  31.27,  24.70,  64.89,   32.15,  128.50,  213.16, 0.094,-0.645,-0.657,  -3.0, -15.0, 113.0
202619479,032,  32.75,  24.70,  67.44,   40.64,  124.85,  196.44, 0.083,-0.580,-0.645,  -3.0, -15.0, 113.0
202619490,032,  34.23,  24.64,  69.99,   40.64,  124.85,  196.44, 0.083,-0.580,-0.645,  -3.0, -15.0, 113.0
202619503,032,  35.31,  24.63,  72.17,   14.70,  113.88,  164.21, 0.156,-1.119,-0.357,  -3.0, -15.0, 113.0
202619516,032,  36.39,  24.58,  74.36,   14.70,  113.88,  164.21, 0.156,-1.119,-0.357,  -3.0, -15.0, 113.0
202619519,032,  37.36,  24.40,  76.50,    6.11,  104.41,  167.30, 0.140,-0.854,-0.473,  -3.0, -15.0, 113.0
202619529,032,  38.31,  24.19,  78.63,    6.11,  104.41,  167.30, 0.140,-0.854,-0.473,  -3.0, -15.0, 113.0
202619541,032,  39.65,  23.93,  80.66,   49.40,   97.48,  160.67, 0.151,-0.695,-0.579, -25.0,  -2.0, 111.0
202619548,032,  40.97,  23.62,  82.68,   49.40,   97.48,  160.67, 0.151,-0.695,-0.579, -25.0,  -2.0, 111.0
202619560,032,  41.84,  23.36,  84.63,    7.92,  100.49,  152.03, 0.153,-0.955,-0.325, -25.0,  -2.0, 111.0
202619572,032,  42.71,  23.07,  86.58,    7.92,  100.49,  152.03, 0.153,-0.955,-0.325, -25.0,  -2.0, 111.0
202619579,032,  42.68,  22.65,  88.38,  -73.66,   82.75,  150.85, 0.146,-0.737,-0.412, -25.0,  -2.0, 111.0
202619590,032,  42.65,  22.22,  90.17,  -73.66,   82.75,  150.85, 0.146,-0.737,-0.412, -25.0,  -2.0, 111.0
202619605,032,  43.03,  21.80,  91.79,  -24.14,   72.20,  139.28, 0.162,-0.995,-0.291, -39.0,   5.0, 107.0
202619607,032,  43.40,  21.36,  93.41,  -24.14,   72.20,  139.28, 0.162,-0.995,-0.291, -39.0,   5.0, 107.0
202619619,032,  43.85,  20.99,  94.64,   -0.85,   53.83,  109.01, 0.133,-0.635,-0.519, -39.0,   5.0, 107.0
202619627,032,  44.29,  20.61,  95.87,   -0.85,   53.83,  109.01, 0.133,-0.635,-0.519, -39.0,   5.0, 107.0
202619639,032,  43.90,  20.17,  96.91,  -75.13,   37.34,  100.85, 0.144,-0.494,-0.865, -39.0,   5.0, 107.0
202619650,032,  43.51,  19.73,  97.94,  -75.13,   37.34,  100.85, 0.144,-0.494,-0.865, -39.0,   5.0, 107.0
202619659,032,  43.06,  19.24,  99.07,  -83.19,   38.09,  111.59, 0.216,-0.781,-0.785, -39.0,   5.0, 107.0
202619674,032,  42.60,  18.75, 100.20,  -83.19,   38.09,  111.59, 0.216,-0.781,-0.785, -47.0,   7.0, 104.0
202619680,032,  43.05,  18.33, 101.41,    5.47,   47.71,  112.20, 0.072,-0.952,-0.451, -47.0,   7.0, 104.0
202619691,032,  43.50,  17.90, 102.61,    5.47,   47.71,  112.20, 0.072,-0.952,-0.451, -47.0,   7.0, 104.0
202619705,032,  44.09,  17.78, 103.47,   31.92,   49.42,   66.92, 0.210,-1.145,-0.497, -47.0,   7.0, 104.0
202619710,032,  44.69,  17.66, 104.32,   31.92,   49.42,   66.92, 0.210,-1.145,-0.497, -47.0,   7.0, 104.0
202619718,032,  44.73,  17.45, 105.09,  -19.10,   37.62,   66.56, 0.239,-0.562,-1.007, -47.0,   7.0, 104.0
202619732,032,  44.77,  17.24, 105.85,  -19.10,   37.62,   66.56, 0.239,-0.562,-1.007, -47.0,   7.0, 104.0
202619738,032,  44.44,  16.84, 106.72,  -58.69,   30.46,   87.86, 0.267,-0.599,-0.815, -53.0,  14.0, 101.0
202619750,032,  44.11,  16.44, 107.59,  -58.69,   30.46,   87.86, 0.267,-0.599,-0.815, -53.0,  14.0, 101.0
202619762,032,  43.63,  16.07, 108.58,  -75.69,   39.47,   94.05, 0.260,-0.766,-0.730, -53.0,  14.0, 101.0
202619771,032,  43.16,  15.70, 109.57,  -75.69,   39.47,   94.05, 0.260,-0.766,-0.730, -53.0,  14.0, 101.0
202619781,032,  42.75,  15.25, 110.56,  -67.45,   33.15,  100.09, 0.279,-0.854,-0.762, -53.0,  14.0, 101.0
202619796,032,  42.34,  14.82, 111.55,  -67.45,   33.15,  100.09, 0.279,-0.854,-0.762, -53.0,  14.0, 101.0
202619800,032,  42.26,  14.35, 112.55,  -34.72,   31.66,  103.27, 0.198,-0.719,-0.699, -58.0,  18.0,  99.0
202619810,032,  42.16,  13.88, 113.56,  -34.72,   31.66,  103.27, 0.198,-0.719,-0.699, -58.0,  18.0,  99.0
202619821,032,  42.13,  13.49, 114.47,  -25.63,   30.92,   91.08, 0.183,-0.793,-0.650, -58.0,  18.0,  99.0
202619831,032,  42.09,  13.11, 115.38,  -25.63,   30.92,   91.08, 0.183,-0.793,-0.650, -58.0,  18.0,  99.0
202619842,032,  41.77,  12.67, 116.24,  -52.73,   24.05,   91.79, 0.172,-0.907,-0.536, -58.0,  18.0,  99.0
202619850,032,  41.44,  12.23, 117.11,  -52.73,   24.05,   91.79, 0.172,-0.907,-0.536, -58.0,  18.0,  99.0
202619859,032,  41.09,  11.69, 117.88,  -52.61,    9.45,   92.60, 0.204,-1.155,-0.440, -58.0,  18.0,  99.0
202619870,032,  40.73,  11.14, 118.66,  -52.61,    9.45,   92.60, 0.204,-1.155,-0.440, -59.0,  26.0,  98.0
202619888,032,  41.14,  10.14, 119.31,   27.56,  -34.21,  113.59, 0.190,-1.434,-0.809, -59.0,  26.0,  98.0
202619890,032,  41.54,   9.12, 119.95,   27.56,  -34.21,  113.59, 0.190,-1.434,-0.809, -59.0,  26.0,  98.0
202619899,032,  42.13,   7.89, 120.71,   47.69,  -42.03,  137.21, 0.140,-0.884,-1.100, -59.0,  26.0,  98.0
202619908,032,  42.71,   6.65, 121.44,   47.69,  -42.03,  137.21, 0.140,-0.884,-1.100, -59.0,  26.0,  98.0
202619918,032,  43.17,   5.43, 122.22,   37.28,  -36.24,  138.44, 0.089,-0.695,-0.504, -59.0,  26.0,  98.0
202619929,032,  43.62,   4.21, 122.98,   37.28,  -36.24,  138.44, 0.089,-0.695,-0.504, -59.0,  26.0,  98.0
202619939,032,  43.15,   3.05, 123.42,  -51.13,  -53.85,  111.28, 0.094,-1.229,-0.914, -48.0,  39.0, 101.0
202619949,032,  42.67,   1.90, 123.87,  -51.13,  -53.85,  111.28, 0.094,-1.229,-0.914, -48.0,  39.0, 101.0
202619960,032,  41.23,   1.32, 123.96, -145.07,  -36.38,   44.23,-0.093,-1.044,-0.882, -48.0,  39.0, 101.0
202619977,032,  39.79,   0.75, 124.07, -145.07,  -36.38,   44.23,-0.093,-1.044,-0.882, -48.0,  39.0, 101.0
202619981,032,  39.01,   0.05, 124.15,  -80.00,  -49.60,   49.63,-0.165,-1.434,-0.788, -48.0,  39.0, 101.0
202619993,032,  38.22,  -0.66, 124.24,  -80.00,  -49.60,   49.63,-0.165,-1.434,-0.788, -48.0,  39.0, 101.0
202619997,032,  38.33,  -1.44, 124.43,   10.21,  -49.56,   62.53, 0.154,-0.673,-0.799, -39.0,  36.0, 104.0
202620009,032,  38.44,  -2.22, 124.62,   10.21,  -49.56,   62.53, 0.154,-0.673,-0.799, -39.0,  36.0, 104.0
202620021,032,  38.29,  -2.73, 124.90,  -15.16,  -22.84,   53.33, 0.007,-0.883,-0.989, -39.0,  36.0, 104.0
202620029,032,  38.13,  -3.25, 125.18,  -15.16,  -22.84,   53.33, 0.007,-0.883,-0.989, -39.0,  36.0, 104.0
202620042,032,  37.98,  -3.68, 125.52,  -13.56,  -13.11,   52.70,-0.083,-0.673,-0.877, -39.0,  36.0, 104.0
202620053,032,  37.83,  -4.12, 125.86,  -13.56,  -13.11,   52.70,-0.083,-0.673,-0.877, -39.0,  36.0, 104.0
202620065,032,  37.43,  -4.68, 126.26,  -38.31,  -20.32,   64.82,-0.091,-0.729,-0.989, -39.0,  36.0, 104.0
202620067,032,  37.02,  -5.24, 126.66,  -38.31,  -20.32,   64.82,-0.091,-0.729,-0.989, -35.0,  35.0, 106.0
202620076,032,  36.26,  -5.69, 126.98,  -74.44,  -16.64,   51.95,-0.125,-0.820,-0.749, -35.0,  35.0, 106.0
202620087,032,  35.50,  -6.13, 127.31,  -74.44,  -16.64,   51.95,-0.125,-0.820,-0.749, -35.0,  35.0, 106.0
202620098,032,  34.96,  -6.50, 127.47,  -52.73,  -20.72,   32.58,-0.152,-0.662,-0.734, -35.0,  35.0, 106.0
202620108,032,  34.43,  -6.86, 127.63,  -52.73,  -20.72,   32.58,-0.152,-0.662,-0.734, -35.0,  35.0, 106.0
202620121,032,  34.40,  -7.34, 127.74,   -2.75,  -33.21,   34.58,-0.128,-0.594,-1.042, -35.0,  35.0, 106.0
202620133,032,  34.37,  -7.81, 127.85,   -2.75,  -33.21,   34.58,-0.128,-0.594,-1.042, -35.0,  35.0, 106.0
202620139,016,  34.38,  -8.07, 128.00,    6.24,  -13.10,   26.00,-0.121,-0.379,-0.888, -30.0,  35.0, 108.0
202620153,016,  34.39,  -8.33, 128.16,    6.24,  -13.10,   26.00,-0.121,-0.379,-0.888, -30.0,  35.0, 108.0
202620167,032,  34.18,  -8.53, 128.39,  -18.99,   -2.56,   29.19,-0.157,-0.684,-1.081, -30.0,  35.0, 108.0
202620170,032,  33.96,  -8.72, 128.63,  -18.99,   -2.56,   29.19,-0.157,-0.684,-1.081, -30.0,  35.0, 108.0
202620179,032,  33.74,  -8.99, 128.92,  -18.75,   -6.85,   38.41,-0.181,-0.696,-0.953, -30.0,  35.0, 108.0
202620188,032,  33.52,  -9.27, 129.21,  -18.75,   -6.85,   38.41,-0.181,-0.696,-0.953, -30.0,  35.0, 108.0
202620198,032,  33.58,  -9.68, 129.43,    7.97,  -21.71,   39.33,-0.171,-0.715,-0.997, -27.0,  37.0, 108.0
202620208,032,  33.63, -10.08, 129.65,    7.97,  -21.71,   39.33,-0.171,-0.715,-0.997, -27.0,  37.0, 108.0
202620222,032,  33.95, -10.44, 129.77,   32.55,  -23.68,   28.24,-0.203,-0.758,-1.054, -27.0,  37.0, 108.0
202620230,032,  34.27, -10.80, 129.88,   32.55,  -23.68,   28.24,-0.203,-0.758,-1.054, -27.0,  37.0, 108.0
202620240,032,  34.58, -10.95, 129.93,   30.95,   -9.36,   11.92,-0.286,-0.608,-1.064, -27.0,  37.0, 108.0
202620257,032,  34.88, -11.11, 129.99,   30.95,   -9.36,   11.92,-0.286,-0.608,-1.064, -27.0,  37.0, 108.0
202620259,032,  35.06, -11.21, 130.06,   17.83,   -3.92,   11.16,-0.210,-0.393,-0.639, -27.0,  37.0, 108.0
202620267,032,  35.23, -11.32, 130.14,   17.83,   -3.92,   11.16,-0.210,-0.393,-0.639, -25.0,  41.0, 107.0
202620278,016,  35.33, -11.34, 130.23,   10.63,    1.59,    7.91,-0.116,-0.594,-0.913, -25.0,  41.0, 107.0
202620289,016,  35.42, -11.36, 130.31,   10.63,    1.59,    7.91,-0.116,-0.594,-0.913, -25.0,  41.0, 107.0
202620299,016,  35.60, -11.46, 130.42,   19.21,   -2.82,   13.04,-0.167,-0.527,-0.808, -25.0,  41.0, 107.0
202620310,016,  35.77, -11.56, 130.52,   19.21,   -2.82,   13.04,-0.167,-0.527,-0.808, -25.0,  41.0, 107.0
202620323,032,  36.02, -11.73, 130.65,   26.24,   -6.98,   19.86,-0.157,-0.742,-1.009, -25.0,  41.0, 107.0
202620330,032,  36.27, -11.91, 130.78,   26.24,   -6.98,   19.86,-0.157,-0.742,-1.009, -24.0,  45.0, 107.0
202620346,032,  36.28, -12.04, 130.96,    3.53,   -0.14,   20.53,-0.198,-0.638,-0.902, -24.0,  45.0, 107.0
202620349,032,  36.29, -12.17, 131.13,    3.53,   -0.14,   20.53,-0.198,-0.638,-0.902, -24.0,  45.0, 107.0
202620357,032,  36.19, -12.31, 131.40,   -5.69,    3.53,   28.14,-0.180,-0.669,-0.868, -24.0,  45.0, 107.0
202620368,032,  36.09, -12.45, 131.66,   -5.69,    3.53,   28.14,-0.180,-0.669,-0.868, -24.0,  45.0, 107.0
202620378,016,  36.12, -12.61, 131.88,    3.98,   -0.43,   26.75,-0.154,-0.714,-0.752, -24.0,  45.0, 107.0
202620389,016,  36.15, -12.76, 132.11,    3.98,   -0.43,   26.75,-0.154,-0.714,-0.752, -24.0,  45.0, 107.0
202620404,032,  36.23, -12.93, 132.24,    9.69,   -6.27,   19.39,-0.183,-0.646,-0.930, -21.0,  47.0, 107.0
202620410,032,  36.31, -13.10, 132.37,    9.69,   -6.27,   19.39,-0.183,-0.646,-0.930, -21.0,  47.0, 107.0
202620420,016,  36.26, -13.22, 132.48,   -3.02,   -4.27,   15.80,-0.170,-0.610,-0.879, -21.0,  47.0, 107.0
202620438,016,  36.21, -13.34, 132.60,   -3.02,   -4.27,   15.80,-0.170,-0.610,-0.879, -21.0,  47.0, 107.0
202620440,032,  36.20, -13.41, 132.72,    0.58,    0.61,   12.55,-0.218,-0.581,-1.033, -21.0,  47.0, 107.0
202620450,032,  36.19, -13.49, 132.83,    0.58,    0.61,   12.55,-0.218,-0.581,-1.033, -21.0,  47.0, 107.0
202620458,032,  36.17, -13.56, 132.99,   -0.05,    2.50,   15.22,-0.195,-0.636,-0.911, -21.0,  47.0, 107.0
202620470,032,  36.15, -13.64, 133.14,   -0.05,    2.50,   15.22,-0.195,-0.636,-0.911, -21.0,  49.0, 107.0
202620480,032,  36.22, -13.75, 133.30,    9.73,   -0.02,   18.06,-0.214,-0.647,-0.938, -21.0,  49.0, 107.0
202620490,032,  36.29, -13.86, 133.46,    9.73,   -0.02,   18.06,-0.214,-0.647,-0.938, -21.0,  49.0, 107.0
202620500,032,  36.40, -13.97, 133.64,   14.53,    1.92,   19.65,-0.262,-0.688,-0.976, -21.0,  49.0, 107.0
202620509,032,  36.52, -14.07, 133.83,   14.53,    1.92,   19.65,-0.262,-0.688,-0.976, -21.0,  49.0, 107.0
202620528,016,  36.57, -14.12, 134.01,    7.27,    6.20,   15.91,-0.225,-0.668,-0.802, -21.0,  49.0, 107.0
202620531,016,  36.63, -14.16, 134.18,    7.27,    6.20,   15.91,-0.225,-0.668,-0.802, -20.0,  51.0, 107.0
202620538,016,  36.53, -14.18, 134.33,   -8.98,    6.32,   12.63,-0.205,-0.608,-0.711, -20.0,  51.0, 107.0
202620548,016,  36.43, -14.21, 134.48,   -8.98,    6.32,   12.63,-0.205,-0.608,-0.711, -20.0,  51.0, 107.0
202620560,016,  36.39, -14.28, 134.59,   -1.92,   -1.04,   12.63,-0.181,-0.609,-0.895, -20.0,  51.0, 107.0
202620569,016,  36.35, -14.35, 134.71,   -1.92,   -1.04,   12.63,-0.181,-0.609,-0.895, -20.0,  51.0, 107.0
202620579,032,  36.49, -14.49, 134.82,   15.02,   -4.96,   16.00,-0.229,-0.647,-0.966, -20.0,  51.0, 107.0
202620589,032,  36.62, -14.63, 134.93,   15.02,   -4.96,   16.00,-0.229,-0.647,-0.966, -20.0,  51.0, 107.0
202620603,016,  36.64, -14.72, 135.07,    2.35,    0.58,   15.60,-0.222,-0.691,-0.819, -18.0,  53.0, 107.0
202620611,016,  36.65, -14.80, 135.21,    2.35,    0.58,   15.60,-0.222,-0.691,-0.819, -18.0,  53.0, 107.0
202620626,016,  36.54, -14.86, 135.35,   -9.65,    1.97,   14.09,-0.216,-0.650,-0.817, -18.0,  53.0, 107.0
202620628,016,  36.43, -14.92, 135.49,   -9.65,    1.97,   14.09,-0.216,-0.650,-0.817, -18.0,  53.0, 107.0
202620640,016,  36.44, -15.02, 135.63,    3.07,   -0.49,   16.52,-0.225,-0.609,-0.828, -18.0,  53.0, 107.0
202620650,016,  36.45, -15.12, 135.78,    3.07,   -0.49,   16.52,-0.225,-0.609,-0.828, -18.0,  53.0, 107.0
202620658,016,  36.55, -15.27, 135.95,   14.67,   -3.79,   21.60,-0.212,-0.589,-0.898, -18.0,  53.0, 107.0
202620670,016,  36.65, -15.42, 136.12,   14.67,   -3.79,   21.60,-0.212,-0.589,-0.898, -17.0,  54.0, 107.0
202620681,016,  36.64, -15.57, 136.31,    2.76,   -1.27,   22.43,-0.235,-0.560,-0.763, -17.0,  54.0, 107.0
202620690,016,  36.63, -15.71, 136.50,    2.76,   -1.27,   22.43,-0.235,-0.560,-0.763, -17.0,  54.0, 107.0
202620702,016,  36.60, -15.82, 136.72,    0.37,    3.08,   22.79,-0.250,-0.659,-0.808, -17.0,  54.0, 107.0
202620716,016,  36.57, -15.93, 136.93,    0.37,    3.08,   22.79,-0.250,-0.659,-0.808, -17.0,  54.0, 107.0
202620719,016,  36.58, -16.05, 137.16,    5.42,    2.92,   23.24,-0.250,-0.544,-0.737, -17.0,  54.0, 107.0
202620729,016,  36.58, -16.16, 137.38,    5.42,    2.92,   23.24,-0.250,-0.544,-0.737, -16.0,  57.0, 107.0
202620738,016,  36.50, -16.28, 137.59,   -3.51,    1.85,   21.89,-0.252,-0.564,-0.770, -16.0,  57.0, 107.0
202620752,016,  36.43, -16.40, 137.80,   -3.51,    1.85,   21.89,-0.252,-0.564,-0.770, -16.0,  57.0, 107.0
202620763,016,  36.38, -16.52, 138.02,   -0.09,    2.00,   24.21,-0.259,-0.609,-0.759, -16.0,  57.0, 107.0
202620772,016,  36.34, -16.65, 138.25,   -0.09,    2.00,   24.21,-0.259,-0.609,-0.759, -16.0,  57.0, 107.0
202620779,016,  36.42, -16.78, 138.49,   12.61,    2.75,   25.66,-0.276,-0.628,-0.799, -16.0,  57.0, 107.0
202620792,016,  36.50, -16.91, 138.73,   12.61,    2.75,   25.66,-0.276,-0.628,-0.799, -16.0,  57.0, 107.0
202620806,032,  36.67, -17.03, 138.97,   22.90,    3.68,   23.88,-0.246,-0.680,-0.916, -14.0,  60.0, 106.0
202620808,032,  36.85, -17.15, 139.21,   22.90,    3.68,   23.88,-0.246,-0.680,-0.916, -14.0,  60.0, 106.0
202620818,032,  36.86, -17.17, 139.44,    6.49,   11.25,   18.15,-0.251,-0.670,-1.023, -14.0,  60.0, 106.0
202620828,032,  36.87, -17.20, 139.68,    6.49,   11.25,   18.15,-0.251,-0.670,-1.023, -14.0,  60.0, 106.0
202620839,016,  36.68, -17.14, 139.97,  -11.24,   20.35,   17.54,-0.275,-0.601,-0.855, -14.0,  60.0, 106.0
202620849,032,  36.59, -17.11, 140.31,   -0.50,   21.33,   23.86,-0.288,-0.793,-0.994, -14.0,  60.0, 106.0
202620860,032,  36.50, -17.09, 140.66,   -0.50,   21.33,   23.86,-0.288,-0.793,-0.994, -14.0,  60.0, 106.0
202620871,032,  36.60, -17.12, 141.02,   19.53,   17.30,   28.55,-0.325,-0.877,-1.172, -16.0,  62.0, 105.0
202620881,032,  36.71, -17.16, 141.39,   19.53,   17.30,   28.55,-0.325,-0.877,-1.172, -16.0,  62.0, 105.0
202620896,032,  36.83, -17.14, 141.78,   21.91,   23.73,   28.21,-0.403,-1.167,-1.063, -16.0,  62.0, 105.0
202620898,032,  36.95, -17.13, 142.18,   21.91,   23.73,   28.21,-0.403,-1.167,-1.063, -16.0,  62.0, 105.0
202620907,032,  37.19, -16.91, 142.58,   33.01,   40.32,   15.91,-0.362,-1.632,-0.896, -16.0,  62.0, 105.0
202620918,032,  37.43, -16.69, 142.97,   33.01,   40.32,   15.91,-0.362,-1.632,-0.896, -16.0,  62.0, 105.0
202620931,032,  37.76, -16.20, 143.26,   38.35,   54.52,   -9.40,-0.247,-1.874,-0.246, -21.0,  67.0, 102.0
202620939,032,  38.10, -15.72, 143.54,   38.35,   54.52,   -9.40,-0.247,-1.874,-0.246, -21.0,  67.0, 102.0
202620951,032,  38.45, -15.16, 143.61,   33.50,   48.14,  -30.52, 0.058,-2.064, 0.378, -21.0,  67.0, 102.0
202620960,032,  38.80, -14.59, 143.68,   33.50,   48.14,  -30.52, 0.058,-2.064, 0.378, -21.0,  67.0, 102.0
202620971,032,  39.37, -14.20, 143.41,   47.71,   14.11,  -46.21,-0.077,-2.654, 0.322, -21.0,  67.0, 102.0
202620986,032,  39.95, -13.80, 143.15,   47.71,   14.11,  -46.21,-0.077,-2.654, 0.322, -21.0,  67.0, 102.0
202620988,032,  40.54, -13.33, 142.60,   42.96,    1.39,  -71.68,-0.353,-3.812, 0.723, -21.0,  67.0, 102.0
202620997,032,  41.12, -12.85, 142.06,   42.96,    1.39,  -71.68,-0.353,-3.812, 0.723, -29.0,  65.0, 101.0
202621009,032,  41.28, -12.09, 140.91,  -12.47,  -16.63, -135.85,-1.288,-4.792, 1.017, -29.0,  65.0, 101.0
202621019,032,  41.42, -11.33, 139.76,  -12.47,  -16.63, -135.85,-1.288,-4.792, 1.017, -29.0,  65.0, 101.0
202621029,032,  41.55, -10.54, 137.68,  -29.07,  -76.38, -207.25,-2.510,-6.103, 1.292, -29.0,  65.0, 101.0
202621042,032,  41.66,  -9.75, 135.60,  -29.07,  -76.38, -207.25,-2.510,-6.103, 1.292, -29.0,  65.0, 101.0
202621049,032,  42.09,  -8.47, 131.93,  -17.33, -146.69, -356.58,-4.081,-5.954, 0.837, -29.0,  65.0, 101.0
202621061,032,  42.44,  -7.18, 128.26,  -17.33, -146.69, -356.58,-4.081,-5.954, 0.837, -25.0,  30.0, 108.0
202621075,032,  43.26,  -5.52, 122.95,   21.51, -235.98, -500.27,-5.773,-5.067,-1.019, -25.0,  30.0, 108.0
202621077,032,  43.92,  -3.80, 117.67,   21.51, -235.98, -500.27,-5.773,-5.067,-1.019, -25.0,  30.0, 108.0
202621089,032,  44.68,  -2.31, 112.15,   44.81, -276.53, -500.27,-7.344,-3.389,-1.339, -25.0,  30.0, 108.0
202621098,032,  45.28,  -0.76, 106.66,   44.81, -276.53, -500.27,-7.344,-3.389,-1.339, -25.0,  30.0, 108.0
202621110,032,  45.50,   0.90, 101.25,   21.68, -267.13, -500.27,-8.000,-1.141,-0.704, -25.0,  30.0, 108.0
202621121,032,  45.56,   2.57,  95.84,   21.68, -267.13, -500.27,-8.000,-1.141,-0.704, -25.0,  30.0, 108.0
202621129,032,  44.75,   3.96,  90.12,  -48.96, -302.84, -500.27,-7.435, 1.701,-0.879,  34.0, -10.0, 112.0
202621139,032,  43.80,   5.25,  84.37,  -48.96, -302.84, -500.27,-7.435, 1.701,-0.879,  34.0, -10.0, 112.0
202621152,032,  42.28,   6.15,  78.32,  -91.82, -341.40, -500.27,-5.811, 4.084,-3.687,  34.0, -10.0, 112.0
202621160,032,  40.66,   6.89,  72.25,  -91.82, -341.40, -500.27,-5.811, 4.084,-3.687,  34.0, -10.0, 112.0
202621176,032,  38.12,   8.44,  67.01, -183.24, -206.66, -500.27,-3.485, 3.381,-2.385,  34.0, -10.0, 112.0
202621179,032,  35.43,   9.76,  61.68, -183.24, -206.66, -500.27,-3.485, 3.381,-2.385,  34.0, -10.0, 112.0
202621188,032,  33.90,  12.07,  58.44,  -91.34,   11.08, -392.02,-2.085, 2.133,-0.913,  34.0, -10.0, 112.0
202621203,032,  32.22,  14.28,  55.10,  -91.34,   11.08, -392.02,-2.085, 2.133,-0.913,  72.0,  -5.0, 107.0
202621211,032,  30.98,  16.26,  52.90,  -65.83,   61.42, -281.95,-1.474, 2.602,-0.599,  72.0,  -5.0, 107.0
202621220,032,  29.65,  18.20,  50.64,  -65.83,   61.42, -281.95,-1.474, 2.602,-0.599,  72.0,  -5.0, 107.0
202621230,032,  28.70,  19.72,  49.12,  -45.33,   65.63, -196.69,-0.892, 1.812,-0.140,  72.0,  -5.0, 107.0
202621239,032,  27.70,  21.21,  47.57,  -45.33,   65.63, -196.69,-0.892, 1.812,-0.140,  72.0,  -5.0, 107.0
202621252,032,  27.51,  22.24,  46.65,   15.88,   55.08, -120.50,-0.382, 1.436,-1.044,  72.0,  -5.0, 107.0
202621265,032,  27.31,  23.27,  45.73,   15.88,   55.08, -120.50,-0.382, 1.436,-1.044,  63.0,   3.0, 111.0
202621268,032,  27.70,  24.13,  45.20,   60.49,   56.14,  -79.51, 0.058, 0.684,-1.025,  63.0,   3.0, 111.0
202621278,032,  28.08,  24.99,  44.67,   60.49,   56.14,  -79.51, 0.058, 0.684,-1.025,  63.0,   3.0, 111.0
202621289,032,  28.55,  25.78,  44.65,   46.93,   70.15,  -37.62, 0.369,-0.229,-0.573,  63.0,   3.0, 111.0
202621298,032,  29.03,  26.57,  44.62,   46.93,   70.15,  -37.62, 0.369,-0.229,-0.573,  63.0,   3.0, 111.0
202621309,032,  29.06,  27.12,  44.63,    1.28,   50.34,  -23.88, 0.502,-0.220,-0.427,  63.0,   3.0, 111.0
202621320,032,  29.10,  27.68,  44.64,    1.28,   50.34,  -23.88, 0.502,-0.220,-0.427,  63.0,   3.0, 111.0
202621330,032,  29.12,  28.13,  44.36,   14.98,   29.37,  -40.44, 0.491, 0.537,-0.752,  55.0,   8.0, 112.0
202621341,032,  29.13,  28.58,  44.08,   14.98,   29.37,  -40.44, 0.491, 0.537,-0.752,  55.0,   8.0, 112.0
202621355,032,  29.43,  28.87,  43.76,   44.85,   13.27,  -36.31, 0.500, 0.334,-1.007,  55.0,   8.0, 112.0
202621357,032,  29.72,  29.16,  43.43,   44.85,   13.27,  -36.31, 0.500, 0.334,-1.007,  55.0,   8.0, 112.0
202621367,032,  30.11,  29.46,  43.21,   49.07,   18.29,  -28.60, 0.497, 0.397,-0.753,  55.0,   8.0, 112.0
202621379,032,  30.49,  29.76,  42.99,   49.07,   18.29,  -28.60, 0.497, 0.397,-0.753,  55.0,   8.0, 112.0
202621389,032,  30.52,  29.93,  42.88,    7.98,   11.92,  -14.55, 0.507, 0.111,-0.662,  55.0,   8.0, 112.0
202621401,032,  30.55,  30.11,  42.77,    7.98,   11.92,  -14.55, 0.507, 0.111,-0.662,  52.0,  13.0, 112.0
202621410,016,  30.40,  30.11,  42.53,    5.47,   -9.22,   -7.85, 0.523, 0.100,-0.742,  52.0,  13.0, 112.0
202621420,016,  30.24,  30.11,  42.30,    5.47,   -9.22,   -7.85, 0.523, 0.100,-0.742,  52.0,  13.0, 112.0
202621431,032,  30.29,  29.86,  42.00,   19.15,  -32.02,   -6.99, 0.502, 0.253,-1.035,  52.0,  13.0, 112.0
202621447,032,  30.34,  29.61,  41.71,   19.15,  -32.02,   -6.99, 0.502, 0.253,-1.035,  52.0,  13.0, 112.0
202621449,032,  30.35,  29.28,  41.43,   13.97,  -38.78,   -1.68, 0.504, 0.219,-1.197,  52.0,  13.0, 112.0
202621457,032,  30.36,  28.95,  41.15,   13.97,  -38.78,   -1.68, 0.504, 0.219,-1.197,  58.0,  15.0, 110.0
202621468,032,  30.32,  28.64,  41.18,   -5.91,  -22.87,   19.74, 0.494,-0.110,-1.205,  58.0,  15.0, 110.0
202621478,032,  30.28,  28.33,  41.20,   -5.91,  -22.87,   19.74, 0.494,-0.110,-1.205,  58.0,  15.0, 110.0
202621490,032,  30.12,  28.03,  41.40,  -26.46,  -15.63,   32.31, 0.572,-0.319,-1.114,  58.0,  15.0, 110.0
202621499,032,  29.96,  27.72,  41.59,  -26.46,  -15.63,   32.31, 0.572,-0.319,-1.114,  58.0,  15.0, 110.0
202621509,032,  30.10,  27.50,  41.70,    8.06,  -12.11,   21.66, 0.595,-0.188,-1.009,  58.0,  15.0, 110.0
202621520,032,  30.25,  27.28,  41.80,    8.06,  -12.11,   21.66, 0.595,-0.188,-1.009,  58.0,  15.0, 110.0
202621536,032,  30.80,  27.12,  41.75,   57.02,  -14.15,    6.75, 0.567, 0.007,-0.952,  61.0,  16.0, 108.0
202621540,032,  31.35,  26.96,  41.70,   57.02,  -14.15,    6.75, 0.567, 0.007,-0.952,  61.0,  16.0, 108.0
202621549,032,  31.52,  26.84,  41.57,   21.44,  -13.88,   -0.66, 0.515, 0.080,-1.068,  61.0,  16.0, 108.0
202621558,032,  31.68,  26.72,  41.44,   21.44,  -13.88,   -0.66, 0.515, 0.080,-1.068,  61.0,  16.0, 108.0
202621569,032,  31.47,  26.57,  41.45,  -22.24,  -10.43,   11.15, 0.525,-0.069,-1.171,  61.0,  16.0, 108.0
202621579,032,  31.26,  26.41,  41.46,  -22.24,  -10.43,   11.15, 0.525,-0.069,-1.171,  61.0,  16.0, 108.0
202621592,032,  31.00,  26.30,  41.57,  -31.60,   -2.49,   16.41, 0.515,-0.196,-0.982,  64.0,  13.0, 108.0
202621600,032,  30.74,  26.19,  41.68,  -31.60,   -2.49,   16.41, 0.515,-0.196,-0.982,  64.0,  13.0, 108.0
202621610,016,  30.52,  26.17,  41.70,  -16.32,   -0.35,   10.24, 0.528,-0.071,-0.797,  64.0,  13.0, 108.0
202621620,016,  30.30,  26.15,  41.72,  -16.32,   -0.35,   10.24, 0.528,-0.071,-0.797,  64.0,  13.0, 108.0
202621636,032,  30.17,  26.07,  41.63,   -9.79,   -8.38,   -0.29, 0.492,-0.007,-0.987,  64.0,  13.0, 108.0
202621638,032,  30.05,  26.00,  41.55,   -9.79,   -8.38,   -0.29, 0.492,-0.007,-0.987,  64.0,  13.0, 108.0
202621651,032,  29.94,  25.89,  41.49,   -9.30,   -9.44,    3.65, 0.480,-0.037,-1.088,  64.0,  13.0, 108.0
202621659,032,  29.83,  25.78,  41.44,   -9.30,   -9.44,    3.65, 0.480,-0.037,-1.088,  65.0,  12.0, 108.0
202621669,016,  29.65,  25.77,  41.49,  -13.82,    3.01,   11.01, 0.489,-0.112,-0.922,  65.0,  12.0, 108.0
202621681,016,  29.47,  25.75,  41.54,  -13.82,    3.01,   11.01, 0.489,-0.112,-0.922,  65.0,  12.0, 108.0
202621690,016,  29.35,  25.76,  41.61,  -11.28,    4.06,   11.83, 0.561,-0.196,-0.841,  65.0,  12.0, 108.0
202621700,016,  29.24,  25.76,  41.69,  -11.28,    4.06,   11.83, 0.561,-0.196,-0.841,  65.0,  12.0, 108.0
202621711,032,  29.33,  25.72,  41.73,    6.24,   -0.46,    8.26, 0.539,-0.064,-0.716,  65.0,  12.0, 108.0
202621728,032,  29.42,  25.67,  41.77,    6.24,   -0.46,    8.26, 0.539,-0.064,-0.716,  65.0,  12.0, 108.0
202621730,016,  29.52,  25.57,  41.71,   19.50,  -10.00,    6.66, 0.514,-0.104,-0.950,  66.0,  12.0, 107.0
202621739,016,  29.63,  25.46,  41.64,   19.50,  -10.00,    6.66, 0.514,-0.104,-0.950,  66.0,  12.0, 107.0
202621748,032,  29.61,  25.31,  41.66,   -3.40,  -10.46,   11.63, 0.493,-0.168,-1.042,  66.0,  12.0, 107.0
202621762,032,  29.60,  25.15,  41.68,   -3.40,  -10.46,   11.63, 0.493,-0.168,-1.042,  66.0,  12.0, 107.0
202621770,032,  29.48,  25.10,  41.75,  -15.44,    0.96,   10.35, 0.507,-0.243,-0.957,  66.0,  12.0, 107.0
202621778,032,  29.37,  25.05,  41.82,  -15.44,    0.96,   10.35, 0.507,-0.243,-0.957,  66.0,  12.0, 107.0
202621792,016,  29.20,  25.08,  41.79,  -11.92,    1.24,    2.78, 0.541,-0.173,-0.847,  67.0,  10.0, 107.0
202621800,016,  29.02,  25.10,  41.77,  -11.92,    1.24,    2.78, 0.541,-0.173,-0.847,  67.0,  10.0, 107.0
202621815,000,  27.94,  25.48,  41.24,   -2.85,   -4.14,   -2.05, 0.534,-0.031,-0.848,  67.0,  10.0, 107.0
202621819,000,  26.93,  25.82,  40.75,   -2.85,   -4.14,   -2.05, 0.534,-0.031,-0.848,  67.0,  10.0, 107.0
202621827,032,  26.95,  25.71,  40.66,    4.55,  -11.74,    0.50, 0.506, 0.099,-0.985,  67.0,  10.0, 107.0
202621837,032,  26.96,  25.60,  40.57,    4.55,  -11.74,    0.50, 0.506, 0.099,-0.985,  67.0,  10.0, 107.0
202621848,032,  26.90,  25.47,  40.60,   -8.78,   -7.51,   10.76, 0.479,-0.132,-1.046,  67.0,  10.0, 107.0
202621859,032,  26.83,  25.35,  40.63,   -8.78,   -7.51,   10.76, 0.479,-0.132,-1.046,  69.0,  10.0, 106.0
202621870,032,  26.79,  25.30,  40.73,   -9.80,    1.51,   12.85, 0.519,-0.216,-0.946,  69.0,  10.0, 106.0
202621879,032,  26.75,  25.25,  40.83,   -9.80,    1.51,   12.85, 0.519,-0.216,-0.946,  69.0,  10.0, 106.0
202621890,000,  26.16,  25.50,  40.62,   -1.50,    2.60,    7.42, 0.513,-0.155,-0.845,  69.0,  10.0, 106.0
202621905,000,  25.61,  25.72,  40.43,   -1.50,    2.60,    7.42, 0.513,-0.155,-0.845,  69.0,  10.0, 106.0
202621907,000,  24.89,  25.96,  40.09,   -0.96,   -3.16,    2.50, 0.525,-0.070,-0.844,  69.0,  10.0, 106.0
202621918,000,  24.22,  26.18,  39.77,   -0.96,   -3.16,    2.50, 0.525,-0.070,-0.844,  69.0,  10.0, 106.0
202621927,032,  24.16,  26.07,  39.72,   -5.47,   -9.59,    2.50, 0.481,-0.051,-1.019,  70.0,   9.0, 107.0
202621938,032,  24.09,  25.97,  39.66,   -5.47,   -9.59,    2.50, 0.481,-0.051,-1.019,  70.0,   9.0, 107.0
202621949,032,  23.91,  25.87,  39.69,  -20.79,   -5.45,    8.38, 0.462,-0.129,-1.028,  70.0,   9.0, 107.0
202621963,032,  23.72,  25.78,  39.71,  -20.79,   -5.45,    8.38, 0.462,-0.129,-1.028,  70.0,   9.0, 107.0
202621970,032,  23.61,  25.74,  39.79,  -16.66,    1.66,   10.85, 0.489,-0.229,-0.993,  70.0,   9.0, 107.0
202621980,032,  23.49,  25.70,  39.88,  -16.66,    1.66,   10.85, 0.489,-0.229,-0.993,  70.0,   9.0, 107.0
202621996,016,  23.39,  25.72,  39.89,   -8.72,    3.07,    5.63, 0.529,-0.154,-0.857,  70.0,   7.0, 106.0
202622002,016,  23.30,  25.74,  39.91,   -8.72,    3.07,    5.63, 0.529,-0.154,-0.857,  70.0,   7.0, 106.0
202622009,000,  22.58,  26.02,  39.53,    1.44,    0.49,   -2.84, 0.513,-0.011,-0.836,  70.0,   7.0, 106.0
202622019,000,  21.90,  26.27,  39.17,    1.44,    0.49,   -2.84, 0.513,-0.011,-0.836,  70.0,   7.0, 106.0
202622028,032,  21.90,  26.21,  39.09,    2.95,   -6.08,   -1.71, 0.509, 0.013,-0.986,  70.0,   7.0, 106.0
202622040,032,  21.91,  26.15,  39.01,    2.95,   -6.08,   -1.71, 0.509, 0.013,-0.986,  70.0,   7.0, 106.0
202622049,016,  21.83,  26.08,  39.00,   -5.28,   -4.34,    5.98, 0.481,-0.110,-0.973,  70.0,   7.0, 106.0
202622060,016,  21.75,  26.02,  38.98,   -5.28,   -4.34,    5.98, 0.481,-0.110,-0.973,  71.0,   6.0, 106.0
202622071,016,  21.71,  25.97,  39.01,   -3.82,   -1.11,    8.69, 0.502,-0.135,-0.965,  71.0,   6.0, 106.0
202622085,016,  21.66,  25.93,  39.04,   -3.82,   -1.11,    8.69, 0.502,-0.135,-0.965,  71.0,   6.0, 106.0
202622087,016,  21.70,  25.90,  39.07,    4.02,   -0.60,    7.60, 0.513,-0.165,-0.923,  71.0,   6.0, 106.0
202622100,016,  21.74,  25.86,  39.10,    4.02,   -0.60,    7.60, 0.513,-0.165,-0.923,  71.0,   6.0, 106.0
202622107,016,  21.82,  25.85,  39.08,   10.87,   -0.89,    3.80, 0.511,-0.082,-0.839,  71.0,   6.0, 106.0
202622119,016,  21.90,  25.84,  39.06,   10.87,   -0.89,    3.80, 0.511,-0.082,-0.839,  71.0,   6.0, 106.0
202622128,032,  22.00,  25.77,  39.03,   10.09,   -5.22,    3.19, 0.492,-0.053,-1.093,  71.0,   7.0, 106.0
202622139,032,  22.10,  25.70,  39.01,   10.09,   -5.22,    3.19, 0.492,-0.053,-1.093,  71.0,   7.0, 106.0
202622149,016,  22.07,  25.67,  39.04,   -2.66,    0.12,    8.17, 0.482,-0.142,-0.969,  71.0,   7.0, 106.0
202622161,016,  22.04,  25.64,  39.07,   -2.66,    0.12,    8.17, 0.482,-0.142,-0.969,  71.0,   7.0, 106.0
202622170,016,  22.01,  25.65,  39.14,   -5.02,    5.28,    9.30, 0.505,-0.208,-0.948,  71.0,   7.0, 106.0
202622187,016,  21.98,  25.66,  39.21,   -5.02,    5.28,    9.30, 0.505,-0.208,-0.948,  71.0,   7.0, 106.0
202622189,016,  21.97,  25.68,  39.21,   -0.38,    3.01,    4.31, 0.529,-0.159,-0.897,  71.0,   7.0, 106.0
202622198,016,  21.95,  25.70,  39.22,   -0.38,    3.01,    4.31, 0.529,-0.159,-0.897,  71.0,   7.0, 106.0
202622211,000,  21.47,  25.91,  38.96,    4.35,   -0.98,    0.63, 0.515,-0.068,-0.834,  71.0,   7.0, 106.0
202622219,000,  21.02,  26.10,  38.71,    4.35,   -0.98,    0.63, 0.515,-0.068,-0.834,  71.0,   7.0, 106.0
202622231,032,  21.04,  26.03,  38.66,    2.76,   -6.37,    1.08, 0.490,-0.071,-1.043,  71.0,   7.0, 106.0
202622242,032,  21.06,  25.96,  38.61,    2.76,   -6.37,    1.08, 0.490,-0.071,-1.043,  71.0,   7.0, 106.0
202622250,032,  20.99,  25.90,  38.64,   -9.82,   -2.73,    6.99, 0.464,-0.170,-1.060,  71.0,   7.0, 106.0
202622261,032,  20.91,  25.83,  38.67,   -9.82,   -2.73,    6.99, 0.464,-0.170,-1.060,  71.0,   6.0, 106.0
202622275,032,  20.88,  25.84,  38.72,   -7.59,    4.15,    7.22, 0.468,-0.224,-1.050,  71.0,   6.0, 106.0
202622278,032,  20.84,  25.84,  38.78,   -7.59,    4.15,    7.22, 0.468,-0.224,-1.050,  71.0,   6.0, 106.0
202622290,016,  20.87,  25.88,  38.80,    2.00,    6.23,    4.15, 0.512,-0.208,-0.948,  71.0,   6.0, 106.0
202622297,016,  20.90,  25.92,  38.83,    2.00,    6.23,    4.15, 0.512,-0.208,-0.948,  71.0,   6.0, 106.0
202622309,000,  20.55,  26.14,  38.63,    5.10,    4.66,   -0.53, 0.526,-0.110,-0.864,  71.0,   6.0, 106.0
202622319,000,  20.22,  26.35,  38.44,    5.10,    4.66,   -0.53, 0.526,-0.110,-0.864,  71.0,   7.0, 106.0
202622330,000,  19.61,  26.49,  38.09,    1.24,    0.38,   -2.55, 0.500, 0.032,-0.896,  71.0,   7.0, 106.0
202622340,000,  19.02,  26.62,  37.76,    1.24,    0.38,   -2.55, 0.500, 0.032,-0.896,  71.0,   7.0, 106.0