205058440,016,   1.16,   2.15,  13.21,   -1.10,    1.95,   -1.28,-0.001,-0.027,-1.079, 120.0, -35.0,  95.0
205058448,016,   1.16,   2.15,  13.20,   -1.10,    1.95,   -1.28,-0.001,-0.027,-1.079, 120.0, -35.0,  95.0
205058457,016,   1.16,   2.15,  13.19,   -1.04,    1.95,   -1.28,-0.006,-0.010,-1.074, 120.0, -35.0,  95.0
205058468,016,   1.16,   2.15,  13.18,   -1.04,    1.95,   -1.28,-0.006,-0.010,-1.074, 120.0, -35.0,  95.0
205058478,016,   1.16,   2.15,  13.18,   -1.10,    1.89,   -1.28,-0.000,-0.009,-1.081, 119.0, -35.0,  95.0
205058489,016,   1.16,   2.16,  13.17,   -1.10,    1.89,   -1.28,-0.000,-0.009,-1.081, 119.0, -35.0,  95.0
205058490,016,   1.15,   2.15,  13.16,   -1.16,    1.89,   -1.22,-0.016,-0.014,-1.069, 119.0, -35.0,  95.0
205058505,016,   1.15,   2.15,  13.15,   -1.16,    1.89,   -1.22,-0.016,-0.014,-1.069, 119.0, -35.0,  95.0
205058516,016,   1.15,   2.16,  13.14,   -0.98,    1.95,   -1.16,-0.000,-0.006,-1.078, 119.0, -35.0,  95.0
205058527,016,   1.15,   2.16,  13.13,   -0.98,    1.95,   -1.16,-0.000,-0.006,-1.078, 119.0, -35.0,  95.0
205058537,016,   1.15,   2.16,  13.12,   -0.91,    2.01,   -1.10,-0.005,-0.015,-1.069, 119.0, -35.0,  95.0
205058548,016,   1.15,   2.16,  13.11,   -0.91,    2.01,   -1.10,-0.005,-0.015,-1.069, 119.0, -35.0,  95.0
205058558,016,   1.15,   2.16,  13.11,   -1.04,    1.89,   -1.16,-0.007,-0.016,-1.075, 119.0, -35.0,  95.0
205058571,016,   1.15,   2.16,  13.10,   -1.04,    1.89,   -1.16,-0.007,-0.016,-1.075, 119.0, -35.0,  95.0
205058586,016,   1.15,   2.16,  13.09,   -1.10,    1.89,   -1.16,-0.011,-0.023,-1.082, 119.0, -35.0,  95.0
205058590,016,   1.15,   2.16,  13.08,   -1.10,    1.89,   -1.16,-0.011,-0.023,-1.082, 119.0, -35.0,  95.0
205058596,016,   1.14,   2.16,  13.07,   -1.04,    2.07,   -1.10,-0.003,-0.010,-1.083, 119.0, -35.0,  95.0
205058612,016,   1.14,   2.16,  13.07,   -1.04,    2.01,   -1.10,-0.009,-0.012,-1.076, 119.0, -35.0,  95.0
205058619,016,   1.14,   2.16,  13.06,   -1.04,    2.01,   -1.10,-0.009,-0.012,-1.076, 119.0, -35.0,  95.0
205058627,016,   1.14,   2.16,  13.05,   -1.10,    1.89,   -1.16,-0.010,-0.007,-1.070, 119.0, -35.0,  95.0
205058639,016,   1.14,   2.16,  13.04,   -1.10,    1.89,   -1.16,-0.010,-0.007,-1.070, 119.0, -35.0,  95.0
205058649,016,   1.13,   2.16,  13.03,   -1.16,    1.83,   -1.10,-0.002,-0.005,-1.079, 119.0, -35.0,  95.0
205058659,016,   1.13,   2.16,  13.03,   -1.16,    1.83,   -1.10,-0.002,-0.005,-1.079, 119.0, -35.0,  95.0
205058675,016,   1.13,   2.17,  13.02,   -1.16,    1.89,   -1.04,-0.006,-0.010,-1.086, 119.0, -35.0,  95.0
205058677,016,   1.12,   2.17,  13.01,   -1.16,    1.89,   -1.04,-0.006,-0.010,-1.086, 120.0, -35.0,  95.0
205058686,016,   1.12,   2.17,  13.00,   -1.04,    1.95,   -1.10,-0.007,-0.018,-1.084, 120.0, -35.0,  95.0
205058696,016,   1.12,   2.17,  13.00,   -1.04,    1.95,   -1.10,-0.007,-0.018,-1.084, 120.0, -35.0,  95.0
205058710,016,   1.12,   2.17,  12.99,   -1.04,    1.95,   -1.16,-0.010,-0.008,-1.094, 120.0, -35.0,  95.0
205058717,016,   1.12,   2.17,  12.98,   -1.04,    1.95,   -1.16,-0.010,-0.008,-1.094, 120.0, -35.0,  95.0
205058728,016,   1.12,   2.17,  12.97,   -1.10,    1.89,   -1.10, 0.004,-0.027,-1.075, 120.0, -35.0,  95.0
205058739,016,   1.12,   2.17,  12.96,   -1.10,    1.89,   -1.10, 0.004,-0.027,-1.075, 120.0, -35.0,  95.0
205058750,016,   1.12,   2.17,  12.96,   -1.16,    1.89,   -1.04,-0.003,-0.021,-1.069, 120.0, -35.0,  95.0
205058759,016,   1.12,   2.17,  12.95,   -1.16,    1.89,   -1.04,-0.003,-0.021,-1.069, 120.0, -35.0,  95.0
205058761,016,   1.12,   2.17,  12.94,   -0.98,    1.95,   -1.10,-0.007,-0.014,-1.063, 120.0, -35.0,  95.0
205058777,016,   1.12,   2.17,  12.93,   -0.98,    1.95,   -1.10,-0.007,-0.014,-1.063, 120.0, -35.0,  95.0
205058788,016,   1.12,   2.17,  12.93,   -0.98,    1.95,   -1.04,-0.012,-0.008,-1.078, 120.0, -35.0,  95.0
205058798,016,   1.12,   2.17,  12.92,   -0.98,    1.95,   -1.04,-0.012,-0.008,-1.078, 120.0, -35.0,  95.0
205058809,016,   1.11,   2.17,  12.91,   -1.04,    1.83,   -1.04,-0.004,-0.007,-1.065, 120.0, -35.0,  95.0
205058818,016,   1.11,   2.17,  12.90,   -1.04,    1.83,   -1.04,-0.004,-0.007,-1.065, 120.0, -36.0,  95.0
205058829,016,   1.11,   2.17,  12.90,   -1.16,    1.71,   -1.04,-0.003,-0.007,-1.087, 120.0, -36.0,  95.0
205058839,016,   1.10,   2.17,  12.89,   -1.16,    1.71,   -1.04,-0.003,-0.007,-1.087, 120.0, -36.0,  95.0
205058854,016,   1.10,   2.17,  12.88,   -1.22,    1.77,   -1.10,-0.004,-0.018,-1.081, 120.0, -36.0,  95.0
205058857,016,   1.10,   2.17,  12.88,   -1.22,    1.77,   -1.10,-0.004,-0.018,-1.081, 120.0, -36.0,  95.0
205058869,016,   1.10,   2.17,  12.87,   -1.04,    1.95,   -1.04,-0.011,-0.033,-1.077, 120.0, -36.0,  95.0
205058876,016,   1.11,   2.17,  12.86,   -1.04,    1.95,   -1.04,-0.011,-0.033,-1.077, 120.0, -35.0,  95.0
205058887,016,   1.11,   2.17,  12.86,   -0.98,    1.95,   -1.04,-0.006,-0.016,-1.074, 120.0, -35.0,  95.0
205058900,016,   1.11,   2.17,  12.85,   -0.98,    1.95,   -1.04,-0.006,-0.016,-1.074, 120.0, -35.0,  95.0
205058909,016,   1.11,   2.17,  12.84,   -1.04,    1.89,   -0.98,-0.008,-0.022,-1.078, 120.0, -35.0,  95.0
205058918,016,   1.11,   2.17,  12.84,   -1.04,    1.89,   -0.98,-0.008,-0.022,-1.078, 120.0, -35.0,  95.0
205058930,016,   1.11,   2.17,  12.83,   -1.10,    1.83,   -1.04,-0.017,-0.019,-1.070, 120.0, -35.0,  95.0
205058944,016,   1.11,   2.17,  12.82,   -1.10,    1.83,   -1.04,-0.017,-0.019,-1.070, 120.0, -35.0,  95.0
205058948,016,   1.11,   2.17,  12.81,   -0.91,    1.83,   -1.04,-0.008,-0.011,-1.083, 120.0, -35.0,  95.0
205058956,016,   1.11,   2.17,  12.81,   -0.91,    1.83,   -1.04,-0.008,-0.011,-1.083, 120.0, -35.0,  95.0
205058966,016,   1.10,   2.17,  12.80,   -0.91,    1.89,   -1.04,-0.012,-0.010,-1.062, 120.0, -35.0,  95.0
205058976,016,   1.10,   2.17,  12.79,   -0.91,    1.89,   -1.04,-0.012,-0.010,-1.062, 120.0, -35.0,  95.0
205058988,016,   1.10,   2.16,  12.79,   -0.91,    1.83,   -1.04,-0.013,-0.010,-1.081, 120.0, -35.0,  95.0
205058998,016,   1.10,   2.16,  12.78,   -0.91,    1.83,   -1.04,-0.013,-0.010,-1.081, 120.0, -35.0,  95.0
205059008,016,   1.10,   2.16,  12.77,   -1.16,    1.83,   -0.98,-0.002,-0.017,-1.087, 119.0, -36.0,  95.0
205059019,016,   1.10,   2.16,  12.77,   -1.16,    1.83,   -0.98,-0.002,-0.017,-1.087, 119.0, -36.0,  95.0
205059030,016,   1.10,   2.16,  12.76,   -0.98,    1.95,   -0.91,-0.002,-0.021,-1.068, 119.0, -36.0,  95.0
205059031,016,   1.10,   2.17,  12.76,   -0.98,    1.95,   -0.91,-0.002,-0.021,-1.068, 119.0, -36.0,  95.0
205059046,016,   1.10,   2.17,  12.75,   -0.91,    2.01,   -0.98,-0.003,-0.013,-1.079, 119.0, -36.0,  95.0
205059058,016,   1.10,   2.17,  12.75,   -0.91,    2.01,   -0.98,-0.003,-0.013,-1.079, 119.0, -36.0,  95.0
205059067,016,   1.11,   2.17,  12.74,   -0.79,    2.01,   -0.98,-0.017,-0.016,-1.079, 119.0, -36.0,  95.0
205059077,016,   1.11,   2.17,  12.73,   -0.79,    2.01,   -0.98,-0.017,-0.016,-1.079, 120.0, -35.0,  94.0
205059088,000,   1.10,   2.11,  12.73,   -0.79,    2.01,   -0.98,-0.006,-0.014,-1.049, 120.0, -35.0,  94.0
205059098,000,   1.09,   2.05,  12.72,   -0.79,    2.01,   -0.98,-0.006,-0.014,-1.049, 120.0, -35.0,  94.0
205059109,016,   1.09,   2.05,  12.71,   -1.04,    1.83,   -0.98, 0.001,-0.012,-1.080, 120.0, -35.0,  94.0
205059125,016,   1.09,   2.05,  12.71,   -1.04,    1.83,   -0.98, 0.001,-0.012,-1.080, 120.0, -35.0,  94.0
205059126,016,   1.09,   2.05,  12.70,   -1.04,    1.77,   -0.91,-0.002,-0.018,-1.075, 120.0, -35.0,  94.0
205059136,016,   1.09,   2.05,  12.70,   -1.04,    1.77,   -0.91,-0.002,-0.018,-1.075, 120.0, -35.0,  94.0
205059147,016,   1.09,   2.05,  12.69,   -0.79,    1.95,   -0.91,-0.002,-0.016,-1.082, 119.0, -35.0,  95.0
205059158,016,   1.10,   2.05,  12.68,   -0.79,    1.95,   -0.91,-0.002,-0.016,-1.082, 119.0, -35.0,  95.0
205059167,016,   1.10,   2.06,  12.68,   -0.67,    2.01,   -0.91,-0.009,-0.016,-1.091, 119.0, -35.0,  95.0
205059179,016,   1.10,   2.06,  12.67,   -0.67,    2.01,   -0.91,-0.009,-0.016,-1.091, 119.0, -35.0,  95.0
205059188,016,   1.10,   2.06,  12.67,   -0.98,    1.95,   -0.91, 0.001,-0.010,-1.096, 119.0, -35.0,  95.0
205059200,016,   1.10,   2.06,  12.66,   -0.98,    1.95,   -0.91, 0.001,-0.010,-1.096, 119.0, -35.0,  95.0
205059214,016,   1.10,   2.06,  12.66,   -0.98,    1.89,   -0.91,-0.010,-0.019,-1.079, 119.0, -35.0,  94.0
205059216,016,   1.10,   2.06,  12.65,   -0.98,    1.89,   -0.91,-0.010,-0.019,-1.079, 119.0, -35.0,  94.0
205059228,016,   1.10,   2.06,  12.65,   -0.79,    1.95,   -0.91,-0.009,-0.022,-1.091, 119.0, -35.0,  94.0
205059236,016,   1.11,   2.06,  12.64,   -0.79,    1.95,   -0.91,-0.009,-0.022,-1.091, 119.0, -35.0,  94.0
205059246,016,   1.11,   2.07,  12.63,   -0.79,    1.95,   -0.91,-0.000,-0.013,-1.077, 119.0, -35.0,  94.0
205059257,016,   1.11,   2.07,  12.63,   -0.79,    1.95,   -0.91,-0.000,-0.013,-1.077, 119.0, -35.0,  94.0
205059267,016,   1.11,   2.07,  12.62,   -0.91,    1.89,   -0.91,-0.007,-0.017,-1.081, 119.0, -35.0,  94.0
205059278,016,   1.11,   2.07,  12.62,   -0.91,    1.89,   -0.91,-0.007,-0.017,-1.081, 119.0, -36.0,  94.0
205059289,016,   1.11,   2.07,  12.61,   -1.16,    1.83,   -0.85,-0.006,-0.016,-1.081, 119.0, -36.0,  94.0
205059299,016,   1.11,   2.07,  12.61,   -1.16,    1.83,   -0.85,-0.006,-0.016,-1.081, 119.0, -36.0,  94.0
205059300,016,   1.11,   2.07,  12.60,   -1.22,    1.77,   -0.85,-0.007,-0.017,-1.071, 119.0, -36.0,  94.0
205059315,016,   1.10,   2.07,  12.60,   -1.22,    1.77,   -0.85,-0.007,-0.017,-1.071, 119.0, -36.0,  94.0
205059327,016,   1.10,   2.07,  12.60,   -1.10,    1.77,   -0.79, 0.001,-0.017,-1.074, 119.0, -36.0,  94.0
205059337,016,   1.10,   2.07,  12.59,   -1.10,    1.77,   -0.79, 0.001,-0.017,-1.074, 119.0, -36.0,  94.0
205059348,016,   1.10,   2.07,  12.59,   -0.79,    2.07,   -0.79,-0.013,-0.014,-1.083, 120.0, -35.0,  95.0
205059358,016,   1.11,   2.08,  12.58,   -0.79,    2.07,   -0.79,-0.013,-0.014,-1.083, 120.0, -35.0,  95.0
205059368,016,   1.11,   2.08,  12.58,   -0.91,    1.95,   -0.79,-0.012,-0.025,-1.068, 120.0, -35.0,  95.0
205059378,016,   1.11,   2.08,  12.58,   -0.91,    1.95,   -0.79,-0.012,-0.025,-1.068, 120.0, -35.0,  95.0
205059395,016,   1.11,   2.08,  12.57,   -1.10,    1.77,   -0.73, 0.002,-0.018,-1.074, 120.0, -35.0,  95.0
205059399,016,   1.11,   2.08,  12.57,   -1.10,    1.77,   -0.73, 0.002,-0.018,-1.074, 120.0, -35.0,  95.0
205059407,016,   1.11,   2.08,  12.56,   -1.04,    1.71,   -0.73,-0.007,-0.019,-1.072, 119.0, -35.0,  94.0
205059417,016,   1.11,   2.08,  12.56,   -1.04,    1.71,   -0.73,-0.007,-0.019,-1.072, 119.0, -35.0,  94.0
205059427,016,   1.11,   2.08,  12.56,   -0.67,    1.83,   -0.73, 0.003,-0.014,-1.087, 119.0, -35.0,  94.0
205059438,016,   1.12,   2.08,  12.55,   -0.67,    1.83,   -0.73, 0.003,-0.014,-1.087, 119.0, -35.0,  94.0
205059452,016,   1.12,   2.08,  12.55,   -0.79,    1.77,   -0.79,-0.007,-0.012,-1.081, 119.0, -35.0,  94.0
205059458,016,   1.12,   2.08,  12.54,   -0.79,    1.77,   -0.79,-0.007,-0.012,-1.081, 119.0, -35.0,  94.0
205059469,016,   1.12,   2.08,  12.54,   -0.98,    1.83,   -0.73, 0.004,-0.011,-1.076, 119.0, -35.0,  94.0
205059485,016,   1.12,   2.08,  12.54,   -0.98,    1.83,   -0.73, 0.004,-0.011,-1.076, 120.0, -36.0,  94.0
205059486,016,   1.12,   2.08,  12.54,   -0.85,    2.01,   -0.67,-0.003,-0.014,-1.078, 120.0, -36.0,  94.0
205059496,016,   1.12,   2.09,  12.53,   -0.85,    2.01,   -0.67,-0.003,-0.014,-1.078, 120.0, -36.0,  94.0
205059508,016,   1.12,   2.09,  12.53,   -0.61,    2.01,   -0.67,-0.003,-0.023,-1.070, 120.0, -36.0,  94.0
205059517,016,   1.13,   2.09,  12.53,   -0.61,    2.01,   -0.67,-0.003,-0.023,-1.070, 120.0, -36.0,  94.0
205059528,016,   1.13,   2.09,  12.52,   -0.91,    1.77,   -0.67,-0.001,-0.025,-1.085, 120.0, -36.0,  94.0
205059538,016,   1.13,   2.09,  12.52,   -0.91,    1.77,   -0.67,-0.001,-0.025,-1.085, 120.0, -35.0,  95.0
205059549,016,   1.13,   2.09,  12.52,   -1.52,    1.65,   -0.61,-0.007,-0.023,-1.080, 120.0, -35.0,  95.0
205059559,016,   1.13,   2.09,  12.52,   -1.52,    1.65,   -0.61,-0.007,-0.023,-1.080, 120.0, -35.0,  95.0
205059569,016,   1.12,   2.09,  12.51,   -1.28,    1.71,   -0.61, 0.002,-0.016,-1.083, 120.0, -35.0,  95.0
205059575,016,   1.12,   2.09,  12.51,   -1.28,    1.71,   -0.61, 0.002,-0.016,-1.083, 120.0, -35.0,  95.0
205059586,016,   1.12,   2.09,  12.51,   -0.55,    1.95,   -0.55,-0.010,-0.013,-1.080, 120.0, -35.0,  95.0
205059596,016,   1.13,   2.09,  12.51,   -0.55,    1.95,   -0.55,-0.010,-0.013,-1.080, 120.0, -35.0,  95.0
205059608,016,   1.13,   2.09,  12.51,   -0.24,    1.77,   -0.61,-0.013,-0.010,-1.083, 120.0, -35.0,  95.0
205059620,016,   1.14,   2.09,  12.50,   -0.24,    1.77,   -0.61,-0.013,-0.010,-1.083, 120.0, -35.0,  95.0
205059627,016,   1.14,   2.08,  12.50,   -1.16,    1.40,   -0.67,-0.007,-0.008,-1.089, 120.0, -35.0,  95.0
205059639,016,   1.13,   2.08,  12.50,   -1.16,    1.40,   -0.67,-0.007,-0.008,-1.089, 120.0, -35.0,  95.0
205059649,016,   1.13,   2.07,  12.49,   -1.65,    1.46,   -0.61,-0.012,-0.014,-1.074, 120.0, -35.0,  95.0
205059665,016,   1.12,   2.07,  12.49,   -1.65,    1.46,   -0.61,-0.012,-0.014,-1.074, 120.0, -35.0,  95.0
205059666,016,   1.12,   2.07,  12.49,   -1.10,    1.77,   -0.49,-0.002,-0.013,-1.080, 120.0, -35.0,  95.0
205059682,016,   1.12,   2.07,  12.49,   -1.10,    1.77,   -0.49,-0.002,-0.013,-1.080, 120.0, -35.0,  94.0
205059687,016,   1.12,   2.07,  12.49,   -0.49,    2.13,   -0.55,-0.004,-0.019,-1.077, 120.0, -35.0,  94.0
205059697,016,   1.13,   2.08,  12.49,   -0.49,    2.13,   -0.55,-0.004,-0.019,-1.077, 120.0, -35.0,  94.0
205059708,016,   1.14,   2.08,  12.48,   -0.49,    2.01,   -0.61,-0.002,-0.022,-1.059, 120.0, -35.0,  94.0
205059719,016,   1.14,   2.08,  12.48,   -0.49,    2.01,   -0.61,-0.002,-0.022,-1.059, 120.0, -35.0,  94.0
205059728,016,   1.14,   2.08,  12.48,   -1.16,    1.89,   -0.61,-0.010,-0.026,-1.075, 120.0, -35.0,  94.0
205059739,016,   1.14,   2.08,  12.48,   -1.16,    1.89,   -0.61,-0.010,-0.026,-1.075, 119.0, -35.0,  94.0
205059756,016,   1.14,   2.08,  12.47,   -1.46,    1.77,   -0.67,-0.003,-0.013,-1.093, 119.0, -35.0,  94.0
205059758,016,   1.13,   2.08,  12.47,   -1.46,    1.77,   -0.67,-0.003,-0.013,-1.093, 119.0, -35.0,  94.0
205059766,016,   1.13,   2.08,  12.47,   -1.16,    1.83,   -0.61,-0.009,-0.007,-1.089, 119.0, -35.0,  94.0
205059780,016,   1.13,   2.08,  12.47,   -1.16,    1.83,   -0.61,-0.009,-0.007,-1.089, 119.0, -35.0,  94.0
205059789,016,   1.12,   2.08,  12.46,   -1.10,    1.83,   -0.55,-0.008,-0.012,-1.085, 119.0, -35.0,  94.0
205059797,016,   1.12,   2.08,  12.46,   -1.10,    1.83,   -0.55,-0.008,-0.012,-1.085, 119.0, -35.0,  94.0
205059808,016,   1.12,   2.08,  12.46,   -1.34,    1.83,   -0.61,-0.000,-0.019,-1.077, 119.0, -35.0,  94.0
205059818,016,   1.12,   2.08,  12.46,   -1.34,    1.83,   -0.61,-0.000,-0.019,-1.077, 119.0, -35.0,  94.0
205059829,016,   1.11,   2.08,  12.46,   -1.04,    1.89,   -0.49,-0.002,-0.013,-1.090, 119.0, -35.0,  94.0
205059840,016,   1.11,   2.08,  12.46,   -1.04,    1.89,   -0.49,-0.002,-0.013,-1.090, 119.0, -35.0,  94.0
205059842,016,   1.11,   2.08,  12.45,   -0.79,    1.89,   -0.49,-0.007,-0.005,-1.091, 119.0, -35.0,  94.0
205059859,016,   1.11,   2.08,  12.45,   -0.79,    1.89,   -0.49,-0.007,-0.005,-1.091, 119.0, -35.0,  94.0
205059870,016,   1.11,   2.08,  12.45,   -1.22,    1.65,   -0.49,-0.000,-0.009,-1.092, 119.0, -35.0,  94.0
205059877,016,   1.11,   2.08,  12.45,   -1.22,    1.65,   -0.49,-0.000,-0.009,-1.092, 119.0, -34.0,  94.0
205059888,016,   1.11,   2.08,  12.45,   -1.46,    1.52,   -0.55,-0.012,-0.026,-1.081, 119.0, -34.0,  94.0
205059897,016,   1.10,   2.08,  12.45,   -1.46,    1.52,   -0.55,-0.012,-0.026,-1.081, 119.0, -34.0,  94.0
205059909,016,   1.10,   2.07,  12.44,   -1.16,    1.71,   -0.49,-0.035,-0.012,-1.073, 119.0, -34.0,  94.0
205059919,016,   1.10,   2.06,  12.44,   -1.16,    1.71,   -0.49,-0.035,-0.012,-1.073, 119.0, -34.0,  94.0
205059937,016,   1.10,   2.06,  12.44,   -0.61,    1.83,   -0.55,-0.009,-0.001,-1.081, 119.0, -34.0,  94.0
205059941,016,   1.10,   2.06,  12.44,   -0.61,    1.83,   -0.55,-0.009,-0.001,-1.081, 119.0, -35.0,  95.0
205059949,016,   1.11,   2.06,  12.44,   -0.43,    1.77,   -0.55,-0.000,-0.012,-1.080, 119.0, -35.0,  95.0
205059958,016,   1.11,   2.06,  12.44,   -0.43,    1.77,   -0.55,-0.000,-0.012,-1.080, 119.0, -35.0,  95.0
205059969,016,   1.11,   2.06,  12.44,   -0.73,    1.71,   -0.49,-0.004,-0.005,-1.090, 119.0, -35.0,  95.0
205059982,016,   1.11,   2.06,  12.43,   -0.73,    1.71,   -0.49,-0.004,-0.005,-1.090, 119.0, -35.0,  95.0
205059994,016,   1.11,   2.06,  12.43,   -1.16,    1.40,   -0.49,-0.001,-0.017,-1.076, 119.0, -35.0,  95.0
205100001,016,   1.11,   2.06,  12.43,   -1.16,    1.40,   -0.49,-0.001,-0.017,-1.076, 119.0, -35.0,  95.0
205100011,016,   1.11,   2.05,  12.43,   -1.10,    1.65,   -0.55,-0.019,-0.014,-1.082, 120.0, -35.0,  95.0
205100025,016,   1.11,   2.05,  12.43,   -1.10,    1.65,   -0.55,-0.019,-0.014,-1.082, 120.0, -35.0,  95.0
205100026,016,   1.11,   2.05,  12.43,   -0.85,    1.71,   -0.49,-0.001,-0.020,-1.072, 120.0, -35.0,  95.0
205100036,016,   1.11,   2.05,  12.43,   -0.85,    1.71,   -0.49,-0.001,-0.020,-1.072, 120.0, -35.0,  95.0
205100046,016,   1.11,   2.05,  12.42,   -0.91,    1.83,   -0.49,-0.004,-0.021,-1.068, 120.0, -35.0,  95.0
205100057,016,   1.12,   2.05,  12.42,   -0.91,    1.83,   -0.49,-0.004,-0.021,-1.068, 120.0, -35.0,  95.0
205100067,016,   1.12,   2.05,  12.42,   -0.91,    1.83,   -0.49,-0.024,-0.014,-1.088, 120.0, -35.0,  95.0
205100078,016,   1.12,   2.04,  12.42,   -0.91,    1.83,   -0.49,-0.024,-0.014,-1.088, 120.0, -35.0,  94.0
205100087,016,   1.12,   2.04,  12.42,   -0.91,    1.83,   -0.43,-0.001,-0.018,-1.084, 120.0, -35.0,  94.0
205100099,016,   1.12,   2.05,  12.42,   -0.91,    1.83,   -0.43,-0.001,-0.018,-1.084, 120.0, -35.0,  94.0
205100109,016,   1.12,   2.05,  12.42,   -0.98,    1.77,   -0.55,-0.003,-0.021,-1.074, 120.0, -35.0,  94.0
205100111,016,   1.12,   2.05,  12.42,   -0.98,    1.77,   -0.55,-0.003,-0.021,-1.074, 120.0, -35.0,  94.0
205100126,016,   1.12,   2.04,  12.41,   -1.04,    1.65,   -0.55,-0.004,-0.012,-1.078, 120.0, -35.0,  94.0
205100137,016,   1.12,   2.04,  12.41,   -1.04,    1.65,   -0.55,-0.004,-0.012,-1.078, 120.0, -35.0,  94.0
205100147,016,   1.12,   2.04,  12.41,   -0.98,    1.52,   -0.55,-0.002,-0.012,-1.079, 120.0, -35.0,  94.0
205100157,016,   1.12,   2.04,  12.41,   -0.98,    1.52,   -0.55,-0.002,-0.012,-1.079, 120.0, -35.0,  94.0
205100167,016,   1.12,   2.04,  12.41,   -0.85,    1.65,   -0.49,-0.002,-0.023,-1.082, 120.0, -35.0,  94.0
205100179,016,   1.12,   2.04,  12.41,   -0.85,    1.65,   -0.49,-0.002,-0.023,-1.082, 120.0, -35.0,  94.0
205100188,016,   1.13,   2.04,  12.41,   -0.67,    1.95,   -0.49,-0.005,-0.017,-1.077, 120.0, -35.0,  94.0
205100204,016,   1.13,   2.04,  12.40,   -0.67,    1.95,   -0.49,-0.005,-0.017,-1.077, 120.0, -35.0,  94.0
205100205,016,   1.13,   2.04,  12.40,   -0.61,    1.89,   -0.67,-0.002,-0.020,-1.081, 120.0, -35.0,  95.0
205100215,016,   1.14,   2.04,  12.40,   -0.61,    1.89,   -0.67,-0.002,-0.020,-1.081, 120.0, -35.0,  95.0
205100228,016,   1.14,   2.04,  12.40,   -1.04,    1.83,   -0.67,-0.009,-0.018,-1.068, 120.0, -35.0,  95.0
205100239,016,   1.14,   2.04,  12.39,   -1.04,    1.83,   -0.67,-0.009,-0.018,-1.068, 120.0, -35.0,  95.0
205100247,016,   1.14,   2.04,  12.39,   -1.34,    1.89,   -0.61, 0.011,-0.017,-1.059, 120.0, -35.0,  95.0
205100259,016,   1.13,   2.05,  12.39,   -1.34,    1.89,   -0.61, 0.011,-0.017,-1.059, 120.0, -35.0,  95.0
205100268,016,   1.13,   2.05,  12.39,   -1.16,    1.77,   -0.43,-0.001,-0.018,-1.073, 119.0, -35.0,  95.0
205100279,016,   1.13,   2.05,  12.39,   -1.16,    1.77,   -0.43,-0.001,-0.018,-1.073, 119.0, -35.0,  95.0
205100294,016,   1.13,   2.05,  12.39,   -0.98,    1.71,   -0.49,-0.015,-0.013,-1.094, 119.0, -35.0,  95.0
205100295,016,   1.13,   2.04,  12.39,   -0.98,    1.71,   -0.49,-0.015,-0.013,-1.094, 119.0, -35.0,  95.0
205100307,016,   1.13,   2.04,  12.38,   -1.10,    1.83,   -0.55,-0.007,-0.024,-1.086, 119.0, -35.0,  95.0
205100317,016,   1.13,   2.04,  12.38,   -1.10,    1.83,   -0.55,-0.007,-0.024,-1.086, 119.0, -35.0,  95.0
205100327,016,   1.12,   2.04,  12.38,   -1.71,    1.71,   -0.37,-0.014, 0.010,-1.085, 119.0, -35.0,  95.0
205100338,016,   1.11,   2.04,  12.38,   -1.71,    1.71,   -0.37,-0.014, 0.010,-1.085, 119.0, -35.0,  94.0
205100348,016,   1.10,   2.04,  12.39,   -1.95,    1.40,   -0.12, 0.009,-0.021,-1.077, 119.0, -35.0,  94.0
205100358,016,   1.09,   2.03,  12.39,   -1.95,    1.40,   -0.12, 0.009,-0.021,-1.077, 119.0, -35.0,  94.0
205100369,016,   1.09,   2.03,  12.39,   -1.52,    1.28,   -0.24,-0.006,-0.024,-1.078, 119.0, -35.0,  94.0
205100380,016,   1.08,   2.02,  12.39,   -1.52,    1.28,   -0.24,-0.006,-0.024,-1.078, 119.0, -35.0,  94.0
205100381,016,   1.08,   2.02,  12.39,   -1.52,    1.28,   -0.18,-0.005,-0.027,-1.069, 119.0, -35.0,  94.0
205100400,016,   1.08,   2.01,  12.39,   -1.52,    1.28,   -0.18,-0.005,-0.027,-1.069, 119.0, -35.0,  94.0
205100407,016,   1.07,   2.01,  12.40,   -1.52,    1.34,   -0.18,-0.001,-0.022,-1.072, 119.0, -36.0,  94.0
205100417,016,   1.07,   2.01,  12.40,   -1.52,    1.34,   -0.18,-0.001,-0.022,-1.072, 119.0, -36.0,  94.0
205100431,016,   1.07,   2.00,  12.40,   -1.34,    1.28,   -0.18, 0.004,-0.017,-1.089, 119.0, -36.0,  94.0
205100439,016,   1.06,   2.00,  12.40,   -1.34,    1.28,   -0.18, 0.004,-0.017,-1.089, 119.0, -36.0,  94.0
205100448,016,   1.07,   1.99,  12.40,   -0.12,    1.52,   -0.30,-0.007,-0.018,-1.077, 119.0, -36.0,  94.0
205100460,016,   1.08,   1.99,  12.41,   -0.12,    1.52,   -0.30,-0.007,-0.018,-1.077, 119.0, -36.0,  94.0
205100475,016,   1.09,   1.99,  12.41,   -0.12,    1.34,   -0.43, 0.001,-0.031,-1.071, 120.0, -35.0,  94.0
205100480,016,   1.10,   1.98,  12.40,   -0.12,    1.34,   -0.43, 0.001,-0.031,-1.071, 120.0, -35.0,  94.0
205100488,016,   1.10,   1.98,  12.40,   -1.10,    1.46,   -0.49,-0.003,-0.019,-1.090, 120.0, -35.0,  94.0
205100497,016,   1.10,   1.98,  12.40,   -1.10,    1.46,   -0.49,-0.003,-0.019,-1.090, 120.0, -35.0,  94.0
205100508,016,   1.10,   1.97,  12.40,   -1.10,    1.52,   -0.55,-0.018,-0.013,-1.061, 120.0, -35.0,  94.0
205100517,016,   1.10,   1.97,  12.40,   -1.10,    1.52,   -0.55,-0.018,-0.013,-1.061, 120.0, -35.0,  94.0
205100528,032,   1.10,   1.97,  12.40,   -0.61,    1.59,   -0.49,-0.009,-0.014,-1.101, 120.0, -35.0,  94.0
205100543,032,   1.11,   1.98,  12.40,   -0.61,    1.59,   -0.49,-0.009,-0.014,-1.101, 120.0, -35.0,  93.0
205100549,016,   1.12,   1.97,  12.40,   -0.24,    1.46,   -0.43,-0.000,-0.014,-1.082, 120.0, -35.0,  93.0
205100564,016,   1.12,   1.97,  12.40,   -0.24,    1.46,   -0.43,-0.000,-0.014,-1.082, 120.0, -35.0,  93.0
205100565,016,   1.14,   1.96,  12.40,    0.37,    1.16,   -0.37,-0.015,-0.012,-1.079, 120.0, -35.0,  93.0
205100576,016,   1.15,   1.96,  12.40,    0.37,    1.16,   -0.37,-0.015,-0.012,-1.079, 120.0, -35.0,  93.0
205100588,016,   1.18,   1.94,  12.39,    1.28,    1.04,   -0.49,-0.060,-0.037,-1.067, 120.0, -35.0,  93.0
205100596,016,   1.20,   1.92,  12.39,    1.28,    1.04,   -0.49,-0.060,-0.037,-1.067, 120.0, -35.0,  93.0
205100609,016,   1.23,   1.93,  12.11,    2.50,    0.98,  -29.02, 0.012,-0.036,-1.060, 119.0, -34.0,  94.0
205100619,016,   1.26,   1.93,  11.82,    2.50,    0.98,  -29.02, 0.012,-0.036,-1.060, 119.0, -34.0,  94.0
205100629,032,   1.26,   1.94,  11.34,    0.61,    1.28,  -48.66, 0.219,-0.009,-1.109, 119.0, -34.0,  94.0
205100641,032,   1.26,   1.96,  10.86,    0.61,    1.28,  -48.66, 0.219,-0.009,-1.109, 119.0, -34.0,  94.0
205100650,032,   1.25,   1.97,  10.49,   -0.24,    1.65,  -36.77, 0.086, 0.000,-1.086, 119.0, -34.0,  94.0
205100652,032,   1.25,   1.98,  10.13,   -0.24,    1.65,  -36.77, 0.086, 0.000,-1.086, 119.0, -34.0,  94.0
205100666,032,   1.24,   2.00,   9.85,   -0.85,    2.26,  -28.78, 0.049, 0.016,-1.106, 120.0, -31.0,  92.0
205100677,032,   1.23,   2.02,   9.57,   -0.85,    2.26,  -28.78, 0.049, 0.016,-1.106, 120.0, -31.0,  92.0
205100687,032,   1.22,   2.04,   9.21,   -0.91,    2.62,  -36.10,-0.080, 0.028,-1.051, 120.0, -31.0,  92.0
205100698,032,   1.21,   2.06,   8.85,   -0.91,    2.62,  -36.10,-0.080, 0.028,-1.051, 120.0, -31.0,  92.0
205100709,032,   1.20,   2.08,   8.45,   -0.91,    2.44,  -40.61, 0.065, 0.064,-1.147, 120.0, -31.0,  92.0
205100719,032,   1.18,   2.10,   8.05,   -0.91,    2.44,  -40.61, 0.065, 0.064,-1.147, 120.0, -31.0,  92.0
205100729,032,   1.17,   2.11,   7.83,   -0.85,    1.77,  -23.17,-0.310,-0.033,-1.135, 120.0, -31.0,  92.0
205100745,032,   1.17,   2.11,   7.60,   -0.85,    1.77,  -23.17,-0.310,-0.033,-1.135, 120.0, -29.0,  89.0
205100746,016,   1.15,   2.11,   7.38,   -1.95,    1.59,  -22.87,-0.052, 0.006,-1.080, 120.0, -29.0,  89.0
205100756,016,   1.13,   2.10,   7.16,   -1.95,    1.59,  -22.87,-0.052, 0.006,-1.080, 120.0, -29.0,  89.0
205100767,016,   1.08,   2.08,   6.94,   -3.78,    0.91,  -22.32,-0.099, 0.040,-1.068, 120.0, -29.0,  89.0
205100777,016,   1.04,   2.06,   6.72,   -3.78,    0.91,  -22.32,-0.099, 0.040,-1.068, 120.0, -29.0,  89.0
205100787,016,   0.99,   2.06,   6.54,   -2.50,    1.52,  -19.02,-0.039, 0.137,-1.006, 120.0, -29.0,  89.0
205100798,016,   0.94,   2.05,   6.36,   -2.50,    1.52,  -19.02,-0.039, 0.137,-1.006, 119.0, -26.0,  90.0
205100809,032,   0.81,   2.01,   6.10,  -12.50,   -2.50,  -26.46,-0.420, 0.015,-1.142, 119.0, -26.0,  90.0
205100824,032,   0.69,   1.97,   5.84,  -12.50,   -2.50,  -26.46,-0.420, 0.015,-1.142, 119.0, -26.0,  90.0
205100835,032,   0.50,   1.51,   5.43,  -18.66,  -45.30,  -40.49,-0.462, 0.167,-1.311, 119.0, -26.0,  90.0
205100839,032,   0.31,   1.04,   5.03,  -18.66,  -45.30,  -40.49,-0.462, 0.167,-1.311, 119.0, -26.0,  90.0
205100846,032,   0.28,  -1.00,   4.75,   -4.33, -203.11,  -27.50,-0.619,-0.271,-2.552, 119.0, -26.0,  90.0
205100857,032,   0.26,  -3.05,   4.48,   -4.33, -203.11,  -27.50,-0.619,-0.271,-2.552, 119.0, -26.0,  90.0
205100867,032,   0.49,  -4.15,   4.63,   22.44, -108.29,   15.06,-0.175, 0.064,-1.301, 129.0, -25.0,  81.0
205100877,032,   0.71,  -5.24,   4.77,   22.44, -108.29,   15.06,-0.175, 0.064,-1.301, 129.0, -25.0,  81.0
205100888,032,   1.21,  -4.20,   5.09,   51.83,  105.73,   28.72,-0.140, 0.135,-1.538, 129.0, -25.0,  81.0
205100898,032,   1.72,  -3.16,   5.41,   51.83,  105.73,   28.72,-0.140, 0.135,-1.538, 129.0, -25.0,  81.0
205100909,032,   2.13,  -1.22,   5.54,   40.06,  196.52,    6.10,-0.356,-0.702,-1.822, 129.0, -25.0,  81.0
205100919,032,   2.55,   0.73,   5.69,   40.06,  196.52,    6.10,-0.356,-0.702,-1.822, 129.0, -25.0,  81.0
205100921,032,   2.45,   3.43,   4.99,   -9.09,  267.99,  -82.20,-0.107,-0.460,-1.370, 129.0, -25.0,  81.0
205100936,032,   2.31,   6.13,   4.28,   -9.09,  267.99,  -82.20,-0.107,-0.460,-1.370,  92.0, -21.0, 101.0
205100952,032,   1.69,   9.59,   2.99,  -47.44,  343.35, -141.52,-0.090,-0.277, 0.043,  92.0, -21.0, 101.0
205100958,032,   0.98,  13.04,   1.64,  -47.44,  343.35, -141.52,-0.090,-0.277, 0.043,  92.0, -21.0, 101.0
205100967,032,   0.47,  15.23,   0.44,  -22.87,  218.60, -119.76, 0.270,-0.342,-1.644,  92.0, -21.0, 101.0
205100978,032,  -0.09,  17.40,  -0.78,  -22.87,  218.60, -119.76, 0.270,-0.342,-1.644,  92.0, -21.0, 101.0
205100988,032,  -0.60,  18.58,  -2.08,  -10.85,  120.06, -123.90, 0.265, 0.266,-1.458,  92.0, -21.0, 101.0
205100999,032,  -1.14,  19.75,  -3.41,  -10.85,  120.06, -123.90, 0.265, 0.266,-1.458,  64.0, -14.0, 108.0
205101016,032,  -1.39,  21.72,  -4.81,   22.32,  200.67, -128.35, 0.325,-0.464,-0.484,  64.0, -14.0, 108.0
205101017,032,  -1.71,  23.68,  -6.24,   22.32,  200.67, -128.35, 0.325,-0.464,-0.484,  64.0, -14.0, 108.0
205101026,032,  -2.05,  25.50,  -8.37,   54.76,  190.00, -188.54, 0.253, 0.818,-1.507,  64.0, -14.0, 108.0
205101036,032,  -2.47,  27.31, -10.55,   54.76,  190.00, -188.54, 0.253, 0.818,-1.507,  64.0, -14.0, 108.0
205101047,032,  -3.66,  26.79, -13.36,    8.41,  -37.38, -254.39, 3.928,-1.737,-5.256,  64.0, -14.0, 108.0
205101059,032,  -4.81,  26.23, -16.14,    8.41,  -37.38, -254.39, 3.928,-1.737,-5.256,  64.0, -14.0, 108.0
205101068,032,  -6.59,  22.49, -18.41,  -83.60, -350.06, -243.66, 0.033, 0.130,-0.095,  83.0,  -4.0, 103.0
205101079,032,  -8.17,  18.69, -20.49,  -83.60, -350.06, -243.66, 0.033, 0.130,-0.095,  83.0,  -4.0, 103.0
205101089,032,  -8.03,  16.72, -22.43,   72.07, -167.38, -212.20, 0.216,-0.089,-1.007,  83.0,  -4.0, 103.0
205101105,032,  -7.82,  14.76, -24.36,   72.07, -167.38, -212.20, 0.216,-0.089,-1.007,  83.0,  -4.0, 103.0
205101106,032,  -7.95,  13.52, -26.48,   37.32,  -93.05, -222.99, 0.029,-0.083,-0.828,  83.0,  -4.0, 103.0
205101118,032,  -8.04,  12.27, -28.59,   37.32,  -93.05, -222.99, 0.029,-0.083,-0.828,  83.0,  -4.0, 103.0
205101127,032,  -8.87,  12.19, -30.76,  -37.44,   24.88, -213.96, 0.029,-0.090,-0.925,  83.0,  -4.0, 103.0
205101137,032,  -9.69,  12.07, -32.94,  -37.44,   24.88, -213.96, 0.029,-0.090,-0.925,  86.0,  12.0, 102.0
205101148,032, -10.63,  12.30, -35.19,  -48.60,   63.05, -213.96,-0.039,-0.161,-0.845,  86.0,  12.0, 102.0
205101158,032, -11.59,  12.49, -37.44,  -48.60,   63.05, -213.96,-0.039,-0.161,-0.845,  86.0,  12.0, 102.0
205101168,032, -12.53,  12.59, -39.94,  -40.55,   63.35, -238.54,-0.074, 0.006,-0.864,  86.0,  12.0, 102.0
205101180,032, -13.47,  12.66, -42.44,  -40.55,   63.35, -238.54,-0.074, 0.006,-0.864,  86.0,  12.0, 102.0
205101189,032, -14.45,  12.64, -45.24,  -36.71,   66.34, -268.05, 0.025, 0.339,-0.949,  86.0,  12.0, 102.0
205101191,032, -15.42,  12.57, -48.05,  -36.71,   66.34, -268.05, 0.025, 0.339,-0.949,  72.0,  23.0, 106.0
205101206,032, -16.16,  12.53, -50.67,  -17.07,   67.87, -249.70, 0.042, 0.253,-0.922,  72.0,  23.0, 106.0
205101216,032, -16.89,  12.46, -53.30,  -17.07,   67.87, -249.70, 0.042, 0.253,-0.922,  72.0,  23.0, 106.0
205101227,032, -17.39,  12.40, -55.77,    2.74,   67.68, -234.57, 0.032, 0.273,-0.896,  72.0,  23.0, 106.0
205101237,032, -17.89,  12.32, -58.24,    2.74,   67.68, -234.57, 0.032, 0.273,-0.896,  72.0,  23.0, 106.0
205101247,032, -18.28,  12.28, -60.65,   11.34,   72.56, -227.80, 0.003, 0.163,-1.025,  72.0,  23.0, 106.0
205101258,032, -18.67,  12.24, -63.06,   11.34,   72.56, -227.80, 0.003, 0.163,-1.025,  72.0,  23.0, 106.0
205101268,032, -18.95,  12.26, -65.50,   23.54,   81.34, -226.46,-0.101, 0.237,-0.672,  53.0,  36.0, 109.0
205101279,032, -19.22,  12.27, -67.94,   23.54,   81.34, -226.46,-0.101, 0.237,-0.672,  53.0,  36.0, 109.0
205101294,032, -19.25,  12.00, -70.11,   42.62,   47.20, -211.46,-0.010, 0.167,-0.767,  53.0,  36.0, 109.0
205101295,032, -19.26,  11.73, -72.28,   42.62,   47.20, -211.46,-0.010, 0.167,-0.767,  53.0,  36.0, 109.0
205101306,032, -19.27,  11.39, -74.53,   42.93,   43.23, -221.89, 0.008, 0.133,-0.847,  53.0,  36.0, 109.0
205101318,032, -19.27,  11.05, -76.77,   42.93,   43.23, -221.89, 0.008, 0.133,-0.847,  53.0,  36.0, 109.0
205101327,032, -19.21,  10.60, -78.98,   46.77,   31.46, -222.80,-0.020,-0.009,-0.859,  53.0,  36.0, 109.0
205101338,032, -19.13,  10.15, -81.20,   46.77,   31.46, -222.80,-0.020,-0.009,-0.859,  38.0,  47.0, 109.0
205101348,032, -18.82,   9.67, -83.31,   64.94,   24.57, -214.45,-0.028,-0.084,-0.901,  38.0,  47.0, 109.0
205101359,032, -18.51,   9.20, -85.41,   64.94,   24.57, -214.45,-0.028,-0.084,-0.901,  38.0,  47.0, 109.0
205101369,032, -18.00,   8.81, -87.45,   80.67,   28.29, -206.22,-0.138,-0.205,-0.705,  38.0,  47.0, 109.0
205101370,032, -17.48,   8.43, -89.49,   80.67,   28.29, -206.22,-0.138,-0.205,-0.705,  38.0,  47.0, 109.0
205101386,032, -17.09,   8.00, -91.65,   68.78,   25.43, -219.82,-0.106,-0.324,-0.716,  38.0,  47.0, 109.0
205101399,032, -16.67,   7.59, -93.82,   68.78,   25.43, -219.82,-0.106,-0.324,-0.716,  22.0,  58.0, 107.0
205101408,032, -16.46,   6.95, -96.15,   49.21,    6.65, -243.17,-0.023,-0.282,-1.090,  22.0,  58.0, 107.0
205101420,032, -16.22,   6.31, -98.49,   49.21,    6.65, -243.17,-0.023,-0.282,-1.090,  22.0,  58.0, 107.0
205101431,032, -15.88,   5.51,-100.85,   56.40,   -9.51, -250.12,-0.110,-0.243,-1.435,  22.0,  58.0, 107.0
205101438,032, -15.51,   4.73,-103.20,   56.40,   -9.51, -250.12,-0.110,-0.243,-1.435,  22.0,  58.0, 107.0
205101449,032, -15.08,   4.07,-105.66,   60.12,    3.90, -256.95,-0.342, 0.192,-1.385,  22.0,  58.0, 107.0
205101459,032, -14.63,   3.43,-108.12,   60.12,    3.90, -256.95,-0.342, 0.192,-1.385,  22.0,  58.0, 107.0
205101477,032, -14.19,   2.99,-110.61,   57.80,   21.71, -253.96,-0.465, 0.743,-1.438,   5.0,  64.0, 106.0
205101479,032, -13.73,   2.57,-113.10,   57.80,   21.71, -253.96,-0.465, 0.743,-1.438,   5.0,  64.0, 106.0
205101487,032, -13.40,   2.26,-115.39,   42.38,   26.10, -231.83,-0.468, 1.175,-1.249,   5.0,  64.0, 106.0
205101498,032, -13.06,   1.97,-117.67,   42.38,   26.10, -231.83,-0.468, 1.175,-1.249,   5.0,  64.0, 106.0
205101510,032, -12.64,   1.76,-119.43,   47.38,   20.73, -179.33,-0.367, 0.993,-1.138,   5.0,  64.0, 106.0
205101518,032, -12.22,   1.56,-121.19,   47.38,   20.73, -179.33,-0.367, 0.993,-1.138,   5.0,  64.0, 106.0
205101528,032, -11.82,   1.37,-122.47,   42.93,   11.10, -131.83,-0.237, 0.680,-1.027,  -7.0,  66.0, 106.0
205101539,032, -11.85,   1.14,-123.48,   -1.46,   -0.18, -106.52,-0.044, 0.599,-1.203,  -7.0,  66.0, 106.0
205101550,032, -11.88,   0.91,-124.49,   -1.46,   -0.18, -106.52,-0.044, 0.599,-1.203,  -7.0,  66.0, 106.0
205101553,032, -12.05,   0.71,-125.15,  -17.26,   -4.21,  -71.65, 0.037, 0.419,-1.384,  -7.0,  66.0, 106.0
205101566,032, -12.22,   0.50,-125.81,  -17.26,   -4.21,  -71.65, 0.037, 0.419,-1.384,  -7.0,  66.0, 106.0
205101577,032, -12.15,   0.51,-126.09,    5.79,    7.99,  -30.55,-0.027, 0.024,-1.175,  -7.0,  66.0, 106.0
205101587,032, -12.08,   0.51,-126.38,    5.79,    7.99,  -30.55,-0.027, 0.024,-1.175,  -7.0,  66.0, 106.0
205101598,032, -11.75,   0.57,-126.48,   31.95,   10.55,  -12.01,-0.027,-0.058,-0.906, -11.0,  65.0, 105.0
205101608,032, -11.41,   0.64,-126.59,   31.95,   10.55,  -12.01,-0.027,-0.058,-0.906, -11.0,  65.0, 105.0
205101618,032, -11.15,   0.64,-126.76,   25.06,    5.49,  -19.63,-0.020, 0.071,-0.958, -11.0,  65.0, 105.0
205101630,032, -10.89,   0.65,-126.94,   25.06,    5.49,  -19.63,-0.020, 0.071,-0.958, -11.0,  65.0, 105.0
205101640,016, -10.81,   0.55,-127.16,    7.74,   -0.73,  -26.52,-0.107, 0.225,-1.031, -11.0,  65.0, 105.0
205101655,016, -10.73,   0.46,-127.39,    7.74,   -0.73,  -26.52,-0.107, 0.225,-1.031, -11.0,  65.0, 105.0
205101657,016, -10.74,   0.39,-127.57,    0.43,    1.77,  -21.22,-0.194, 0.313,-1.022, -11.0,  65.0, 105.0
205101667,016, -10.74,   0.31,-127.75,    0.43,    1.77,  -21.22,-0.194, 0.313,-1.022, -11.0,  66.0, 105.0
205101677,032, -10.69,   0.26,-127.83,    5.18,   -1.77,  -11.83,-0.137, 0.447,-1.021, -11.0,  66.0, 105.0
205101688,032, -10.63,   0.21,-127.91,    5.18,   -1.77,  -11.83,-0.137, 0.447,-1.021, -11.0,  66.0, 105.0
205101699,032, -10.62,   0.12,-127.88,    0.37,   -7.26,   -0.61,-0.065, 0.574,-1.385, -11.0,  66.0, 105.0
205101709,032, -10.61,   0.04,-127.84,    0.37,   -7.26,   -0.61,-0.065, 0.574,-1.385, -11.0,  66.0, 105.0
205101719,032, -10.86,   0.01,-127.64,  -26.10,   -4.39,   15.91,-0.091, 0.597,-1.381, -11.0,  66.0, 105.0
205101730,032, -11.12,  -0.02,-127.44,  -26.10,   -4.39,   15.91,-0.091, 0.597,-1.381, -10.0,  63.0, 106.0
205101731,032, -11.42,   0.00,-126.99,  -30.91,   -5.43,   42.07,-0.003, 0.219,-1.320, -10.0,  63.0, 106.0
205101746,032, -11.71,   0.02,-126.54,  -30.91,   -5.43,   42.07,-0.003, 0.219,-1.320, -10.0,  63.0, 106.0
205101760,032, -11.81,   0.12,-125.94,  -12.13,   -0.37,   57.68, 0.069,-0.443,-0.975, -10.0,  63.0, 106.0
205101767,032, -11.90,   0.23,-125.35,  -12.13,   -0.37,   57.68, 0.069,-0.443,-0.975, -10.0,  63.0, 106.0
205101779,032, -11.96,   0.35,-124.97,   -8.48,    5.91,   36.71, 0.118,-0.621,-0.827, -10.0,  63.0, 106.0
205101791,032, -12.01,   0.48,-124.59,   -8.48,    5.91,   36.71, 0.118,-0.621,-0.827, -10.0,  63.0, 106.0
205101798,016, -12.06,   0.47,-124.61,  -13.41,   -3.23,   -5.55, 0.237,-0.159,-1.046,  -7.0,  62.0, 106.0
205101808,016, -12.11,   0.46,-124.63,  -13.41,   -3.23,   -5.55, 0.237,-0.159,-1.046,  -7.0,  62.0, 106.0
205101819,032, -12.28,   0.35,-124.79,  -17.68,   -5.55,  -20.91, 0.133, 0.107,-1.194,  -7.0,  62.0, 106.0
205101835,032, -12.44,   0.24,-124.95,  -17.68,   -5.55,  -20.91, 0.133, 0.107,-1.194,  -7.0,  62.0, 106.0
205101836,016, -12.48,   0.25,-125.04,   -5.67,    6.04,  -11.83,-0.053, 0.181,-1.055,  -7.0,  62.0, 106.0
205101848,016, -12.51,   0.26,-125.14,   -5.67,    6.04,  -11.83,-0.053, 0.181,-1.055,  -7.0,  62.0, 106.0
205101857,016, -12.46,   0.29,-125.21,    3.90,    8.78,   -8.35,-0.127, 0.210,-1.046,  -7.0,  62.0, 106.0
205101871,016, -12.40,   0.32,-125.28,    3.90,    8.78,   -8.35,-0.127, 0.210,-1.046,  -8.0,  62.0, 107.0
205101878,032, -12.32,   0.32,-125.35,    6.77,    3.48,  -10.12,-0.035, 0.299,-1.129,  -8.0,  62.0, 107.0
205101890,032, -12.25,   0.32,-125.43,    6.77,    3.48,  -10.12,-0.035, 0.299,-1.129,  -8.0,  62.0, 107.0
205101899,032, -12.14,   0.38,-125.47,    9.45,    9.15,   -6.04, 0.039, 0.351,-1.079,  -8.0,  62.0, 107.0
205101909,032, -12.04,   0.45,-125.52,    9.45,    9.15,   -6.04, 0.039, 0.351,-1.079,  -8.0,  62.0, 107.0
205101912,016, -11.92,   0.64,-125.41,   12.74,   16.89,   11.71, 0.063, 0.299,-0.955,  -8.0,  62.0, 107.0
205101925,016, -11.81,   0.83,-125.30,   12.74,   16.89,   11.71, 0.063, 0.299,-0.955, -10.0,  64.0, 106.0
205101937,032, -11.82,   1.02,-125.04,   -3.29,   15.24,   26.22, 0.016,-0.067,-0.885, -10.0,  64.0, 106.0
205101947,032, -11.83,   1.21,-124.79,   -3.29,   15.24,   26.22, 0.016,-0.067,-0.885, -10.0,  64.0, 106.0
205101959,016, -11.82,   1.29,-124.55,  -11.83,    4.82,   22.01, 0.027,-0.314,-0.979, -10.0,  64.0, 106.0
205101968,016, -11.82,   1.37,-124.31,  -11.83,    4.82,   22.01, 0.027,-0.314,-0.979, -10.0,  64.0, 106.0
205101979,016, -11.85,   1.36,-124.34,  -10.61,    0.37,   -5.79, 0.099,-0.077,-1.067, -10.0,  64.0, 106.0
205101990,016, -11.89,   1.35,-124.37,  -10.61,    0.37,   -5.79, 0.099,-0.077,-1.067, -10.0,  64.0, 106.0
205102001,016, -11.81,   1.35,-124.53,    2.62,    4.02,  -19.27, 0.085, 0.007,-1.058, -10.0,  62.0, 105.0
205102015,016, -11.74,   1.35,-124.70,    2.62,    4.02,  -19.27, 0.085, 0.007,-1.058, -10.0,  62.0, 105.0
205102018,016, -11.68,   1.39,-124.89,    2.87,   10.18,  -20.85,-0.009, 0.100,-0.960, -10.0,  62.0, 105.0
205102027,016, -11.62,   1.43,-125.08,    2.87,   10.18,  -20.85,-0.009, 0.100,-0.960, -10.0,  62.0, 105.0
205102037,032, -11.61,   1.42,-125.25,    0.67,    4.02,  -18.78,-0.117, 0.117,-1.113, -10.0,  62.0, 105.0
205102048,032, -11.59,   1.40,-125.41,    0.67,    4.02,  -18.78,-0.117, 0.117,-1.113, -10.0,  62.0, 105.0
205102058,016, -11.58,   1.39,-125.58,   -1.10,    5.37,  -19.57,-0.058, 0.131,-1.070, -10.0,  62.0, 105.0
205102068,016, -11.57,   1.37,-125.75,   -1.10,    5.37,  -19.57,-0.058, 0.131,-1.070, -13.0,  63.0, 105.0
205102079,016, -11.45,   1.38,-125.91,    8.48,    7.26,  -18.05,-0.033, 0.106,-1.069, -13.0,  63.0, 105.0
205102090,016, -11.34,   1.39,-126.07,    8.48,    7.26,  -18.05,-0.033, 0.106,-1.069, -13.0,  63.0, 105.0
205102092,016, -11.21,   1.41,-126.25,   13.54,    7.50,  -19.88, 0.012, 0.249,-1.001, -13.0,  63.0, 105.0
205102106,016, -11.08,   1.43,-126.43,   13.54,    7.50,  -19.88, 0.012, 0.249,-1.001, -13.0,  63.0, 105.0
205102118,016, -11.04,   1.42,-126.55,    4.63,    3.72,  -14.57,-0.003, 0.262,-1.056, -13.0,  63.0, 105.0
205102127,016, -10.99,   1.41,-126.67,    4.63,    3.72,  -14.57,-0.003, 0.262,-1.056, -14.0,  64.0, 105.0
205102137,032, -10.98,   1.39,-126.67,   -0.18,   -0.30,   -3.17,-0.048, 0.042,-1.247, -14.0,  64.0, 105.0
205102150,032, -10.97,   1.37,-126.67,   -0.18,   -0.30,   -3.17,-0.048, 0.042,-1.247, -14.0,  64.0, 105.0
205102159,016, -10.86,   1.35,-126.66,    5.06,    1.22,   -1.89,-0.045,-0.016,-1.052, -14.0,  64.0, 105.0
205102168,016, -10.76,   1.33,-126.65,    5.06,    1.22,   -1.89,-0.045,-0.016,-1.052, -14.0,  64.0, 105.0
205102179,032, -10.67,   1.29,-126.73,    7.13,   -1.22,  -11.34,-0.002, 0.029,-1.127, -14.0,  64.0, 105.0
205102194,032, -10.59,   1.24,-126.81,    7.13,   -1.22,  -11.34,-0.002, 0.029,-1.127, -14.0,  64.0, 105.0
205102196,032, -10.51,   1.17,-126.97,    6.83,   -2.26,  -19.94, 0.044, 0.134,-1.121, -14.0,  65.0, 105.0
205102206,032, -10.44,   1.10,-127.14,    6.83,   -2.26,  -19.94, 0.044, 0.134,-1.121, -14.0,  65.0, 105.0
205102216,016, -10.34,   1.05,-127.29,    8.05,   -0.73,  -19.09, 0.024, 0.170,-1.060, -14.0,  65.0, 105.0
205102229,016, -10.25,   1.00,-127.45,    8.05,   -0.73,  -19.09, 0.024, 0.170,-1.060, -14.0,  65.0, 105.0
205102238,016, -10.15,   0.96,-127.55,    7.74,    0.06,  -13.05,-0.002, 0.116,-1.027, -14.0,  65.0, 105.0
205102249,016, -10.05,   0.92,-127.65,    7.74,    0.06,  -13.05,-0.002, 0.116,-1.027, -14.0,  65.0, 105.0
205102259,032,  -9.97,   0.86,-127.72,    6.52,   -2.56,  -10.73,-0.005,-0.023,-1.116, -15.0,  66.0, 104.0
205102270,032,  -9.89,   0.81,-127.79,    6.52,   -2.56,  -10.73,-0.005,-0.023,-1.116, -15.0,  66.0, 104.0
205102273,032,  -9.79,   0.72,-127.92,    9.21,   -4.33,  -16.89, 0.042, 0.048,-1.156, -15.0,  66.0, 104.0
205102286,032,  -9.69,   0.64,-128.05,    9.21,   -4.33,  -16.89, 0.042, 0.048,-1.156, -15.0,  66.0, 104.0
205102296,032,  -9.53,   0.57,-128.23,   14.39,   -2.38,  -22.20, 0.067, 0.194,-1.160, -15.0,  66.0, 104.0
205102307,032,  -9.38,   0.50,-128.42,   14.39,   -2.38,  -22.20, 0.067, 0.194,-1.160, -15.0,  66.0, 104.0
205102318,016,  -9.25,   0.50,-128.57,   14.27,    3.05,  -17.80, 0.061, 0.287,-1.001, -15.0,  66.0, 104.0
205102328,016,  -9.13,   0.50,-128.72,   14.27,    3.05,  -17.80, 0.061, 0.287,-1.001, -16.0,  68.0, 104.0
205102341,016,  -8.94,   0.55,-128.74,   14.33,    7.87,   -3.84,-0.047,-0.017,-0.989, -16.0,  68.0, 104.0
205102349,016,  -8.74,   0.60,-128.76,   14.33,    7.87,   -3.84,-0.047,-0.017,-0.989, -16.0,  68.0, 104.0
205102359,032,  -8.63,   0.63,-128.81,   10.06,    5.61,   -6.46,-0.019,-0.147,-1.134, -16.0,  68.0, 104.0
205102375,032,  -8.51,   0.66,-128.85,   10.06,    5.61,   -6.46,-0.019,-0.147,-1.134, -16.0,  68.0, 104.0
205102376,032,  -8.44,   0.61,-129.05,    5.67,   -1.04,  -23.48, 0.038, 0.043,-1.179, -16.0,  68.0, 104.0
205102389,032,  -8.38,   0.55,-129.25,    5.67,   -1.04,  -23.48, 0.038, 0.043,-1.179, -16.0,  68.0, 104.0
205102399,032,  -8.21,   0.49,-129.49,   15.61,   -1.40,  -27.56, 0.078, 0.125,-1.151, -17.0,  70.0, 103.0
205102409,032,  -8.04,   0.42,-129.74,   15.61,   -1.40,  -27.56, 0.078, 0.125,-1.151, -17.0,  70.0, 103.0
205102419,016,  -7.87,   0.42,-129.93,   15.85,    2.93,  -22.44, 0.044, 0.119,-1.014, -17.0,  70.0, 103.0
205102430,016,  -7.70,   0.41,-130.13,   15.85,    2.93,  -22.44, 0.044, 0.119,-1.014, -17.0,  70.0, 103.0
205102440,016,  -7.55,   0.38,-130.25,    9.82,    1.22,  -15.30,-0.024,-0.080,-1.075, -17.0,  70.0, 103.0
205102456,016,  -7.39,   0.36,-130.38,    9.82,    1.22,  -15.30,-0.024,-0.080,-1.075, -17.0,  70.0, 103.0
205102460,032,  -7.31,   0.27,-130.55,    7.20,   -4.51,  -20.55,-0.018,-0.132,-1.212, -18.0,  71.0, 103.0
205102467,032,  -7.22,   0.19,-130.72,    7.20,   -4.51,  -20.55,-0.018,-0.132,-1.212, -18.0,  71.0, 103.0
205102480,032,  -6.99,   0.13,-131.01,   21.46,   -1.04,  -32.56,-0.006,-0.021,-1.186, -18.0,  71.0, 103.0
205102488,032,  -6.76,   0.07,-131.30,   21.46,   -1.04,  -32.56,-0.006,-0.021,-1.186, -18.0,  71.0, 103.0
205102498,032,  -6.41,   0.04,-131.64,   33.54,    2.68,  -37.20, 0.001, 0.022,-1.188, -18.0,  71.0, 103.0
205102508,032,  -6.07,   0.01,-131.99,   33.54,    2.68,  -37.20, 0.001, 0.022,-1.188, -18.0,  71.0, 103.0
205102518,032,  -5.72,   0.03,-132.36,   33.72,    7.13,  -39.82,-0.024, 0.030,-1.163, -18.0,  71.0, 103.0
205102529,032,  -5.37,   0.05,-132.74,   33.72,    7.13,  -39.82,-0.024, 0.030,-1.163, -22.0,  75.0, 102.0
205102541,032,  -5.04,   0.07,-133.10,   31.71,    7.20,  -38.78,-0.037,-0.022,-1.088, -22.0,  75.0, 102.0
205102543,032,  -4.71,   0.10,-133.46,   31.71,    7.20,  -38.78,-0.037,-0.022,-1.088, -22.0,  75.0, 102.0
205102556,032,  -4.41,   0.08,-133.82,   27.99,    2.26,  -38.84,-0.090,-0.016,-1.074, -22.0,  75.0, 102.0
205102567,032,  -4.12,   0.06,-134.18,   27.99,    2.26,  -38.84,-0.090,-0.016,-1.074, -22.0,  75.0, 102.0
205102577,032,  -3.79,  -0.03,-134.59,   31.59,   -3.96,  -43.66,-0.106, 0.011,-1.189, -22.0,  75.0, 102.0
205102588,032,  -3.47,  -0.11,-134.99,   31.59,   -3.96,  -43.66,-0.106, 0.011,-1.189, -22.0,  75.0, 102.0
205102598,032,  -3.12,  -0.20,-135.45,   32.80,   -5.30,  -49.02,-0.185,-0.047,-1.206, -26.0,  76.0, 101.0
205102608,032,  -2.78,  -0.30,-135.91,   32.80,   -5.30,  -49.02,-0.185,-0.047,-1.206, -26.0,  76.0, 101.0
205102618,032,  -2.39,  -0.37,-136.42,   37.62,   -2.80,  -54.39,-0.283, 0.148,-1.201, -26.0,  76.0, 101.0
205102629,032,  -2.00,  -0.43,-136.94,   37.62,   -2.80,  -54.39,-0.283, 0.148,-1.201, -26.0,  76.0, 101.0
205102645,032,  -1.60,  -0.53,-137.49,   39.15,   -6.04,  -58.35,-0.385, 0.165,-1.090, -26.0,  76.0, 101.0
205102647,032,  -1.19,  -0.62,-138.05,   39.15,   -6.04,  -58.35,-0.385, 0.165,-1.090, -26.0,  76.0, 101.0
205102658,032,  -0.89,  -0.78,-138.60,   28.54,  -12.38,  -58.48,-0.516, 0.194,-1.041, -30.0,  76.0,  97.0
205102669,032,  -0.59,  -0.93,-139.16,   28.54,  -12.38,  -58.48,-0.516, 0.194,-1.041, -30.0,  76.0,  97.0
205102681,032,  -0.34,  -1.20,-139.71,   22.68,  -23.78,  -57.38,-0.720, 0.245,-1.021, -30.0,  76.0,  97.0
205102688,032,  -0.10,  -1.46,-140.25,   22.68,  -23.78,  -57.38,-0.720, 0.245,-1.021, -30.0,  76.0,  97.0
205102699,032,   0.30,  -1.93,-140.76,   37.99,  -44.33,  -53.54,-0.984, 0.399,-1.163, -30.0,  76.0,  97.0
205102709,032,   0.71,  -2.39,-141.28,   37.99,  -44.33,  -53.54,-0.984, 0.399,-1.163, -30.0,  76.0,  97.0
205102720,032,   1.55,  -3.01,-141.66,   82.68,  -60.24,  -39.88,-1.094, 1.106,-1.229, -30.0,  76.0,  97.0
205102721,032,   2.40,  -3.62,-142.05,   82.68,  -60.24,  -39.88,-1.094, 1.106,-1.229, -24.0,  81.0,  93.0
205102735,032,   3.10,  -4.42,-141.88,   71.16,  -76.77,   18.23,-1.184, 2.999,-1.943, -24.0,  81.0,  93.0
205102746,032,   3.79,  -5.21,-141.71,   71.16,  -76.77,   18.23,-1.184, 2.999,-1.943, -24.0,  81.0,  93.0
205102757,032,   2.93,  -5.69,-139.69,  -65.91,  -34.63,  201.52,-2.611, 5.547,-3.455, -24.0,  81.0,  93.0
205102768,032,   2.06,  -6.15,-137.66,  -65.91,  -34.63,  201.52,-2.611, 5.547,-3.455, -24.0,  81.0,  93.0
205102778,032,  -0.42,  -5.11,-131.59, -187.62,  114.94,  600.30,-6.883, 6.729,-2.885, -24.0,  81.0,  93.0
205102793,032,  -2.77,  -3.82,-125.57, -187.62,  114.94,  600.30,-6.883, 6.729,-2.885,  15.0,  81.0, 102.0
205102800,032,  -7.43,  -1.68,-115.08, -415.55,  122.50, 1059.57,-8.000, 6.216,-7.228,  15.0,  68.0, 102.0
205102809,032, -11.64,   1.26,-104.82, -415.55,  122.50, 1059.57,-8.000, 6.216,-7.228,  15.0,  68.0, 102.0
205102825,032, -16.96,   6.11, -91.05, -619.39,  131.16, 1450.30,-8.000, 3.390,-8.000,  15.0,  68.0, 102.0
205102830,032, -21.04,  12.06, -77.61, -619.39,  131.16, 1450.30,-8.000, 3.390,-8.000,  15.0,  68.0, 102.0
205102838,032, -23.08,  20.60, -62.84, -619.70,  257.20, 1635.79,-8.000, 1.233,-8.000,  15.0,  68.0, 102.0
205102847,032, -22.70,  29.35, -47.36, -619.70,  257.20, 1635.79,-8.000, 1.233,-8.000,  15.0,  68.0, 102.0
205102858,032, -18.71,  38.25, -30.31, -555.43,  328.96, 1637.26,-8.000,-2.492,-4.931,  20.0, -22.0, 109.0
205102867,032, -10.66,  45.65, -10.10, -555.43,  328.96, 1637.26,-8.000,-2.492,-4.931,  20.0, -22.0, 109.0
205102878,032,  -1.79,  49.23,  10.04, -603.96,  207.26, 1389.21,-8.000,-6.681,-4.037,  20.0, -22.0, 109.0
205102888,032,   8.90,  50.43,  31.79, -603.96,  207.26, 1389.21,-8.000,-6.681,-4.037,  20.0, -22.0, 109.0
205102900,032,  14.64,  49.28,  46.30, -540.91,   82.87,  937.74,-5.237,-7.580,-3.299,  20.0, -22.0, 109.0
205102915,032,  19.62,  47.27,  60.12, -540.91,   82.87,  937.74,-5.237,-7.580,-3.299,  20.0, -22.0, 109.0
205102917,032,  22.32,  46.94,  67.45, -273.05,  151.16,  478.41,-3.620,-5.225,-0.733,  20.0, -22.0, 109.0
205102926,032,  24.92,  46.37,  74.73, -273.05,  151.16,  478.41,-3.620,-5.225,-0.733, -27.0, -65.0,  94.0
205102938,032,  24.81,  46.91,  77.12, -186.89,  120.24,  123.90,-1.716,-3.183,-1.171, -27.0, -65.0,  94.0
205102949,032,  24.73,  47.45,  79.52, -186.89,  120.24,  123.90,-1.716,-3.183,-1.171, -27.0, -65.0,  94.0
205102959,032,  23.09,  48.11,  79.32, -153.17,   57.87,  -40.12,-0.371,-1.975,-1.165, -27.0, -65.0,  94.0
205102968,032,  21.41,  48.76,  79.10, -153.17,   57.87,  -40.12,-0.371,-1.975,-1.165, -27.0, -65.0,  94.0
205102978,032,  18.84,  49.74,  77.37, -128.78,   54.76, -140.18, 0.344,-0.359,-0.470, -27.0, -65.0,  94.0
205102990,032,  16.16,  50.66,  75.54, -128.78,   54.76, -140.18, 0.344,-0.359,-0.470, -24.0, -88.0,  83.0
205103005,032,  13.66,  51.22,  73.47,  -89.76,   19.39, -139.70, 0.715, 0.130, 0.166, -24.0, -88.0,  83.0
205103009,032,  11.10,  51.73,  71.34,  -89.76,   19.39, -139.70, 0.715, 0.130, 0.166, -24.0, -88.0,  83.0
205103017,032,   9.55,  51.70,  69.95,  -46.52,  -18.29,  -83.54, 0.994, 0.179,-0.253, -24.0, -88.0,  83.0
205103027,032,   8.01,  51.65,  68.56,  -46.52,  -18.29,  -83.54, 0.994, 0.179,-0.253, -24.0, -88.0,  83.0
205103037,032,   7.60,  51.19,  68.05,   -2.44,  -49.39,  -24.94, 1.161,-0.033,-0.665, -24.0, -88.0,  83.0
205103047,032,   7.19,  50.72,  67.55,   -2.44,  -49.39,  -24.94, 1.161,-0.033,-0.665, -24.0, -88.0,  83.0
205103058,032,   7.02,  50.28,  67.54,  -17.26,  -43.11,    4.63, 1.132,-0.235,-0.983, -18.0, -91.0,  82.0
205103071,032,   6.86,  49.83,  67.53,  -17.26,  -43.11,    4.63, 1.132,-0.235,-0.983, -18.0, -91.0,  82.0
205103081,032,   6.75,  49.67,  67.71,  -25.61,  -13.11,   13.29, 1.067,-0.091,-1.037, -18.0, -91.0,  82.0
205103095,032,   6.64,  49.51,  67.88,  -25.61,  -13.11,   13.29, 1.067,-0.091,-1.037, -18.0, -91.0,  82.0
205103098,032,   6.40,  49.63,  68.05,  -37.44,   14.33,    9.27, 0.814,-0.076,-0.662, -18.0, -91.0,  82.0
205103107,032,   6.16,  49.75,  68.21,  -37.44,   14.33,    9.27, 0.814,-0.076,-0.662, -18.0, -91.0,  82.0
205103117,032,   6.30,  49.79,  68.61,  -18.41,    7.87,   25.24, 0.661,-0.342,-0.607, -18.0, -91.0,  82.0
205103133,032,   6.45,  49.83,  69.02,  -18.41,    7.87,   25.24, 0.661,-0.342,-0.607, -22.0, -92.0,  80.0
205103138,032,   6.73,  49.81,  69.51,  -11.52,    3.41,   30.91, 0.633,-0.472,-0.715, -22.0, -92.0,  80.0
205103149,032,   7.01,  49.79,  70.00,  -11.52,    3.41,   30.91, 0.633,-0.472,-0.715, -22.0, -92.0,  80.0
205103159,032,   6.98,  49.89,  70.19,  -18.48,   13.35,   10.06, 0.692,-0.488,-0.765, -22.0, -92.0,  80.0
205103169,032,   6.96,  50.00,  70.38,  -18.48,   13.35,   10.06, 0.692,-0.488,-0.765, -22.0, -92.0,  80.0
205103185,016,   6.63,  50.12,  70.14,  -16.16,   12.80,  -17.20, 0.770,-0.096,-0.682, -22.0, -92.0,  80.0
205103186,016,   6.30,  50.25,  69.90,  -16.16,   12.80,  -17.20, 0.770,-0.096,-0.682, -22.0, -94.0,  78.0
205103196,032,   5.87,  50.18,  69.53,  -15.37,   -7.87,  -22.93, 0.840,-0.061,-0.772, -22.0, -94.0,  78.0
205103207,032,   5.44,  50.11,  69.16,  -15.37,   -7.87,  -22.93, 0.840,-0.061,-0.772, -22.0, -94.0,  78.0
205103217,032,   5.05,  50.04,  68.84,  -16.22,   -7.56,  -19.57, 0.881,-0.013,-0.743, -22.0, -94.0,  78.0
205103229,032,   4.65,  49.97,  68.52,  -16.22,   -7.56,  -19.57, 0.881,-0.013,-0.743, -22.0, -94.0,  78.0
205103238,032,   4.31,  49.97,  68.25,  -14.51,   -0.24,  -17.26, 0.877,-0.071,-0.757, -22.0, -94.0,  78.0
205103248,032,   3.97,  49.97,  67.98,  -14.51,   -0.24,  -17.26, 0.877,-0.071,-0.757, -22.0, -94.0,  78.0
205103259,016,   3.57,  50.01,  67.70,  -19.02,    1.34,  -17.87, 0.810,-0.025,-0.576, -19.0, -97.0,  77.0
205103274,016,   3.17,  50.05,  67.42,  -19.02,    1.34,  -17.87, 0.810,-0.025,-0.576, -19.0, -97.0,  77.0
205103277,016,   2.97,  50.03,  67.27,  -12.38,   -1.04,  -12.26, 0.749,-0.152,-0.635, -19.0, -97.0,  77.0
205103286,016,   2.76,  50.01,  67.12,  -12.38,   -1.04,  -12.26, 0.749,-0.152,-0.635, -19.0, -97.0,  77.0
205103297,032,   2.63,  49.88,  66.98,   -4.63,  -11.46,   -7.74, 0.852, 0.001,-0.862, -19.0, -97.0,  77.0
205103308,032,   2.49,  49.76,  66.85,   -4.63,  -11.46,   -7.74, 0.852, 0.001,-0.862, -19.0, -97.0,  77.0
205103319,032,   2.38,  49.67,  66.79,   -7.99,   -7.44,   -3.84, 0.815,-0.184,-0.728, -19.0, -97.0,  77.0
205103329,032,   2.27,  49.59,  66.73,   -7.99,   -7.44,   -3.84, 0.815,-0.184,-0.728, -18.0, -98.0,  77.0
205103340,032,   2.23,  49.47,  66.64,    1.71,  -10.73,   -5.43, 0.805,-0.088,-0.851, -18.0, -98.0,  77.0
205103350,032,   2.19,  49.35,  66.55,    1.71,  -10.73,   -5.43, 0.805,-0.088,-0.851, -18.0, -98.0,  77.0
205103365,016,   2.14,  49.25,  66.42,    2.01,   -5.67,  -10.37, 0.721,-0.131,-0.728, -18.0, -98.0,  77.0
205103368,016,   2.10,  49.16,  66.29,    2.01,   -5.67,  -10.37, 0.721,-0.131,-0.728, -18.0, -98.0,  77.0
205103376,016,   1.91,  49.17,  66.07,   -3.60,    2.26,  -15.06, 0.737,-0.042,-0.660, -18.0, -98.0,  77.0
205103388,016,   1.72,  49.18,  65.85,   -3.60,    2.26,  -15.06, 0.737,-0.042,-0.660, -16.0, -98.0,  77.0
205103398,016,   1.49,  49.19,  65.63,   -5.49,    2.07,  -12.93, 0.794, 0.054,-0.705, -16.0, -98.0,  77.0
205103408,016,   1.27,  49.20,  65.41,   -5.49,    2.07,  -12.93, 0.794, 0.054,-0.705, -16.0, -98.0,  77.0
205103420,016,   1.05,  49.25,  65.27,  -12.99,    6.52,   -8.96, 0.787,-0.005,-0.739, -16.0, -98.0,  77.0
205103430,016,   0.82,  49.29,  65.13,  -12.99,    6.52,   -8.96, 0.787,-0.005,-0.739, -16.0, -98.0,  77.0
205103439,032,   0.70,  49.29,  65.02,   -5.55,    1.46,   -7.01, 0.805,-0.026,-1.006, -16.0, -98.0,  77.0
205103455,032,   0.57,  49.28,  64.91,   -5.55,    1.46,   -7.01, 0.805,-0.026,-1.006, -16.0, -98.0,  77.0
205103456,032,   0.60,  49.36,  64.82,    9.33,    8.72,   -6.59, 0.714,-0.096,-0.505, -15.0, -98.0,  76.0
205103466,032,   0.63,  49.44,  64.72,    9.33,    8.72,   -6.59, 0.714,-0.096,-0.505, -15.0, -98.0,  76.0
205103479,016,   0.82,  49.49,  64.64,   22.07,    6.28,   -7.20, 0.729,-0.092,-0.652, -15.0, -98.0,  76.0
205103488,016,   1.00,  49.53,  64.55,   22.07,    6.28,   -7.20, 0.729,-0.092,-0.652, -15.0, -98.0,  76.0
205103498,032,   0.87,  49.54,  64.35,    1.40,    0.98,  -13.17, 0.708, 0.076,-0.473, -15.0, -98.0,  76.0
205103508,032,   0.74,  49.54,  64.14,    1.40,    0.98,  -13.17, 0.708, 0.076,-0.473, -15.0, -98.0,  76.0
205103519,016,   0.59,  49.62,  64.01,   -5.30,    9.94,   -7.26, 0.753, 0.040,-0.682, -14.0, -99.0,  77.0
205103530,016,   0.44,  49.70,  63.89,   -5.30,    9.94,   -7.26, 0.753, 0.040,-0.682, -14.0, -99.0,  77.0
205103544,016,   0.30,  49.66,  63.70,   -0.79,   -1.40,  -12.26, 0.742,-0.007,-0.677, -14.0, -99.0,  77.0
205103545,016,   0.16,  49.63,  63.51,   -0.79,   -1.40,  -12.26, 0.742,-0.007,-0.677, -14.0, -99.0,  77.0
205103560,016,   0.17,  49.52,  63.36,   11.34,   -7.32,  -10.37, 0.751,-0.021,-0.754, -14.0, -99.0,  77.0
205103566,016,   0.18,  49.41,  63.20,   11.34,   -7.32,  -10.37, 0.751,-0.021,-0.754, -14.0, -99.0,  77.0
205103577,032,   0.20,  49.29,  62.97,   18.11,  -10.24,  -15.00, 0.782, 0.066,-0.854, -14.0, -99.0,  77.0
205103588,032,   0.21,  49.18,  62.73,   18.11,  -10.24,  -15.00, 0.782, 0.066,-0.854, -12.0, -98.0,  78.0
205103598,016,   0.04,  49.18,  62.46,    4.02,    2.20,  -15.91, 0.744, 0.084,-0.707, -12.0, -98.0,  78.0
205103609,016,  -0.12,  49.17,  62.19,    4.02,    2.20,  -15.91, 0.744, 0.084,-0.707, -12.0, -98.0,  78.0
205103619,016,  -0.27,  49.24,  62.01,   -2.44,    9.39,  -12.13, 0.754,-0.015,-0.707, -12.0, -98.0,  78.0
205103635,016,  -0.42,  49.31,  61.83,   -2.44,    9.39,  -12.13, 0.754,-0.015,-0.707, -12.0, -98.0,  78.0
205103636,016,  -0.34,  49.31,  61.75,   13.29,    3.90,   -5.12, 0.696, 0.030,-0.727, -12.0, -98.0,  78.0
205103647,016,  -0.27,  49.31,  61.66,   13.29,    3.90,   -5.12, 0.696, 0.030,-0.727, -12.0, -98.0,  78.0
205103658,032,   0.05,  49.19,  61.64,   31.65,  -10.30,   -1.40, 0.750,-0.066,-0.711, -11.0, -96.0,  80.0
205103667,032,   0.36,  49.08,  61.62,   31.65,  -10.30,   -1.40, 0.750,-0.066,-0.711, -11.0, -96.0,  80.0
205103680,032,   0.37,  48.95,  61.47,   12.07,  -11.46,   -9.39, 0.773, 0.182,-0.811, -11.0, -96.0,  80.0
205103689,032,   0.39,  48.82,  61.32,   12.07,  -11.46,   -9.39, 0.773, 0.182,-0.811, -11.0, -96.0,  80.0
205103699,016,   0.22,  48.74,  61.25,  -14.57,   -4.82,   -5.00, 0.756,-0.052,-0.787, -11.0, -96.0,  80.0
205103710,016,   0.05,  48.65,  61.19,  -14.57,   -4.82,   -5.00, 0.756,-0.052,-0.787, -11.0, -96.0,  80.0
205103711,016,  -0.20,  48.61,  61.12,  -20.98,   -0.24,   -4.88, 0.724,-0.007,-0.789,  -9.0, -98.0,  79.0
205103728,016,  -0.45,  48.56,  61.05,  -20.98,   -0.24,   -4.88, 0.724,-0.007,-0.789,  -9.0, -98.0,  79.0
205103737,016,  -0.64,  48.57,  60.90,   -7.44,    2.13,   -8.54, 0.698, 0.078,-0.624,  -9.0, -98.0,  79.0
205103747,016,  -0.83,  48.58,  60.75,   -7.44,    2.13,   -8.54, 0.698, 0.078,-0.624,  -9.0, -98.0,  79.0
205103758,000,  -0.94,  48.52,  60.61,   -0.79,    0.73,   -8.35, 0.710, 0.015,-0.652,  -9.0, -98.0,  79.0
205103769,000,  -1.04,  48.47,  60.48,   -0.79,    0.73,   -8.35, 0.710, 0.015,-0.652,  -9.0, -98.0,  79.0
205103779,016,  -1.23,  48.43,  60.29,   -3.41,   -0.18,   -8.84, 0.747, 0.203,-0.764,  -9.0, -98.0,  79.0
205103789,016,  -1.41,  48.40,  60.11,   -3.41,   -0.18,   -8.84, 0.747, 0.203,-0.764,  -9.0, -98.0,  79.0
205103799,000,  -1.75,  48.32,  59.90,   -7.50,    1.34,   -1.59, 0.745, 0.091,-0.707,  -9.0, -98.0,  79.0
205103815,000,  -2.05,  48.25,  59.71,   -7.50,    1.34,   -1.59, 0.745, 0.091,-0.707,  -9.0, -98.0,  79.0
205103817,032,  -1.97,  48.15,  59.76,    3.60,   -8.84,    2.68, 0.754,-0.092,-0.831,  -9.0, -98.0,  79.0
205103826,032,  -1.89,  48.05,  59.80,    3.60,   -8.84,    2.68, 0.754,-0.092,-0.831,  -9.0, -98.0,  79.0
205103843,016,  -1.84,  47.96,  59.80,    2.62,   -5.98,   -1.59, 0.754,-0.065,-0.757,  -9.0, -98.0,  79.0
205103848,016,  -1.78,  47.88,  59.80,    2.62,   -5.98,   -1.59, 0.754,-0.065,-0.757,  -9.0, -98.0,  79.0
205103859,016,  -1.89,  47.83,  59.69,   -2.38,   -2.50,   -7.50, 0.771, 0.052,-0.743,  -8.0, -98.0,  79.0
205103868,016,  -1.99,  47.78,  59.57,   -2.38,   -2.50,   -7.50, 0.771, 0.052,-0.743,  -8.0, -98.0,  79.0
205103879,016,  -2.14,  47.79,  59.42,   -3.84,    3.11,   -9.02, 0.758, 0.082,-0.767,  -8.0, -98.0,  79.0
205103891,016,  -2.28,  47.79,  59.27,   -3.84,    3.11,   -9.02, 0.758, 0.082,-0.767,  -8.0, -98.0,  79.0
205103904,016,  -2.33,  47.79,  59.23,   -3.29,    2.50,   -3.66, 0.760,-0.016,-0.755,  -8.0, -98.0,  79.0
205103907,016,  -2.38,  47.79,  59.19,   -3.29,    2.50,   -3.66, 0.760,-0.016,-0.755,  -8.0, -98.0,  79.0
205103917,000,  -2.43,  47.78,  59.11,   -0.85,    0.37,   -5.06, 0.761, 0.029,-0.693,  -7.0, -98.0,  79.0
205103927,000,  -2.48,  47.76,  59.04,   -0.85,    0.37,   -5.06, 0.761, 0.029,-0.693,  -7.0, -98.0,  79.0
205103938,000,  -2.65,  47.72,  58.87,   -2.44,   -1.65,   -7.50, 0.735, 0.057,-0.673,  -7.0, -98.0,  79.0
205103948,000,  -2.82,  47.69,  58.71,   -2.44,   -1.65,   -7.50, 0.735, 0.057,-0.673,  -7.0, -98.0,  79.0
205103960,016,  -2.95,  47.60,  58.57,   -2.62,   -5.49,   -7.56, 0.757, 0.191,-0.767,  -7.0, -98.0,  79.0
205103969,016,  -3.09,  47.52,  58.43,   -2.62,   -5.49,   -7.56, 0.757, 0.191,-0.767,  -7.0, -98.0,  79.0
205103981,032,  -3.13,  47.49,  58.42,   -4.51,   -2.26,   -1.10, 0.756, 0.082,-0.821,  -7.0, -98.0,  79.0
205103995,032,  -3.18,  47.45,  58.40,   -4.51,   -2.26,   -1.10, 0.756, 0.082,-0.821,  -7.0, -99.0,  79.0
205103997,032,  -3.15,  47.45,  58.49,   -4.27,    1.28,    5.61, 0.756,-0.063,-0.847,  -7.0, -99.0,  79.0
205104011,032,  -3.12,  47.46,  58.57,   -4.27,    1.28,    5.61, 0.756,-0.063,-0.847,  -7.0, -99.0,  79.0
205104018,000,  -2.94,  47.45,  58.70,   -0.98,    4.21,    0.55, 0.736,-0.023,-0.703,  -7.0, -99.0,  79.0
205104030,000,  -2.77,  47.44,  58.82,   -0.98,    4.21,    0.55, 0.736,-0.023,-0.703,  -7.0, -99.0,  79.0
205104039,000,  -2.84,  47.48,  58.73,   -0.06,    4.15,   -5.43, 0.710, 0.038,-0.642,  -7.0, -99.0,  79.0
205104049,000,  -2.90,  47.52,  58.63,   -0.06,    4.15,   -5.43, 0.710, 0.038,-0.642,  -7.0, -99.0,  79.0
205104059,016,  -3.06,  47.50,  58.50,   -5.30,    0.67,   -8.23, 0.734, 0.117,-0.752,  -6.0, -99.0,  78.0
205104070,016,  -3.21,  47.48,  58.36,   -5.30,    0.67,   -8.23, 0.734, 0.117,-0.752,  -6.0, -99.0,  78.0
205104086,016,  -3.34,  47.47,  58.30,   -8.90,    2.07,   -3.29, 0.745, 0.116,-0.765,  -6.0, -99.0,  78.0
205104087,016,  -3.47,  47.47,  58.24,   -8.90,    2.07,   -3.29, 0.745, 0.116,-0.765,  -6.0, -99.0,  78.0
205104097,016,  -3.43,  47.46,  58.34,   -5.61,    1.40,    5.55, 0.738,-0.058,-0.813,  -6.0, -99.0,  78.0
205104108,016,  -3.39,  47.45,  58.44,   -5.61,    1.40,    5.55, 0.738,-0.058,-0.813,  -6.0, -99.0,  78.0
205104121,000,  -3.15,  47.39,  58.62,   -0.24,   -0.37,    3.35, 0.738,-0.034,-0.718,  -6.0,-100.0,  78.0
205104128,000,  -2.93,  47.33,  58.80,   -0.24,   -0.37,    3.35, 0.738,-0.034,-0.718,  -6.0,-100.0,  78.0
205104139,000,  -2.85,  47.31,  58.82,    2.68,    0.98,   -2.20, 0.722, 0.005,-0.675,  -6.0,-100.0,  78.0
205104149,000,  -2.77,  47.30,  58.83,    2.68,    0.98,   -2.20, 0.722, 0.005,-0.675,  -6.0,-100.0,  78.0
205104160,000,  -2.94,  47.20,  58.65,    0.18,   -0.49,   -6.77, 0.719, 0.087,-0.730,  -6.0,-100.0,  78.0
205104175,000,  -3.10,  47.11,  58.48,    0.18,   -0.49,   -6.77, 0.719, 0.087,-0.730,  -6.0,-100.0,  78.0
205104177,016,  -3.24,  47.10,  58.37,   -5.79,    1.77,   -6.28, 0.750, 0.137,-0.791,  -6.0,-100.0,  78.0
205104187,000,  -3.13,  47.10,  58.50,   -6.89,    6.04,    0.91, 0.734,-0.035,-0.730,  -6.0,-100.0,  78.0
205104197,000,  -3.02,  47.09,  58.62,   -6.89,    6.04,    0.91, 0.734,-0.035,-0.730,  -6.0,-100.0,  78.0
205104208,016,  -3.00,  47.10,  58.65,   -1.28,    2.80,    1.59, 0.746,-0.001,-0.754,  -6.0,-100.0,  78.0
205104218,016,  -2.98,  47.12,  58.67,   -1.28,    2.80,    1.59, 0.746,-0.001,-0.754,  -6.0,-100.0,  78.0
205104228,000,  -2.90,  47.11,  58.69,    3.29,    1.28,   -1.22, 0.734, 0.012,-0.684,  -6.0,-100.0,  78.0
205104240,000,  -2.82,  47.11,  58.71,    3.29,    1.28,   -1.22, 0.734, 0.012,-0.684,  -6.0,-100.0,  78.0
205104249,000,  -2.82,  47.02,  58.65,    3.05,   -4.09,   -3.78, 0.710, 0.037,-0.703,  -4.0, -99.0,  78.0
205104265,000,  -2.82,  46.92,  58.60,    3.05,   -4.09,   -3.78, 0.710, 0.037,-0.703,  -4.0, -99.0,  78.0
205104266,032,  -2.91,  46.85,  58.50,   -3.05,   -5.61,   -6.40, 0.749, 0.130,-0.808,  -4.0, -99.0,  78.0
205104276,032,  -3.00,  46.78,  58.41,   -3.05,   -5.61,   -6.40, 0.749, 0.130,-0.808,  -4.0, -99.0,  78.0
205104287,016,  -3.08,  46.76,  58.37,   -6.28,    0.18,   -2.68, 0.761, 0.061,-0.790,  -4.0, -99.0,  78.0
205104297,016,  -3.16,  46.74,  58.33,   -6.28,    0.18,   -2.68, 0.761, 0.061,-0.790,  -4.0, -99.0,  78.0
205104308,032,  -3.14,  46.76,  58.37,   -1.65,    2.80,    2.50, 0.764, 0.000,-0.798,  -4.0, -99.0,  78.0
205104319,032,  -3.12,  46.78,  58.40,   -1.65,    2.80,    2.50, 0.764, 0.000,-0.798,  -5.0,-100.0,  77.0
205104329,000,  -3.06,  46.76,  58.43,    1.65,    1.40,   -0.06, 0.721, 0.020,-0.690,  -5.0,-100.0,  77.0
205104340,000,  -3.00,  46.75,  58.45,    1.65,    1.40,   -0.06, 0.721, 0.020,-0.690,  -5.0,-100.0,  77.0
205104356,000,  -2.97,  46.71,  58.43,    2.01,   -0.37,   -3.17, 0.704, 0.018,-0.688,  -5.0,-100.0,  77.0
205104358,000,  -2.94,  46.67,  58.41,    2.01,   -0.37,   -3.17, 0.704, 0.018,-0.688,  -5.0,-100.0,  77.0
205104367,016,  -3.06,  46.63,  58.29,   -3.29,   -1.71,   -7.74, 0.723, 0.131,-0.763,  -5.0,-100.0,  77.0
205104377,016,  -3.17,  46.59,  58.17,   -3.29,   -1.71,   -7.74, 0.723, 0.131,-0.763,  -5.0,-100.0,  77.0
205104388,016,  -3.30,  46.60,  58.08,   -7.07,    2.87,   -5.12, 0.738, 0.123,-0.744,  -4.0,-100.0,  77.0
205104400,016,  -3.43,  46.61,  58.00,   -7.07,    2.87,   -5.12, 0.738, 0.123,-0.744,  -4.0,-100.0,  77.0
205104408,016,  -3.42,  46.65,  58.05,   -3.72,    5.00,    3.17, 0.744,-0.021,-0.742,  -4.0,-100.0,  77.0
205104419,016,  -3.40,  46.68,  58.10,   -3.72,    5.00,    3.17, 0.744,-0.021,-0.742,  -4.0,-100.0,  77.0
205104429,000,  -3.29,  46.67,  58.16,    2.99,    0.43,    2.20, 0.726, 0.018,-0.696,  -4.0,-100.0,  77.0
205104447,000,  -3.19,  46.65,  58.22,    2.99,    0.43,    2.20, 0.726, 0.018,-0.696,  -4.0,-100.0,  77.0