205106670,032,  -7.91,   3.88,   6.98,  154.70, -174.63,   40.12, 0.240, 0.667,-1.044, 112.0, -47.0,  89.0
205106681,032,  -6.32,   2.18,   7.61,  154.70, -174.63,   40.12, 0.240, 0.667,-1.044, 112.0, -47.0,  89.0
205106683,032,  -5.17,   0.83,   8.22,  112.87, -139.21,   46.04, 0.256, 1.036,-1.351, 112.0, -47.0,  89.0
205106698,032,  -4.04,  -0.53,   8.80,  112.87, -139.21,   46.04, 0.256, 1.036,-1.351, 112.0, -47.0,  89.0
205106707,032,  -3.45,  -1.21,   9.54,   59.09,  -72.20,   68.84, 0.081, 0.507,-1.591, 130.0, -40.0,  82.0
205106719,032,  -2.87,  -1.91,  10.27,   59.09,  -72.20,   68.84, 0.081, 0.507,-1.591, 130.0, -40.0,  82.0
205106729,032,  -2.59,  -2.80,  11.00,   30.73,  -92.13,   67.93, 0.282, 0.641,-1.945, 130.0, -40.0,  82.0
205106739,032,  -2.31,  -3.70,  11.72,   30.73,  -92.13,   67.93, 0.282, 0.641,-1.945, 130.0, -40.0,  82.0
205106752,032,  -2.24,  -4.42,  12.53,   13.05,  -73.29,   77.20,-0.309, 0.340,-0.292, 130.0, -40.0,  82.0
205106759,032,  -2.17,  -5.14,  13.34,   13.05,  -73.29,   77.20,-0.309, 0.340,-0.292, 130.0, -40.0,  82.0
205106769,032,  -2.42,  -4.93,  14.30,  -18.23,   18.35,   96.16,-0.188,-0.020,-0.992, 130.0, -40.0,  82.0
205106785,032,  -2.67,  -4.72,  15.26,  -18.23,   18.35,   96.16,-0.188,-0.020,-0.992, 130.0, -51.0,  80.0
205106786,032,  -2.63,  -4.25,  16.48,   11.95,   42.80,  123.60,-0.144,-0.628,-0.999, 130.0, -51.0,  80.0
205106797,032,  -2.58,  -3.78,  17.70,   11.95,   42.80,  123.60,-0.144,-0.628,-0.999, 130.0, -51.0,  80.0
205106810,032,  -2.24,  -3.66,  18.64,   39.09,    9.15,   93.60,-0.073, 0.354,-1.062, 130.0, -51.0,  80.0
205106817,032,  -2.17,  -3.18,  19.36,   10.55,   46.22,   73.78, 0.097, 0.032,-1.063, 130.0, -51.0,  80.0
205106827,032,  -2.09,  -2.70,  20.08,   10.55,   46.22,   73.78, 0.097, 0.032,-1.063, 130.0, -51.0,  80.0
205106839,032,  -2.02,  -2.08,  20.65,    8.84,   60.30,   58.78,-0.070, 0.307,-1.094, 121.0, -56.0,  85.0
205106850,032,  -1.94,  -1.47,  21.22,    8.84,   60.30,   58.78,-0.070, 0.307,-1.094, 121.0, -56.0,  85.0
205106859,032,  -1.60,  -0.85,  21.67,   33.78,   61.83,   46.34,-0.037, 0.153,-1.267, 121.0, -56.0,  85.0
205106861,032,  -1.26,  -0.24,  22.12,   33.78,   61.83,   46.34,-0.037, 0.153,-1.267, 121.0, -56.0,  85.0
205106877,032,  -0.27,  -0.08,  22.38,   97.56,   16.71,   26.59, 0.005, 0.046,-1.165, 121.0, -56.0,  85.0
205106887,032,   0.72,   0.08,  22.65,   97.56,   16.71,   26.59, 0.005, 0.046,-1.165, 121.0, -56.0,  85.0
205106902,032,   1.07,   0.14,  22.61,   34.51,    6.65,   -4.09, 0.094, 0.097,-1.086, 121.0, -56.0,  85.0
205106908,032,   1.43,   0.19,  22.58,   34.51,    6.65,   -4.09, 0.094, 0.097,-1.086, 117.0, -51.0,  90.0
205106918,032,   1.32,   0.19,  22.29,  -11.52,    0.12,  -28.90, 0.025, 0.043,-1.081, 117.0, -51.0,  90.0
205106931,032,   1.21,   0.19,  22.00,  -11.52,    0.12,  -28.90, 0.025, 0.043,-1.081, 117.0, -51.0,  90.0
205106939,016,   1.07,   0.18,  21.76,  -12.99,    0.37,  -24.15, 0.019, 0.137,-1.030, 117.0, -51.0,  90.0
205106949,016,   0.93,   0.18,  21.52,  -12.99,    0.37,  -24.15, 0.019, 0.137,-1.030, 117.0, -51.0,  90.0
205106966,032,   1.27,   0.26,  21.45,   32.44,    8.48,   -7.87, 0.330,-0.244,-1.234, 117.0, -51.0,  90.0
205106968,032,   1.61,   0.34,  21.37,   32.44,    8.48,   -7.87, 0.330,-0.244,-1.234, 119.0, -48.0,  91.0
205106977,032,   1.83,   0.41,  21.24,   20.73,    8.05,  -13.54, 0.114,-0.333,-1.067, 119.0, -48.0,  91.0
205106989,032,   2.05,   0.49,  21.11,   20.73,    8.05,  -13.54, 0.114,-0.333,-1.067, 119.0, -48.0,  91.0
205106998,016,   2.06,   0.52,  20.83,    0.91,    2.93,  -28.05, 0.004, 0.021,-1.093, 119.0, -48.0,  91.0
205107013,016,   2.07,   0.54,  20.55,    0.91,    2.93,  -28.05, 0.004, 0.021,-1.093, 119.0, -48.0,  91.0
205107019,016,   2.06,   0.55,  20.38,   -0.91,    2.01,  -17.74,-0.021, 0.011,-1.085, 119.0, -48.0,  91.0
205107029,016,   2.06,   0.57,  20.21,   -0.91,    2.01,  -17.74,-0.021, 0.011,-1.085, 119.0, -48.0,  91.0
205107040,016,   2.06,   0.57,  20.13,   -1.40,    1.65,   -7.50,-0.004,-0.047,-1.098, 120.0, -46.0,  91.0
205107041,016,   2.05,   0.58,  20.06,   -1.40,    1.65,   -7.50,-0.004,-0.047,-1.098, 120.0, -46.0,  91.0
205107058,016,   2.04,   0.58,  20.05,   -1.46,    1.59,   -1.10,-0.020,-0.002,-1.065, 120.0, -46.0,  91.0
205107067,016,   2.04,   0.58,  20.04,   -1.46,    1.59,   -1.10,-0.020,-0.002,-1.065, 120.0, -46.0,  91.0
205107077,016,   2.03,   0.58,  20.04,   -1.22,    1.59,   -0.49, 0.007,-0.038,-1.083, 120.0, -46.0,  91.0
205107088,016,   2.03,   0.59,  20.04,   -1.22,    1.59,   -0.49, 0.007,-0.038,-1.083, 120.0, -46.0,  91.0
205107099,016,   2.04,   0.60,  20.01,   -1.34,    1.59,   -2.50, 0.062,-0.124,-1.061, 120.0, -46.0,  91.0
205107108,016,   2.05,   0.61,  19.99,   -1.34,    1.59,   -2.50, 0.062,-0.124,-1.061, 120.0, -46.0,  90.0
205107118,016,   2.04,   0.62,  19.81,   -1.59,    1.83,  -18.35,-0.002,-0.026,-1.084, 120.0, -46.0,  90.0
205107129,016,   2.03,   0.63,  19.63,   -1.59,    1.83,  -18.35,-0.002,-0.026,-1.084, 120.0, -46.0,  90.0
205107145,032,   2.01,   0.66,  19.22,   -2.62,    2.07,  -41.28,-0.039, 0.053,-1.064, 120.0, -46.0,  90.0
205107150,032,   1.99,   0.68,  18.81,   -2.62,    2.07,  -41.28,-0.039, 0.053,-1.064, 120.0, -46.0,  90.0
205107160,016,   1.97,   0.69,  18.59,   -2.62,    1.89,  -22.32,-0.001,-0.012,-1.083, 120.0, -46.0,  90.0
205107167,016,   1.95,   0.71,  18.37,   -2.62,    1.89,  -22.32,-0.001,-0.012,-1.083, 121.0, -43.0,  91.0
205107183,016,   1.94,   0.71,  18.31,   -1.22,    1.83,   -6.04,-0.007,-0.018,-1.075, 121.0, -43.0,  91.0
205107188,016,   1.94,   0.72,  18.25,   -1.22,    1.83,   -6.04,-0.007,-0.018,-1.075, 121.0, -43.0,  91.0
205107199,016,   1.94,   0.73,  18.21,   -0.61,    1.77,   -4.70,-0.002,-0.037,-1.054, 121.0, -43.0,  91.0
205107209,016,   1.95,   0.73,  18.16,   -0.61,    1.77,   -4.70,-0.002,-0.037,-1.054, 121.0, -43.0,  91.0
205107219,016,   1.95,   0.74,  18.08,   -1.04,    1.83,   -8.23, 0.004,-0.020,-1.081, 121.0, -43.0,  91.0
205107235,016,   1.94,   0.75,  18.00,   -1.04,    1.83,   -8.23, 0.004,-0.020,-1.081, 121.0, -43.0,  91.0
205107237,016,   1.93,   0.75,  17.92,   -1.95,    1.71,   -8.78,-0.006,-0.005,-1.088, 121.0, -42.0,  91.0
205107248,016,   1.92,   0.76,  17.83,   -1.95,    1.71,   -8.78,-0.006,-0.005,-1.088, 121.0, -42.0,  91.0
205107257,016,   1.91,   0.77,  17.78,   -1.22,    1.89,   -5.49,-0.010,-0.023,-1.063, 121.0, -42.0,  91.0
205107269,016,   1.91,   0.77,  17.73,   -1.22,    1.89,   -5.49,-0.010,-0.023,-1.063, 121.0, -42.0,  91.0
205107278,016,   1.91,   0.78,  17.69,   -0.67,    1.83,   -4.51, 0.001,-0.016,-1.083, 121.0, -42.0,  91.0
205107290,016,   1.91,   0.79,  17.64,   -0.67,    1.83,   -4.51, 0.001,-0.016,-1.083, 121.0, -42.0,  91.0
205107298,016,   1.90,   0.79,  17.61,   -1.52,    1.52,   -3.41,-0.004,-0.012,-1.077, 121.0, -42.0,  91.0
205107310,016,   1.89,   0.79,  17.58,   -1.52,    1.52,   -3.41,-0.004,-0.012,-1.077, 121.0, -42.0,  90.0
205107326,016,   1.87,   0.79,  17.56,   -3.05,    1.04,   -2.07,-0.015,-0.021,-1.085, 121.0, -42.0,  90.0
205107327,016,   1.85,   0.78,  17.54,   -3.05,    1.04,   -2.07,-0.015,-0.021,-1.085, 121.0, -42.0,  90.0
205107337,016,   1.83,   0.78,  17.53,   -2.74,    1.10,   -1.71,-0.002,-0.012,-1.078, 121.0, -42.0,  90.0
205107348,016,   1.81,   0.78,  17.51,   -2.74,    1.10,   -1.71,-0.002,-0.012,-1.078, 121.0, -42.0,  90.0
205107358,016,   1.81,   0.79,  17.50,   -0.55,    2.01,   -1.65, 0.007,-0.013,-1.083, 121.0, -42.0,  90.0
205107369,016,   1.82,   0.79,  17.49,   -0.55,    2.01,   -1.65, 0.007,-0.013,-1.083, 121.0, -42.0,  91.0
205107378,016,   1.83,   0.80,  17.48,    0.06,    2.20,   -1.16,-0.006,-0.022,-1.088, 121.0, -42.0,  91.0
205107390,016,   1.84,   0.81,  17.47,    0.06,    2.20,   -1.16,-0.006,-0.022,-1.088, 121.0, -42.0,  91.0
205107400,016,   1.83,   0.81,  17.46,   -1.83,    1.34,   -1.10,-0.021,-0.022,-1.073, 121.0, -42.0,  91.0
205107415,016,   1.82,   0.81,  17.45,   -1.83,    1.34,   -1.10,-0.021,-0.022,-1.073, 121.0, -42.0,  91.0
205107417,016,   1.79,   0.80,  17.45,   -3.41,    0.61,   -0.61,-0.004,-0.021,-1.079, 121.0, -42.0,  91.0
205107427,016,   1.77,   0.79,  17.44,   -3.41,    0.61,   -0.61,-0.004,-0.021,-1.079, 121.0, -42.0,  91.0
205107437,016,   1.75,   0.79,  17.44,   -2.87,    0.98,   -0.12,-0.000,-0.020,-1.073, 121.0, -42.0,  91.0
205107449,016,   1.73,   0.78,  17.45,   -2.87,    0.98,   -0.12,-0.000,-0.020,-1.073, 121.0, -42.0,  91.0
205107458,016,   1.74,   0.79,  17.45,    0.12,    2.20,   -0.12,-0.007,-0.021,-1.077, 121.0, -42.0,  91.0
205107469,016,   1.75,   0.80,  17.45,    0.12,    2.20,   -0.12,-0.007,-0.021,-1.077, 121.0, -42.0,  91.0
205107479,016,   1.77,   0.81,  17.45,    0.73,    2.26,   -0.49,-0.012,-0.012,-1.078, 121.0, -42.0,  91.0
205107490,016,   1.78,   0.81,  17.44,    0.73,    2.26,   -0.49,-0.012,-0.012,-1.078, 121.0, -42.0,  91.0
205107505,016,   1.79,   0.82,  17.44,    0.30,    2.07,   -0.98,-0.009,-0.019,-1.085, 121.0, -42.0,  91.0
205107507,016,   1.80,   0.83,  17.43,    0.30,    2.07,   -0.98,-0.009,-0.019,-1.085, 121.0, -42.0,  91.0
205107517,016,   1.81,   0.83,  17.42,   -0.55,    1.89,   -1.28,-0.001,-0.020,-1.086, 121.0, -42.0,  91.0
205107527,016,   1.81,   0.84,  17.41,   -0.55,    1.89,   -1.28,-0.001,-0.020,-1.086, 121.0, -42.0,  91.0
205107541,016,   1.81,   0.84,  17.40,   -0.98,    1.71,   -1.10, 0.001,-0.019,-1.083, 121.0, -42.0,  91.0
205107548,016,   1.81,   0.85,  17.39,   -0.98,    1.71,   -1.10, 0.001,-0.019,-1.083, 121.0, -42.0,  91.0
205107558,016,   1.81,   0.85,  17.39,   -0.91,    1.71,   -0.73,-0.008,-0.017,-1.073, 121.0, -42.0,  91.0
205107571,016,   1.81,   0.85,  17.38,   -0.91,    1.71,   -0.73,-0.008,-0.017,-1.073, 121.0, -42.0,  93.0
205107579,016,   1.81,   0.85,  17.38,   -0.85,    1.77,   -0.85,-0.007,-0.020,-1.074, 121.0, -42.0,  93.0
205107595,016,   1.81,   0.86,  17.37,   -0.85,    1.77,   -0.85,-0.007,-0.020,-1.074, 121.0, -42.0,  93.0
205107597,016,   1.81,   0.86,  17.37,   -1.04,    1.65,   -1.04,-0.011,-0.014,-1.083, 121.0, -42.0,  93.0
205107608,016,   1.80,   0.86,  17.36,   -1.04,    1.65,   -1.04,-0.011,-0.014,-1.083, 121.0, -42.0,  93.0
205107619,016,   1.80,   0.86,  17.35,   -1.22,    1.52,   -1.04, 0.002,-0.015,-1.089, 121.0, -42.0,  93.0
205107628,016,   1.80,   0.87,  17.34,   -1.22,    1.52,   -1.04, 0.002,-0.015,-1.089, 121.0, -42.0,  93.0
205107641,016,   1.79,   0.87,  17.34,   -1.40,    1.52,   -0.79,-0.005,-0.016,-1.080, 122.0, -42.0,  93.0
205107650,016,   1.78,   0.87,  17.33,   -1.40,    1.52,   -0.79,-0.005,-0.016,-1.080, 122.0, -42.0,  93.0
205107659,016,   1.78,   0.87,  17.33,   -1.34,    1.52,   -0.61,-0.006,-0.015,-1.069, 122.0, -42.0,  93.0
205107671,016,   1.77,   0.87,  17.32,   -1.34,    1.52,   -0.61,-0.006,-0.015,-1.069, 122.0, -42.0,  93.0
205107685,016,   1.78,   0.87,  17.32,   -0.73,    1.71,   -0.67,-0.005,-0.014,-1.073, 122.0, -42.0,  93.0
205107686,016,   1.78,   0.88,  17.32,   -0.73,    1.71,   -0.67,-0.005,-0.014,-1.073, 122.0, -42.0,  93.0
205107696,016,   1.78,   0.88,  17.31,   -0.61,    1.77,   -1.04,-0.008,-0.016,-1.091, 122.0, -42.0,  92.0
205107711,016,   1.78,   0.88,  17.30,   -0.61,    1.77,   -1.04,-0.008,-0.016,-1.091, 122.0, -42.0,  92.0
205107718,016,   1.78,   0.88,  17.29,   -1.04,    1.65,   -1.22,-0.001,-0.027,-1.080, 122.0, -42.0,  92.0
205107728,016,   1.78,   0.89,  17.28,   -1.04,    1.65,   -1.22,-0.001,-0.027,-1.080, 122.0, -42.0,  92.0
205107738,016,   1.78,   0.89,  17.28,   -1.04,    1.59,   -0.79, 0.002,-0.025,-1.088, 122.0, -42.0,  92.0
205107749,016,   1.78,   0.89,  17.27,   -1.04,    1.59,   -0.79, 0.002,-0.025,-1.088, 122.0, -42.0,  92.0
205107760,016,   1.78,   0.90,  17.27,   -0.91,    1.65,   -0.55, 0.000,-0.017,-1.095, 122.0, -42.0,  92.0
205107775,016,   1.78,   0.90,  17.26,   -0.91,    1.65,   -0.55, 0.000,-0.017,-1.095, 121.0, -42.0,  93.0
205107779,016,   1.78,   0.90,  17.26,   -0.67,    1.77,   -0.55,-0.008,-0.018,-1.083, 121.0, -42.0,  93.0
205107787,016,   1.78,   0.91,  17.26,   -0.67,    1.77,   -0.55,-0.008,-0.018,-1.083, 121.0, -42.0,  93.0
205107797,016,   1.79,   0.91,  17.26,   -0.49,    1.77,   -0.61,-0.004,-0.021,-1.072, 121.0, -42.0,  93.0
205107809,016,   1.79,   0.91,  17.25,   -0.49,    1.77,   -0.61,-0.004,-0.021,-1.072, 121.0, -42.0,  93.0
205107818,016,   1.79,   0.92,  17.25,   -0.43,    1.77,   -0.79, 0.002,-0.017,-1.088, 121.0, -42.0,  93.0
205107828,016,   1.80,   0.92,  17.24,   -0.43,    1.77,   -0.79, 0.002,-0.017,-1.088, 121.0, -42.0,  93.0
205107839,016,   1.80,   0.92,  17.24,   -0.55,    1.71,   -0.79,-0.014,-0.015,-1.069, 121.0, -42.0,  93.0
205107853,016,   1.80,   0.92,  17.23,   -0.55,    1.71,   -0.79,-0.014,-0.015,-1.069, 121.0, -42.0,  93.0
205107866,016,   1.81,   0.93,  17.23,   -0.55,    1.65,   -0.79,-0.012,-0.021,-1.069, 121.0, -42.0,  93.0
205107868,016,   1.81,   0.93,  17.22,   -0.55,    1.65,   -0.79,-0.012,-0.021,-1.069, 121.0, -42.0,  93.0
205107877,016,   1.82,   0.93,  17.21,   -0.49,    1.65,   -1.16,-0.003,-0.019,-1.080, 121.0, -42.0,  93.0
205107888,016,   1.82,   0.93,  17.20,   -0.49,    1.65,   -1.16,-0.003,-0.019,-1.080, 121.0, -42.0,  93.0
205107898,016,   1.82,   0.93,  17.19,   -0.43,    1.65,   -1.52,-0.004,-0.025,-1.082, 121.0, -42.0,  92.0
205107908,016,   1.83,   0.94,  17.18,   -0.43,    1.65,   -1.52,-0.004,-0.025,-1.082, 121.0, -42.0,  92.0
205107918,016,   1.83,   0.94,  17.17,   -0.61,    1.71,   -1.04,-0.002,-0.023,-1.084, 121.0, -42.0,  92.0
205107933,016,   1.84,   0.94,  17.16,   -0.61,    1.71,   -1.04,-0.002,-0.023,-1.084, 121.0, -42.0,  92.0
205107940,016,   1.84,   0.95,  17.16,   -0.73,    1.65,   -0.55, 0.002,-0.021,-1.082, 121.0, -42.0,  92.0
205107956,016,   1.84,   0.95,  17.16,   -0.73,    1.65,   -0.55, 0.002,-0.021,-1.082, 121.0, -42.0,  92.0
205107958,016,   1.84,   0.95,  17.16,   -0.73,    1.65,   -0.61,-0.000,-0.012,-1.083, 121.0, -42.0,  92.0
205107967,016,   1.84,   0.95,  17.15,   -0.73,    1.65,   -0.61,-0.000,-0.012,-1.083, 121.0, -42.0,  93.0
205107979,016,   1.84,   0.96,  17.15,   -0.85,    1.65,   -0.85,-0.006,-0.020,-1.073, 121.0, -42.0,  93.0
205107988,016,   1.84,   0.96,  17.14,   -0.85,    1.65,   -0.85,-0.006,-0.020,-1.073, 121.0, -42.0,  93.0
205107998,016,   1.84,   0.96,  17.14,   -0.85,    1.71,   -0.79,-0.000,-0.021,-1.083, 121.0, -42.0,  93.0
205108009,016,   1.84,   0.96,  17.13,   -0.85,    1.71,   -0.79,-0.000,-0.021,-1.083, 121.0, -42.0,  93.0
205108020,016,   1.84,   0.97,  17.13,   -0.91,    1.65,   -0.55,-0.000,-0.017,-1.083, 121.0, -42.0,  93.0
205108030,016,   1.84,   0.97,  17.13,   -0.91,    1.65,   -0.55,-0.000,-0.017,-1.083, 121.0, -42.0,  93.0
205108045,016,   1.84,   0.97,  17.12,   -0.91,    1.65,   -0.55,-0.003,-0.017,-1.079, 122.0, -41.0,  93.0
205108047,016,   1.84,   0.97,  17.12,   -0.91,    1.65,   -0.55,-0.003,-0.017,-1.079, 122.0, -41.0,  93.0
205108057,016,   1.84,   0.98,  17.12,   -0.98,    1.65,   -0.55,-0.000,-0.022,-1.092, 122.0, -41.0,  93.0
205108067,016,   1.84,   0.98,  17.11,   -0.98,    1.65,   -0.55,-0.000,-0.022,-1.092, 122.0, -41.0,  93.0
205108078,016,   1.83,   0.98,  17.11,   -0.98,    1.65,   -0.61,-0.001,-0.019,-1.093, 122.0, -41.0,  93.0
205108088,016,   1.83,   0.98,  17.11,   -0.98,    1.65,   -0.61,-0.001,-0.019,-1.093, 122.0, -41.0,  93.0
205108098,016,   1.83,   0.99,  17.10,   -0.85,    1.59,   -0.79,-0.006,-0.021,-1.079, 121.0, -41.0,  93.0
205108109,016,   1.83,   0.99,  17.09,   -0.85,    1.59,   -0.79,-0.006,-0.021,-1.079, 121.0, -41.0,  93.0
205108120,016,   1.83,   0.99,  17.09,   -0.98,    1.59,   -0.61,-0.000,-0.012,-1.079, 121.0, -41.0,  93.0
205108134,016,   1.83,   0.99,  17.09,   -0.98,    1.59,   -0.61,-0.000,-0.012,-1.079, 121.0, -41.0,  93.0
205108138,016,   1.83,   0.99,  17.08,   -0.98,    1.59,   -0.61,-0.006,-0.012,-1.066, 121.0, -41.0,  93.0
205108147,016,   1.83,   0.99,  17.08,   -0.98,    1.59,   -0.61,-0.006,-0.012,-1.066, 121.0, -41.0,  93.0
205108157,016,   1.82,   1.00,  17.08,   -1.04,    1.59,   -0.55, 0.003,-0.013,-1.081, 121.0, -41.0,  93.0
205108172,016,   1.82,   1.00,  17.07,   -1.04,    1.59,   -0.55, 0.003,-0.013,-1.081, 121.0, -41.0,  93.0
205108180,016,   1.82,   1.00,  17.07,   -1.10,    1.65,   -0.49, 0.002,-0.021,-1.096, 121.0, -41.0,  93.0
205108188,016,   1.82,   1.00,  17.07,   -1.10,    1.65,   -0.49, 0.002,-0.021,-1.096, 121.0, -41.0,  93.0
205108198,016,   1.82,   1.01,  17.07,   -1.04,    1.65,   -0.49,-0.007,-0.028,-1.085, 121.0, -41.0,  93.0
205108212,016,   1.82,   1.01,  17.06,   -1.04,    1.65,   -0.49,-0.007,-0.028,-1.085, 121.0, -41.0,  93.0
205108227,016,   1.81,   1.01,  17.06,   -1.04,    1.65,   -0.49,-0.000,-0.018,-1.070, 121.0, -41.0,  93.0
205108229,016,   1.81,   1.01,  17.06,   -1.04,    1.65,   -0.49,-0.000,-0.018,-1.070, 121.0, -41.0,  93.0
205108237,016,   1.81,   1.01,  17.06,   -1.10,    1.65,   -0.43,-0.003,-0.018,-1.083, 121.0, -41.0,  93.0
205108250,016,   1.81,   1.02,  17.06,   -1.10,    1.65,   -0.43,-0.003,-0.018,-1.083, 121.0, -41.0,  93.0
205108260,016,   1.80,   1.02,  17.05,   -1.16,    1.65,   -0.43, 0.006,-0.016,-1.079, 121.0, -41.0,  93.0
205108268,016,   1.80,   1.02,  17.05,   -1.16,    1.65,   -0.43, 0.006,-0.016,-1.079, 121.0, -41.0,  93.0
205108278,016,   1.80,   1.02,  17.05,   -1.10,    1.65,   -0.43,-0.010,-0.021,-1.086, 121.0, -41.0,  93.0
205108289,016,   1.80,   1.02,  17.05,   -1.10,    1.65,   -0.43,-0.010,-0.021,-1.086, 121.0, -41.0,  93.0
205108299,016,   1.79,   1.03,  17.05,   -1.10,    1.59,   -0.37, 0.002,-0.018,-1.088, 121.0, -41.0,  92.0
205108315,016,   1.79,   1.03,  17.05,   -1.10,    1.59,   -0.37, 0.002,-0.018,-1.088, 121.0, -41.0,  92.0
205108316,016,   1.79,   1.03,  17.04,   -0.98,    1.59,   -0.43,-0.003,-0.021,-1.096, 121.0, -41.0,  92.0
205108326,016,   1.79,   1.03,  17.04,   -0.98,    1.59,   -0.43,-0.003,-0.021,-1.096, 121.0, -41.0,  92.0
205108336,016,   1.79,   1.03,  17.04,   -0.98,    1.65,   -0.55,-0.003,-0.024,-1.088, 121.0, -41.0,  92.0
205108347,016,   1.79,   1.03,  17.04,   -0.98,    1.65,   -0.55,-0.003,-0.024,-1.088, 121.0, -41.0,  92.0
205108358,016,   1.79,   1.04,  17.03,   -1.16,    1.65,   -0.55, 0.002,-0.023,-1.083, 121.0, -41.0,  92.0
205108368,016,   1.78,   1.04,  17.03,   -1.16,    1.65,   -0.55, 0.002,-0.023,-1.083, 122.0, -41.0,  92.0
205108380,016,   1.78,   1.04,  17.03,   -1.16,    1.59,   -0.43, 0.006,-0.014,-1.091, 122.0, -41.0,  92.0
205108391,016,   1.78,   1.05,  17.03,   -1.16,    1.59,   -0.43, 0.006,-0.014,-1.091, 122.0, -41.0,  92.0
205108405,016,   1.78,   1.05,  17.03,   -1.04,    1.59,   -0.37,-0.002,-0.030,-1.091, 122.0, -41.0,  92.0
205108406,016,   1.78,   1.05,  17.02,   -1.04,    1.59,   -0.37,-0.002,-0.030,-1.091, 122.0, -41.0,  92.0
205108416,016,   1.78,   1.05,  17.02,   -1.04,    1.59,   -0.49, 0.000,-0.025,-1.071, 122.0, -41.0,  92.0
205108431,016,   1.78,   1.05,  17.02,   -1.04,    1.59,   -0.49, 0.000,-0.025,-1.071, 121.0, -41.0,  92.0
205108437,016,   1.77,   1.05,  17.02,   -0.98,    1.59,   -0.49,-0.003,-0.018,-1.076, 121.0, -41.0,  92.0
205108450,016,   1.77,   1.05,  17.01,   -0.98,    1.59,   -0.49,-0.003,-0.018,-1.076, 121.0, -41.0,  92.0
205108459,016,   1.77,   1.06,  17.01,   -1.04,    1.65,   -0.49, 0.001,-0.012,-1.085, 121.0, -41.0,  92.0
205108469,016,   1.77,   1.06,  17.01,   -1.04,    1.65,   -0.49, 0.001,-0.012,-1.085, 121.0, -41.0,  92.0
205108481,016,   1.77,   1.06,  17.01,   -1.10,    1.65,   -0.37,-0.003,-0.010,-1.082, 121.0, -41.0,  92.0
205108495,016,   1.76,   1.06,  17.01,   -1.10,    1.65,   -0.37,-0.003,-0.010,-1.082, 121.0, -41.0,  92.0
205108498,016,   1.76,   1.06,  17.00,   -1.04,    1.59,   -0.43,-0.004,-0.019,-1.081, 122.0, -41.0,  92.0
205108508,016,   1.76,   1.07,  17.00,   -1.04,    1.59,   -0.43,-0.004,-0.019,-1.081, 122.0, -41.0,  92.0
205108517,016,   1.76,   1.07,  17.00,   -0.91,    1.59,   -0.49,-0.006,-0.016,-1.071, 122.0, -41.0,  92.0
205108527,016,   1.76,   1.07,  17.00,   -0.91,    1.59,   -0.49,-0.006,-0.016,-1.071, 122.0, -41.0,  92.0
205108539,016,   1.76,   1.07,  17.00,   -0.85,    1.65,   -0.43,-0.007,-0.012,-1.079, 122.0, -41.0,  92.0
205108548,016,   1.76,   1.07,  16.99,   -0.85,    1.65,   -0.43,-0.007,-0.012,-1.079, 122.0, -41.0,  92.0
205108560,016,   1.75,   1.07,  16.99,   -0.98,    1.59,   -0.49,-0.009,-0.021,-1.079, 122.0, -41.0,  92.0
205108570,016,   1.75,   1.07,  16.99,   -0.98,    1.59,   -0.49,-0.009,-0.021,-1.079, 122.0, -42.0,  92.0
205108585,016,   1.75,   1.07,  16.99,   -1.04,    1.59,   -0.49,-0.006,-0.024,-1.096, 122.0, -42.0,  92.0
205108586,016,   1.75,   1.07,  16.98,   -1.04,    1.59,   -0.49,-0.006,-0.024,-1.096, 122.0, -42.0,  92.0
205108597,016,   1.75,   1.07,  16.98,   -1.04,    1.59,   -0.49,-0.007,-0.022,-1.085, 122.0, -42.0,  92.0
205108608,016,   1.75,   1.07,  16.98,   -1.04,    1.59,   -0.49,-0.007,-0.022,-1.085, 122.0, -42.0,  92.0
205108620,016,   1.75,   1.07,  16.98,   -0.98,    1.59,   -0.55,-0.005,-0.014,-1.079, 122.0, -42.0,  92.0
205108628,016,   1.75,   1.08,  16.97,   -0.98,    1.59,   -0.55,-0.005,-0.014,-1.079, 121.0, -41.0,  91.0
205108640,016,   1.75,   1.08,  16.97,   -0.91,    1.59,   -0.55,-0.002,-0.021,-1.079, 121.0, -41.0,  91.0
205108649,016,   1.75,   1.08,  16.97,   -0.91,    1.59,   -0.55,-0.002,-0.021,-1.079, 121.0, -41.0,  91.0
205108659,016,   1.75,   1.08,  16.96,   -0.85,    1.59,   -0.61,-0.004,-0.019,-1.081, 121.0, -41.0,  91.0
205108675,016,   1.75,   1.08,  16.96,   -0.85,    1.59,   -0.61,-0.004,-0.019,-1.081, 121.0, -41.0,  91.0
205108676,016,   1.75,   1.08,  16.96,   -0.91,    1.59,   -0.61,-0.000,-0.019,-1.072, 121.0, -41.0,  91.0
205108686,016,   1.75,   1.08,  16.95,   -0.91,    1.59,   -0.61,-0.000,-0.019,-1.072, 121.0, -41.0,  91.0
205108697,016,   1.75,   1.08,  16.95,   -0.91,    1.65,   -0.61,-0.003,-0.017,-1.084, 122.0, -41.0,  91.0
205108708,016,   1.74,   1.09,  16.95,   -0.91,    1.65,   -0.61,-0.003,-0.017,-1.084, 122.0, -41.0,  91.0
205108718,016,   1.75,   1.09,  16.94,   -0.85,    1.59,   -0.61,-0.000,-0.021,-1.085, 122.0, -41.0,  91.0
205108729,016,   1.75,   1.09,  16.94,   -0.85,    1.59,   -0.61,-0.000,-0.021,-1.085, 122.0, -41.0,  91.0
205108740,016,   1.75,   1.09,  16.94,   -0.85,    1.59,   -0.55,-0.002,-0.023,-1.083, 122.0, -41.0,  91.0
205108750,016,   1.75,   1.09,  16.93,   -0.85,    1.59,   -0.55,-0.002,-0.023,-1.083, 122.0, -41.0,  91.0
205108765,016,   1.75,   1.09,  16.93,   -0.91,    1.65,   -0.43, 0.001,-0.019,-1.073, 122.0, -41.0,  91.0
205108767,016,   1.75,   1.10,  16.93,   -0.91,    1.65,   -0.43, 0.001,-0.019,-1.073, 121.0, -41.0,  91.0
205108777,016,   1.75,   1.10,  16.93,   -0.79,    1.65,   -0.55,-0.001,-0.027,-1.081, 121.0, -41.0,  91.0
205108788,016,   1.75,   1.10,  16.92,   -0.79,    1.65,   -0.55,-0.001,-0.027,-1.081, 121.0, -41.0,  91.0
205108797,016,   1.75,   1.10,  16.91,   -0.73,    1.59,   -1.34,-0.009,-0.025,-1.074, 121.0, -41.0,  91.0
205108809,016,   1.76,   1.10,  16.90,   -0.73,    1.59,   -1.34,-0.009,-0.025,-1.074, 121.0, -41.0,  91.0
205108819,016,   1.75,   1.10,  16.88,   -0.91,    1.65,   -2.32,-0.004,-0.013,-1.092, 121.0, -41.0,  91.0
205108829,016,   1.75,   1.11,  16.86,   -0.91,    1.65,   -2.32,-0.004,-0.013,-1.092, 122.0, -41.0,  91.0
205108840,016,   1.75,   1.11,  16.85,   -1.04,    1.59,   -1.34,-0.006,-0.021,-1.087, 122.0, -41.0,  91.0
205108855,016,   1.75,   1.11,  16.84,   -1.04,    1.59,   -1.34,-0.006,-0.021,-1.087, 122.0, -41.0,  91.0
205108859,016,   1.75,   1.11,  16.83,   -0.98,    1.59,   -0.73, 0.006,-0.019,-1.082, 122.0, -41.0,  91.0
205108869,016,   1.75,   1.11,  16.83,   -0.98,    1.59,   -0.73, 0.006,-0.019,-1.082, 122.0, -41.0,  91.0
205108877,016,   1.75,   1.11,  16.83,   -0.98,    1.59,   -0.43,-0.001,-0.027,-1.075, 122.0, -41.0,  91.0
205108887,016,   1.75,   1.12,  16.82,   -0.98,    1.59,   -0.43,-0.001,-0.027,-1.075, 122.0, -41.0,  91.0
205108897,016,   1.75,   1.12,  16.82,   -1.04,    1.65,   -0.43, 0.001,-0.025,-1.082, 121.0, -41.0,  91.0
205108909,016,   1.75,   1.12,  16.82,   -1.04,    1.65,   -0.43, 0.001,-0.025,-1.082, 121.0, -41.0,  91.0
205108919,016,   1.74,   1.12,  16.82,   -1.10,    1.59,   -0.43,-0.000,-0.016,-1.071, 121.0, -41.0,  91.0
205108929,016,   1.74,   1.12,  16.82,   -1.10,    1.59,   -0.43,-0.000,-0.016,-1.071, 121.0, -41.0,  91.0
205108945,016,   1.74,   1.12,  16.82,   -0.98,    1.59,   -0.37,-0.004,-0.023,-1.084, 121.0, -41.0,  91.0
205108946,016,   1.74,   1.12,  16.81,   -0.98,    1.59,   -0.37,-0.004,-0.023,-1.084, 121.0, -41.0,  91.0
205108957,016,   1.74,   1.13,  16.81,   -0.98,    1.59,   -0.49,-0.002,-0.018,-1.082, 122.0, -41.0,  91.0
205108967,016,   1.74,   1.13,  16.81,   -0.98,    1.59,   -0.49,-0.002,-0.018,-1.082, 122.0, -41.0,  91.0
205108977,016,   1.74,   1.13,  16.80,   -0.85,    1.59,   -1.04,-0.010,-0.021,-1.082, 122.0, -41.0,  91.0
205108987,016,   1.74,   1.13,  16.79,   -0.85,    1.59,   -1.04,-0.010,-0.021,-1.082, 122.0, -41.0,  91.0
205108999,016,   1.74,   1.13,  16.79,   -0.98,    1.65,   -0.91, 0.002,-0.022,-1.076, 122.0, -41.0,  91.0
205109010,016,   1.74,   1.13,  16.78,   -0.98,    1.65,   -0.91, 0.002,-0.022,-1.076, 122.0, -41.0,  91.0
205109019,016,   1.74,   1.13,  16.78,   -1.04,    1.59,   -0.61,-0.002,-0.019,-1.082, 122.0, -41.0,  91.0
205109035,016,   1.74,   1.13,  16.77,   -1.04,    1.59,   -0.61,-0.002,-0.019,-1.082, 122.0, -40.0,  91.0
205109036,016,   1.74,   1.13,  16.77,   -1.04,    1.52,   -0.43,-0.009,-0.026,-1.085, 122.0, -40.0,  91.0
205109048,016,   1.73,   1.13,  16.77,   -1.04,    1.52,   -0.43,-0.009,-0.026,-1.085, 122.0, -40.0,  91.0
205109058,016,   1.73,   1.13,  16.77,   -0.98,    1.59,   -0.49,-0.008,-0.019,-1.069, 122.0, -40.0,  91.0
205109073,016,   1.73,   1.13,  16.76,   -0.98,    1.59,   -0.49,-0.008,-0.019,-1.069, 122.0, -40.0,  91.0
205109077,016,   1.73,   1.14,  16.76,   -0.85,    1.59,   -0.55, 0.003,-0.019,-1.090, 122.0, -40.0,  91.0
205109091,016,   1.73,   1.14,  16.76,   -0.85,    1.59,   -0.55, 0.003,-0.019,-1.090, 122.0, -40.0,  91.0
205109099,016,   1.73,   1.14,  16.75,   -1.04,    1.59,   -0.49,-0.005,-0.021,-1.092, 121.0, -41.0,  91.0
205109110,016,   1.73,   1.14,  16.75,   -1.04,    1.59,   -0.49,-0.005,-0.021,-1.092, 121.0, -41.0,  91.0
205109125,016,   1.73,   1.14,  16.75,   -1.16,    1.59,   -0.30, 0.002,-0.023,-1.083, 121.0, -41.0,  91.0
205109126,016,   1.73,   1.14,  16.75,   -1.16,    1.59,   -0.30, 0.002,-0.023,-1.083, 121.0, -41.0,  91.0
205109138,016,   1.72,   1.14,  16.75,   -1.10,    1.59,   -0.24,-0.007,-0.020,-1.065, 121.0, -41.0,  91.0
205109149,016,   1.72,   1.14,  16.75,   -1.10,    1.59,   -0.24,-0.007,-0.020,-1.065, 121.0, -41.0,  91.0
205109158,016,   1.72,   1.14,  16.75,   -0.98,    1.59,   -0.30,-0.007,-0.023,-1.076, 121.0, -41.0,  91.0
205109169,016,   1.72,   1.14,  16.75,   -0.98,    1.59,   -0.30,-0.007,-0.023,-1.076, 121.0, -41.0,  91.0
205109178,016,   1.72,   1.14,  16.75,   -0.98,    1.59,   -0.30,-0.008,-0.021,-1.076, 121.0, -41.0,  91.0
205109189,016,   1.72,   1.14,  16.75,   -0.98,    1.59,   -0.30,-0.008,-0.021,-1.076, 121.0, -41.0,  91.0
205109199,016,   1.72,   1.15,  16.75,   -1.04,    1.65,   -0.24,-0.000,-0.022,-1.079, 121.0, -41.0,  91.0
205109214,016,   1.72,   1.15,  16.75,   -1.04,    1.65,   -0.24,-0.000,-0.022,-1.079, 121.0, -41.0,  91.0
205109218,016,   1.72,   1.15,  16.75,   -1.10,    1.65,   -0.24,-0.000,-0.020,-1.090, 121.0, -41.0,  91.0
205109227,016,   1.71,   1.15,  16.75,   -1.10,    1.65,   -0.24,-0.000,-0.020,-1.090, 121.0, -41.0,  92.0
205109242,016,   1.71,   1.15,  16.75,   -1.16,    1.59,   -0.24,-0.004,-0.022,-1.079, 121.0, -41.0,  92.0
205109247,016,   1.71,   1.15,  16.75,   -1.16,    1.59,   -0.24,-0.004,-0.022,-1.079, 121.0, -41.0,  92.0
205109258,016,   1.71,   1.15,  16.75,   -1.04,    1.46,   -0.43,-0.012,-0.024,-1.095, 121.0, -41.0,  92.0
205109269,016,   1.71,   1.15,  16.75,   -1.04,    1.46,   -0.43,-0.012,-0.024,-1.095, 121.0, -41.0,  92.0
205109279,016,   1.71,   1.15,  16.74,   -0.98,    1.46,   -0.49,-0.008,-0.022,-1.088, 121.0, -41.0,  92.0
205109289,016,   1.71,   1.15,  16.74,   -0.98,    1.46,   -0.49,-0.008,-0.022,-1.088, 121.0, -41.0,  92.0
205109305,016,   1.71,   1.15,  16.74,   -0.85,    1.59,   -0.61,-0.003,-0.021,-1.085, 121.0, -41.0,  92.0
205109307,016,   1.71,   1.15,  16.73,   -0.85,    1.59,   -0.61,-0.003,-0.021,-1.085, 121.0, -41.0,  92.0
205109316,016,   1.71,   1.15,  16.73,   -0.98,    1.65,   -0.61, 0.011,-0.022,-1.084, 121.0, -41.0,  92.0
205109327,016,   1.71,   1.16,  16.73,   -0.98,    1.65,   -0.61, 0.011,-0.022,-1.084, 121.0, -41.0,  92.0
205109341,016,   1.71,   1.16,  16.73,   -1.28,    1.65,   -0.37,-0.004,-0.032,-1.071, 121.0, -41.0,  92.0
205109349,016,   1.70,   1.16,  16.73,   -1.28,    1.65,   -0.37,-0.004,-0.032,-1.071, 121.0, -41.0,  92.0
205109359,016,   1.70,   1.16,  16.73,   -1.34,    1.59,   -0.30,-0.008,-0.030,-1.083, 121.0, -41.0,  91.0
205109369,016,   1.70,   1.16,  16.72,   -1.34,    1.59,   -0.30,-0.008,-0.030,-1.083, 121.0, -41.0,  91.0
205109380,016,   1.70,   1.16,  16.72,   -1.16,    1.59,   -0.37, 0.000,-0.013,-1.081, 121.0, -41.0,  91.0
205109396,016,   1.69,   1.16,  16.72,   -1.16,    1.59,   -0.37, 0.000,-0.013,-1.081, 121.0, -41.0,  91.0
205109399,016,   1.69,   1.16,  16.72,   -0.91,    1.52,   -0.49,-0.002,-0.021,-1.083, 121.0, -41.0,  91.0
205109409,016,   1.69,   1.16,  16.72,   -0.91,    1.52,   -0.49,-0.002,-0.021,-1.083, 121.0, -41.0,  91.0
205109419,016,   1.69,   1.16,  16.71,   -0.85,    1.59,   -0.61, 0.003,-0.016,-1.092, 121.0, -41.0,  91.0
205109430,016,   1.69,   1.17,  16.71,   -0.85,    1.59,   -0.61, 0.003,-0.016,-1.092, 121.0, -41.0,  93.0
205109438,016,   1.69,   1.16,  16.71,   -0.91,    1.52,   -0.30,-0.010,-0.016,-1.079, 121.0, -41.0,  93.0
205109448,016,   1.69,   1.16,  16.71,   -0.91,    1.52,   -0.30,-0.010,-0.016,-1.079, 121.0, -41.0,  93.0
205109458,016,   1.69,   1.16,  16.71,   -1.04,    1.52,   -0.12,-0.005,-0.028,-1.081, 121.0, -41.0,  93.0
205109470,016,   1.69,   1.16,  16.71,   -1.04,    1.52,   -0.12,-0.005,-0.028,-1.081, 121.0, -41.0,  93.0
205109484,016,   1.69,   1.16,  16.71,   -0.98,    1.52,   -0.18, 0.001,-0.022,-1.077, 121.0, -41.0,  93.0
205109486,016,   1.69,   1.16,  16.71,   -0.98,    1.52,   -0.18, 0.001,-0.022,-1.077, 121.0, -41.0,  93.0
205109497,016,   1.70,   1.16,  16.71,   -0.18,    1.59,   -0.24,-0.006,-0.031,-1.091, 121.0, -41.0,  93.0
205109508,016,   1.71,   1.17,  16.72,   -0.18,    1.59,   -0.24,-0.006,-0.031,-1.091, 121.0, -41.0,  93.0
205109518,032,   1.73,   1.32,  16.65,    1.65,   16.28,   -7.32,-0.007,-0.104,-1.247, 121.0, -41.0,  93.0
205109528,032,   1.76,   1.47,  16.58,    1.65,   16.28,   -7.32,-0.007,-0.104,-1.247, 121.0, -41.0,  93.0
205109539,032,   1.82,   2.22,  16.25,    5.61,   74.63,  -35.61, 0.003,-0.199,-0.533, 121.0, -41.0,  93.0
205109549,032,   1.88,   2.96,  15.92,    5.61,   74.63,  -35.61, 0.003,-0.199,-0.533, 121.0, -41.0,  93.0
205109560,032,   1.88,   2.91,  15.57,    0.98,   -4.94,  -34.94,-0.095,-0.019,-0.813, 122.0, -36.0,  93.0
205109575,032,   1.89,   2.86,  15.22,    0.98,   -4.94,  -34.94,-0.095,-0.019,-0.813, 122.0, -36.0,  93.0
205109578,032,   1.80,   1.92,  14.82,   -8.11,  -93.41,  -36.95,-0.113,-0.031,-1.116, 122.0, -36.0,  93.0
205109586,032,   2.11,   0.51,  14.43,   30.24, -141.28,  -34.45,-0.035,-0.488,-3.574, 122.0, -36.0,  93.0
205109598,032,   2.42,  -0.90,  14.04,   30.24, -141.28,  -34.45,-0.035,-0.488,-3.574, 122.0, -36.0,  93.0
205109608,032,   2.68,  -1.35,  13.53,   23.11,  -45.67,  -49.57,-0.151,-0.436,-1.595, 122.0, -36.0,  93.0
205109617,032,   2.94,  -1.79,  13.01,   23.11,  -45.67,  -49.57,-0.151,-0.436,-1.595, 122.0, -36.0,  93.0
205109628,032,   2.81,  -0.82,  12.14,  -16.10,   94.02,  -92.20,-0.230,-0.266,-1.216, 124.0, -28.0,  90.0
205109639,032,   2.67,   0.15,  11.27,  -16.10,   94.02,  -92.20,-0.230,-0.266,-1.216, 124.0, -28.0,  90.0
205109649,032,   2.10,   1.51,  10.12,  -57.01,  132.62, -120.18,-0.253,-0.278,-0.740, 124.0, -28.0,  90.0
205109665,032,   1.50,   2.85,   8.97,  -57.01,  132.62, -120.18,-0.253,-0.278,-0.740, 124.0, -28.0,  90.0
205109667,032,   0.55,   4.13,   7.69,  -88.78,  126.65, -130.79,-0.181,-0.453,-1.019, 124.0, -28.0,  90.0
205109678,032,  -0.43,   5.38,   6.38,  -88.78,  126.65, -130.79,-0.181,-0.453,-1.019, 124.0, -28.0,  90.0
205109687,032,  -1.48,   6.52,   4.90,  -92.20,  118.35, -146.22,-0.177,-0.411,-0.938, 104.0, -24.0,  97.0
205109697,032,  -2.57,   7.64,   3.39,  -92.20,  118.35, -146.22,-0.177,-0.411,-0.938, 104.0, -24.0,  97.0
205109708,032,  -3.40,   8.51,   1.49,  -57.56,   99.09, -184.45,-0.270,-0.363,-0.827, 104.0, -24.0,  97.0
205109718,032,  -4.26,   9.36,  -0.43,  -57.56,   99.09, -184.45,-0.270,-0.363,-0.827, 104.0, -24.0,  97.0
205109729,032,  -4.60,   9.90,  -2.66,    2.32,   72.26, -216.28,-0.118, 0.089,-0.702, 104.0, -24.0,  97.0
205109741,032,  -4.96,  10.42,  -4.90,    2.32,   72.26, -216.28,-0.118, 0.089,-0.702, 104.0, -24.0,  97.0
205109743,032,  -5.15,  10.83,  -7.28,   25.61,   64.51, -230.61,-0.224, 0.209,-0.086, 104.0, -24.0,  97.0
205109756,032,  -5.35,  11.24,  -9.68,   25.61,   64.51, -230.61,-0.224, 0.209,-0.086,  94.0,  -5.0,  99.0
205109767,032,  -5.63,  11.99, -12.37,   25.12,  102.13, -256.40,-0.130,-0.194,-0.933,  94.0,  -5.0,  99.0
205109777,032,  -5.95,  12.73, -15.07,   25.12,  102.13, -256.40,-0.130,-0.194,-0.933,  94.0,  -5.0,  99.0
205109792,032,  -6.67,  13.42, -18.21,   -2.80,  102.99, -297.99,-0.015,-0.396,-1.530,  94.0,  -5.0,  99.0
205109798,032,  -7.43,  14.06, -21.37,   -2.80,  102.99, -297.99,-0.015,-0.396,-1.530,  94.0,  -5.0,  99.0
205109808,032,  -9.08,  15.23, -25.23,  -67.74,  172.44, -355.61,-0.258,-0.224,-1.006,  94.0,  -5.0,  99.0
205109821,032, -10.81,  16.30, -29.16,  -67.74,  172.44, -355.61,-0.258,-0.224,-1.006,  94.0,  -5.0,  99.0
205109830,032, -12.53,  17.15, -34.00,  -32.32,  179.63, -438.60, 0.018, 0.246,-0.702,  69.0,  13.0, 107.0
205109845,032, -14.32,  17.87, -38.89,  -32.32,  179.63, -438.60, 0.018, 0.246,-0.702,  69.0,  13.0, 107.0
205109846,032, -15.27,  17.88, -42.93,   28.29,  102.32, -373.23,-0.104,-0.064,-0.722,  69.0,  13.0, 107.0
205109858,032, -16.21,  17.84, -46.97,   28.29,  102.32, -373.23,-0.104,-0.064,-0.722,  69.0,  13.0, 107.0
205109869,032, -17.23,  17.41, -51.08,   22.50,   74.76, -389.70,-0.232, 0.042,-0.950,  69.0,  13.0, 107.0
205109877,032, -18.20,  16.92, -55.17,   22.50,   74.76, -389.70,-0.232, 0.042,-0.950,  69.0,  13.0, 107.0
205109891,032, -18.81,  16.51, -59.56,   65.49,   97.01, -413.11,-0.124, 0.490,-0.953,  45.0,  34.0, 110.0
205109898,032, -19.38,  16.05, -63.93,   65.49,   97.01, -413.11,-0.124, 0.490,-0.953,  45.0,  34.0, 110.0
205109909,032, -19.00,  15.26, -67.34,  129.09,   34.88, -338.29, 0.083, 0.253,-1.090,  45.0,  34.0, 110.0
205109920,032, -18.58,  14.48, -70.74,  129.09,   34.88, -338.29, 0.083, 0.253,-1.090,  45.0,  34.0, 110.0
205109935,032, -18.11,  13.66, -73.38,  110.73,    5.37, -271.22,-0.253, 0.374,-0.658,  45.0,  34.0, 110.0
205109937,032, -17.61,  12.86, -76.02,  110.73,    5.37, -271.22,-0.253, 0.374,-0.658,  45.0,  34.0, 110.0
205109946,032, -17.33,  12.45, -78.71,   86.28,   43.72, -265.00,-0.331, 0.288,-0.699,  45.0,  34.0, 110.0
205109962,032, -17.04,  12.07, -81.41,   86.28,   43.72, -265.00,-0.331, 0.288,-0.699,  27.0,  53.0, 108.0
205109967,032, -17.16,  11.35, -83.93,   39.09,    6.65, -258.78,-0.394, 0.519,-0.704,  27.0,  53.0, 108.0
205109978,032, -17.25,  10.62, -86.44,   39.09,    6.65, -258.78,-0.394, 0.519,-0.704,  27.0,  53.0, 108.0
205109989,032, -17.29,   9.49, -88.65,   33.78,  -40.98, -243.48,-0.187, 0.679,-0.826,  27.0,  53.0, 108.0
205109999,032, -17.30,   8.36, -90.85,   33.78,  -40.98, -243.48,-0.187, 0.679,-0.826,  27.0,  53.0, 108.0
205110010,032, -17.03,   7.22, -92.57,   49.33,  -55.98, -199.33,-0.006, 0.395,-1.611,  27.0,  53.0, 108.0
205110026,032, -16.73,   6.09, -94.30,   49.33,  -55.98, -199.33,-0.006, 0.395,-1.611,  27.0,  53.0, 108.0
205110027,032, -15.96,   5.50, -95.86,   91.34,  -10.79, -168.11,-0.080,-0.036,-1.026,  21.0,  60.0, 106.0
205110037,032, -15.17,   4.93, -97.42,   91.34,  -10.79, -168.11,-0.080,-0.036,-1.026,  21.0,  60.0, 106.0
205110047,032, -14.56,   4.65, -98.95,   73.23,   14.21, -156.22,-0.168, 0.056,-1.185,  21.0,  60.0, 106.0
205110058,032, -13.93,   4.39,-100.47,   73.23,   14.21, -156.22,-0.168, 0.056,-1.185,  21.0,  60.0, 106.0
205110068,032, -13.75,   4.06,-101.99,   27.74,    6.52, -158.17,-0.261, 0.166,-1.174,  21.0,  60.0, 106.0
205110078,032, -13.57,   3.73,-103.51,   27.74,    6.52, -158.17,-0.261, 0.166,-1.174,  21.0,  60.0, 106.0
205110089,032, -13.49,   3.34,-105.09,   16.46,    1.10, -164.45,-0.229, 0.261,-1.227,  10.0,  64.0, 105.0
205110099,032, -13.40,   2.95,-106.66,   16.46,    1.10, -164.45,-0.229, 0.261,-1.227,  10.0,  64.0, 105.0
205110115,032, -13.11,   2.58,-108.14,   36.16,   -0.37, -155.00,-0.029, 0.532,-1.405,  10.0,  64.0, 105.0
205110120,032, -12.80,   2.22,-109.62,   36.16,   -0.37, -155.00,-0.029, 0.532,-1.405,  10.0,  64.0, 105.0
205110128,032, -12.14,   2.07,-110.75,   69.51,   11.52, -116.34, 0.055, 0.566,-1.325,  10.0,  64.0, 105.0
205110137,032, -11.48,   1.93,-111.88,   69.51,   11.52, -116.34, 0.055, 0.566,-1.325,  10.0,  64.0, 105.0
205110149,032, -10.94,   2.17,-112.63,   55.49,   40.18,  -72.32, 0.010, 0.314,-1.185,  10.0,  64.0, 105.0
205110158,032, -10.41,   2.42,-113.39,   55.49,   40.18,  -72.32, 0.010, 0.314,-1.185,  -1.0,  70.0, 101.0
205110168,032, -10.06,   2.81,-114.02,   36.46,   50.98,  -57.74, 0.005,-0.100,-1.270,  -1.0,  70.0, 101.0
205110179,032,  -9.71,   3.20,-114.65,   36.46,   50.98,  -57.74, 0.005,-0.100,-1.270,  -1.0,  70.0, 101.0
205110188,032,  -9.30,   3.46,-115.41,   45.00,   40.24,  -72.99, 0.075, 0.032,-1.240,  -1.0,  70.0, 101.0
205110204,032,  -8.88,   3.73,-116.16,   45.00,   40.24,  -72.99, 0.075, 0.032,-1.240,  -1.0,  70.0, 101.0
205110205,032,  -8.33,   4.11,-116.95,   60.30,   50.67,  -74.82, 0.137, 0.277,-1.083,  -1.0,  70.0, 101.0
205110215,032,  -7.77,   4.50,-117.73,   60.30,   50.67,  -74.82, 0.137, 0.277,-1.083, -13.0,  75.0,  95.0
205110227,032,  -7.32,   5.00,-118.41,   50.24,   59.70,  -62.13, 0.050, 0.283,-0.891, -13.0,  75.0,  95.0
205110237,032,  -6.88,   5.50,-119.07,   50.24,   59.70,  -62.13, 0.050, 0.283,-0.891, -13.0,  75.0,  95.0
205110248,032,  -6.65,   5.93,-119.55,   26.59,   50.00,  -45.06,-0.033, 0.206,-0.884, -13.0,  75.0,  95.0
205110258,032,  -6.43,   6.36,-120.03,   26.59,   50.00,  -45.06,-0.033, 0.206,-0.884, -13.0,  75.0,  95.0
205110269,032,  -6.44,   6.63,-120.40,    2.26,   32.50,  -35.85,-0.116, 0.116,-0.992, -13.0,  75.0,  95.0
205110280,032,  -6.46,   6.89,-120.76,    2.26,   32.50,  -35.85,-0.116, 0.116,-0.992, -13.0,  75.0,  95.0
205110295,032,  -6.33,   6.98,-121.06,   14.82,   13.66,  -30.67,-0.068, 0.114,-1.075, -21.0,  76.0,  94.0
205110296,032,  -6.21,   7.06,-121.35,   14.82,   13.66,  -30.67,-0.068, 0.114,-1.075, -21.0,  76.0,  94.0
205110307,032,  -5.97,   7.09,-121.62,   26.71,    6.89,  -28.29, 0.012, 0.122,-1.093, -21.0,  76.0,  94.0
205110317,032,  -5.73,   7.12,-121.88,   26.71,    6.89,  -28.29, 0.012, 0.122,-1.093, -21.0,  76.0,  94.0
205110328,032,  -5.51,   7.16,-122.10,   24.21,    8.23,  -23.48, 0.128, 0.144,-1.188, -21.0,  76.0,  94.0
205110338,032,  -5.29,   7.21,-122.32,   24.21,    8.23,  -23.48, 0.128, 0.144,-1.188, -21.0,  76.0,  94.0
205110349,032,  -5.17,   7.35,-122.43,   12.13,   16.10,  -13.05, 0.131, 0.017,-1.167, -21.0,  76.0,  94.0
205110359,032,  -5.05,   7.48,-122.55,   12.13,   16.10,  -13.05, 0.131, 0.017,-1.167, -24.0,  77.0,  92.0
205110370,016,  -5.03,   7.62,-122.59,   -1.65,   17.68,   -4.70, 0.051,-0.124,-1.064, -24.0,  77.0,  92.0
205110385,016,  -5.00,   7.77,-122.62,   -1.65,   17.68,   -4.70, 0.051,-0.124,-1.064, -24.0,  77.0,  92.0
205110386,016,  -4.86,   7.82,-122.67,    9.63,    9.39,   -7.87, 0.057,-0.134,-1.067, -24.0,  77.0,  92.0
205110400,016,  -4.72,   7.88,-122.73,    9.63,    9.39,   -7.87, 0.057,-0.134,-1.067, -24.0,  77.0,  92.0
205110407,032,  -4.57,   7.90,-122.90,   15.98,    4.33,  -18.96, 0.143,-0.090,-1.158, -24.0,  77.0,  92.0
205110422,032,  -4.42,   7.91,-123.06,   15.98,    4.33,  -18.96, 0.143,-0.090,-1.158, -26.0,  78.0,  91.0
205110430,032,  -4.39,   7.96,-123.30,    5.73,    7.68,  -25.67, 0.159, 0.039,-1.170, -26.0,  78.0,  91.0
205110439,032,  -4.36,   8.00,-123.54,    5.73,    7.68,  -25.67, 0.159, 0.039,-1.170, -26.0,  78.0,  91.0
205110449,016,  -4.37,   8.10,-123.74,    0.61,   13.54,  -21.77, 0.122, 0.047,-1.078, -26.0,  78.0,  91.0
205110459,016,  -4.37,   8.20,-123.95,    0.61,   13.54,  -21.77, 0.122, 0.047,-1.078, -26.0,  78.0,  91.0
205110476,016,  -4.39,   8.33,-124.09,   -2.80,   15.98,  -15.61, 0.124,-0.039,-1.073, -26.0,  78.0,  91.0
205110478,016,  -4.41,   8.46,-124.23,   -2.80,   15.98,  -15.61, 0.124,-0.039,-1.073, -26.0,  78.0,  91.0
205110487,016,  -4.40,   8.61,-124.30,    0.49,   17.32,   -8.84, 0.135, 0.016,-0.955, -29.0,  77.0,  89.0
205110497,016,  -4.38,   8.76,-124.38,    0.49,   17.32,   -8.84, 0.135, 0.016,-0.955, -29.0,  77.0,  89.0
205110508,016,  -4.31,   8.87,-124.42,    5.18,   12.44,   -5.55, 0.167,-0.018,-1.050, -29.0,  77.0,  89.0
205110518,016,  -4.24,   8.98,-124.45,    5.18,   12.44,   -5.55, 0.167,-0.018,-1.050, -29.0,  77.0,  89.0
205110528,016,  -4.25,   9.02,-124.51,   -2.26,    5.73,   -8.23, 0.175, 0.013,-1.063, -29.0,  77.0,  89.0
205110540,016,  -4.27,   9.06,-124.57,   -2.26,    5.73,   -8.23, 0.175, 0.013,-1.063, -29.0,  77.0,  89.0
205110549,032,  -4.33,   9.09,-124.63,   -5.91,    4.51,   -7.50, 0.176, 0.013,-1.129, -29.0,  77.0,  89.0
205110564,032,  -4.38,   9.12,-124.68,   -5.91,    4.51,   -7.50, 0.176, 0.013,-1.129, -31.0,  76.0,  89.0
205110575,016,  -4.42,   9.16,-124.69,   -6.40,    5.91,   -3.35, 0.159,-0.038,-1.055, -31.0,  76.0,  89.0
205110577,016,  -4.46,   9.20,-124.70,   -6.40,    5.91,   -3.35, 0.159,-0.038,-1.055, -31.0,  76.0,  89.0
205110588,000,  -4.10,   9.22,-124.65,   -0.67,    7.44,   -1.59, 0.143,-0.100,-0.965, -31.0,  76.0,  89.0
205110598,000,  -3.76,   9.25,-124.59,   -0.67,    7.44,   -1.59, 0.143,-0.100,-0.965, -31.0,  76.0,  89.0
205110609,032,  -3.76,   9.27,-124.65,    0.06,    3.48,   -7.62, 0.191,-0.052,-1.091, -31.0,  76.0,  89.0
205110619,032,  -3.76,   9.29,-124.70,    0.06,    3.48,   -7.62, 0.191,-0.052,-1.091, -31.0,  76.0,  88.0
205110628,032,  -3.76,   9.31,-124.80,   -0.06,    4.39,  -12.20, 0.213,-0.014,-1.118, -31.0,  76.0,  88.0
205110639,032,  -3.77,   9.34,-124.91,   -0.06,    4.39,  -12.20, 0.213,-0.014,-1.118, -31.0,  76.0,  88.0
205110655,016,  -3.76,   9.41,-125.01,    0.79,    9.51,  -12.13, 0.171,-0.010,-1.051, -31.0,  76.0,  88.0
205110658,016,  -3.75,   9.48,-125.11,    0.79,    9.51,  -12.13, 0.171,-0.010,-1.051, -31.0,  76.0,  88.0
205110666,016,  -3.65,   9.56,-125.19,   10.79,    9.82,   -9.39, 0.120, 0.057,-0.920, -31.0,  76.0,  88.0
205110677,016,  -3.54,   9.63,-125.26,   10.79,    9.82,   -9.39, 0.120, 0.057,-0.920, -31.0,  76.0,  88.0
205110687,016,  -3.44,   9.67,-125.32,    9.39,    5.24,   -8.29, 0.172,-0.010,-0.979, -33.0,  76.0,  88.0
205110698,016,  -3.34,   9.70,-125.39,    9.39,    5.24,   -8.29, 0.172,-0.010,-0.979, -33.0,  76.0,  88.0
205110708,032,  -3.34,   9.71,-125.48,    0.18,    2.74,  -11.59, 0.178,-0.010,-1.101, -33.0,  76.0,  88.0
205110719,032,  -3.35,   9.72,-125.58,    0.18,    2.74,  -11.59, 0.178,-0.010,-1.101, -33.0,  76.0,  88.0
205110729,032,  -3.31,   9.72,-125.69,    4.21,    1.89,  -13.84, 0.180,-0.137,-1.117, -33.0,  76.0,  88.0
205110745,032,  -3.28,   9.72,-125.81,    4.21,    1.89,  -13.84, 0.180,-0.137,-1.117, -33.0,  76.0,  88.0
205110747,032,  -3.25,   9.76,-126.02,    6.04,    7.07,  -22.44, 0.186,-0.037,-1.109, -33.0,  76.0,  88.0
205110761,032,  -3.21,   9.81,-126.23,    6.04,    7.07,  -22.44, 0.186,-0.037,-1.109, -36.0,  75.0,  87.0
205110767,016,  -3.23,   9.90,-126.49,    1.28,   11.28,  -27.44, 0.189, 0.015,-1.068, -36.0,  75.0,  87.0
205110779,016,  -3.25,   9.98,-126.75,    1.28,   11.28,  -27.44, 0.189, 0.015,-1.068, -36.0,  75.0,  87.0
205110788,016,  -3.30,  10.06,-126.99,   -1.46,   10.91,  -26.22, 0.177, 0.063,-1.058, -36.0,  75.0,  87.0
205110798,016,  -3.35,  10.14,-127.24,   -1.46,   10.91,  -26.22, 0.177, 0.063,-1.058, -36.0,  75.0,  87.0
205110808,032,  -3.34,  10.19,-127.42,    3.05,    7.56,  -19.15, 0.161, 0.014,-1.101, -36.0,  75.0,  87.0
205110820,032,  -3.34,  10.24,-127.59,    3.05,    7.56,  -19.15, 0.161, 0.014,-1.101, -38.0,  75.0,  86.0
205110835,016,  -3.25,  10.29,-127.76,    7.26,    7.20,  -19.27, 0.169,-0.143,-1.076, -38.0,  75.0,  86.0
205110836,016,  -3.17,  10.33,-127.94,    7.26,    7.20,  -19.27, 0.169,-0.143,-1.076, -38.0,  75.0,  86.0
205110849,032,  -3.12,  10.39,-128.21,    9.09,    8.48,  -28.84, 0.182,-0.068,-1.042, -38.0,  75.0,  86.0
205110858,032,  -3.07,  10.45,-128.48,    9.09,    8.48,  -28.84, 0.182,-0.068,-1.042, -38.0,  75.0,  86.0
205110872,032,  -3.00,  10.49,-128.80,   11.59,    7.20,  -33.60, 0.191,-0.000,-1.055, -38.0,  75.0,  86.0
205110879,032,  -2.94,  10.53,-129.12,   11.59,    7.20,  -33.60, 0.191,-0.000,-1.055, -38.0,  75.0,  86.0
205110888,032,  -2.85,  10.55,-129.44,   13.11,    5.06,  -33.41, 0.190,-0.036,-1.068, -42.0,  73.0,  82.0
205110899,032,  -2.77,  10.58,-129.76,   13.11,    5.06,  -33.41, 0.190,-0.036,-1.068, -42.0,  73.0,  82.0
205110910,032,  -2.64,  10.60,-130.05,   17.74,    4.76,  -29.94, 0.188,-0.065,-1.064, -42.0,  73.0,  82.0
205110925,032,  -2.50,  10.62,-130.33,   17.74,    4.76,  -29.94, 0.188,-0.065,-1.064, -42.0,  73.0,  82.0
205110926,032,  -2.28,  10.63,-130.60,   26.59,    3.41,  -28.05, 0.185,-0.067,-1.049, -42.0,  73.0,  82.0
205110937,032,  -2.05,  10.64,-130.86,   26.59,    3.41,  -28.05, 0.185,-0.067,-1.049, -42.0,  73.0,  82.0
205110947,032,  -1.79,  10.62,-131.13,   30.06,   -0.06,  -28.66, 0.207,-0.084,-1.083, -46.0,  76.0,  79.0
205110959,032,  -1.53,  10.60,-131.40,   30.06,   -0.06,  -28.66, 0.207,-0.084,-1.083, -46.0,  76.0,  79.0
205110968,032,  -1.33,  10.55,-131.67,   23.90,   -2.44,  -28.90, 0.167,-0.209,-1.106, -46.0,  76.0,  79.0
205110979,032,  -1.13,  10.51,-131.95,   23.90,   -2.44,  -28.90, 0.167,-0.209,-1.106, -46.0,  76.0,  79.0
205110991,032,  -0.89,  10.45,-132.27,   28.72,   -4.02,  -33.90, 0.098,-0.266,-1.175, -46.0,  76.0,  79.0
205111000,032,  -0.65,  10.39,-132.59,   28.72,   -4.02,  -33.90, 0.098,-0.266,-1.175, -46.0,  76.0,  79.0
205111015,032,  -0.28,  10.30,-133.03,   44.33,   -7.56,  -45.55,-0.013,-0.226,-1.282, -46.0,  76.0,  79.0
205111017,032,   0.10,  10.21,-133.47,   44.33,   -7.56,  -45.55,-0.013,-0.226,-1.282, -52.0,  83.0,  78.0
205111027,032,   0.60,  10.09,-134.02,   58.41,   -9.88,  -56.10,-0.082,-0.076,-1.158, -52.0,  83.0,  78.0
205111040,032,   1.09,   9.99,-134.57,   58.41,   -9.88,  -56.10,-0.082,-0.076,-1.158, -52.0,  83.0,  78.0
205111048,032,   1.63,   9.81,-135.15,   62.62,  -16.77,  -58.05,-0.174, 0.058,-1.305, -52.0,  83.0,  78.0
205111058,032,   2.16,   9.65,-135.72,   62.62,  -16.77,  -58.05,-0.174, 0.058,-1.305, -52.0,  83.0,  78.0
205111068,032,   2.61,   9.39,-136.33,   54.21,  -26.46,  -61.16,-0.371,-0.154,-1.168, -52.0,  83.0,  78.0
205111080,032,   3.06,   9.13,-136.94,   54.21,  -26.46,  -61.16,-0.371,-0.154,-1.168, -52.0,  83.0,  78.0
205111090,032,   3.53,   8.74,-137.72,   58.23,  -41.22,  -76.46,-0.619,-0.002,-1.293, -53.0,  84.0,  79.0
205111108,032,   4.01,   8.36,-138.50,   58.23,  -41.22,  -76.46,-0.619,-0.002,-1.293, -53.0,  84.0,  79.0
205111110,032,   4.85,   7.82,-139.39,   96.89,  -57.93,  -86.04,-0.830, 0.679,-1.477, -53.0,  84.0,  79.0
205111122,032,   5.70,   7.30,-140.29,   96.89,  -57.93,  -86.04,-0.830, 0.679,-1.477, -53.0,  84.0,  79.0
205111129,032,   6.29,   6.58,-140.98,   68.29,  -77.80,  -63.05,-0.923, 2.289,-2.204, -53.0,  84.0,  79.0
205111137,032,   6.89,   5.86,-141.68,   68.29,  -77.80,  -63.05,-0.923, 2.289,-2.204, -53.0,  84.0,  79.0
205111148,032,   6.76,   5.34,-140.94,  -18.96,  -40.98,   77.26,-1.796, 3.840,-3.097, -41.0,  85.0,  82.0
205111158,032,   6.63,   4.82,-140.19,  -18.96,  -40.98,   77.26,-1.796, 3.840,-3.097, -41.0,  85.0,  82.0
205111169,032,   5.30,   5.05,-136.53, -164.63,   62.80,  358.96,-4.219, 4.449,-3.863, -41.0,  85.0,  82.0
205111182,032,   3.98,   5.36,-132.87, -164.63,   62.80,  358.96,-4.219, 4.449,-3.863, -41.0,  85.0,  82.0
205111195,032,   1.21,   6.45,-125.59, -351.71,  143.90,  717.44,-7.271, 5.127,-5.681, -41.0,  85.0,  82.0
205111197,032,  -1.41,   7.87,-118.35, -351.71,  143.90,  717.44,-7.271, 5.127,-5.681, -41.0,  85.0,  82.0
205111207,032,  -5.93,   9.89,-107.18, -623.78,  132.56, 1115.85,-8.000, 1.836,-8.000, -41.0,  85.0,  82.0
205111217,032,  -9.99,  12.72, -96.07, -623.78,  132.56, 1115.85,-8.000, 1.836,-8.000,  18.0,  51.0, 105.0
205111228,032, -14.28,  17.69, -82.20, -791.52,  206.04, 1411.52,-8.000,-2.197,-8.000,  18.0,  51.0, 105.0
205111239,032, -17.29,  23.51, -68.29, -791.52,  206.04, 1411.52,-8.000,-2.197,-8.000,  18.0,  51.0, 105.0
205111249,032, -18.18,  30.17, -53.99, -736.65,  244.76, 1418.17,-8.000,-3.035,-5.589,  18.0,  51.0, 105.0
205111259,032, -17.06,  36.80, -38.69, -736.65,  244.76, 1418.17,-8.000,-3.035,-5.589,  18.0,  51.0, 105.0
205111269,032, -13.13,  42.18, -23.74, -564.82,  217.13, 1255.30,-8.000,-4.395,-2.269,  18.0,  51.0, 105.0
205111285,032,  -6.99,  46.52,  -7.00, -564.82,  217.13, 1255.30,-8.000,-4.395,-2.269,  18.0,  51.0, 105.0
205111287,032,  -2.11,  48.07,   7.49, -580.37,   78.72,  989.45,-5.346,-6.301,-1.985,  17.0, -35.0, 109.0
205111298,032,   3.31,  48.74,  22.43, -580.37,   78.72,  989.45,-5.346,-6.301,-1.985,  17.0, -35.0, 109.0
205111308,032,   5.51,  47.94,  32.72, -552.87,  -24.15,  686.52,-2.624,-6.943,-2.007,  17.0, -35.0, 109.0
205111317,032,   7.42,  46.91,  42.76, -552.87,  -24.15,  686.52,-2.624,-6.943,-2.007,  17.0, -35.0, 109.0
205111328,032,   7.86,  46.58,  48.10, -350.61,   18.78,  367.07,-1.324,-4.837,-1.456,  17.0, -35.0, 109.0
205111338,032,   8.24,  46.23,  53.40, -350.61,   18.78,  367.07,-1.324,-4.837,-1.456,  17.0, -35.0, 109.0
205111348,032,   7.30,  46.66,  54.64, -186.46,   56.71,   77.50,-0.345,-2.251,-1.322,   1.0, -78.0,  95.0
205111359,032,   6.37,  47.10,  55.88, -186.46,   56.71,   77.50,-0.345,-2.251,-1.322,   1.0, -78.0,  95.0
205111374,032,   4.60,  47.74,  55.14, -124.45,   61.04,  -57.50, 0.400,-1.107,-1.376,   1.0, -78.0,  95.0
205111375,032,   2.79,  48.37,  54.35, -124.45,   61.04,  -57.50, 0.400,-1.107,-1.376,   1.0, -78.0,  95.0
205111386,032,   1.25,  49.08,  53.03,  -57.50,   69.45,  -89.51, 0.570,-0.254,-0.631,   1.0, -78.0,  95.0
205111396,032,  -0.35,  49.76,  51.67,  -57.50,   69.45,  -89.51, 0.570,-0.254,-0.631,   1.0, -78.0,  95.0
205111408,032,  -1.06,  50.29,  50.56,   11.52,   53.72,  -70.30, 0.667,-0.095,-0.353,   1.0, -78.0,  95.0
205111418,032,  -1.80,  50.80,  49.44,   11.52,   53.72,  -70.30, 0.667,-0.095,-0.353,   1.0, -83.0,  92.0
205111430,032,  -2.17,  50.98,  48.67,   20.98,   20.06,  -47.20, 0.897, 0.107,-0.443,   1.0, -83.0,  92.0
205111439,032,  -2.55,  51.15,  47.90,   20.98,   20.06,  -47.20, 0.897, 0.107,-0.443,   1.0, -83.0,  92.0
205111451,032,  -3.08,  51.23,  47.41,  -14.94,   10.00,  -29.88, 0.989, 0.396,-0.480,   1.0, -83.0,  92.0
205111465,032,  -3.61,  51.31,  46.91,  -14.94,   10.00,  -29.88, 0.989, 0.396,-0.480,   1.0, -83.0,  92.0
205111466,032,  -3.91,  51.34,  46.93,  -32.20,    4.02,    1.71, 0.999, 0.268,-0.898,   1.0, -83.0,  92.0
205111477,032,  -4.21,  51.36,  46.94,  -32.20,    4.02,    1.71, 0.999, 0.268,-0.898,   1.0, -83.0,  92.0
205111487,032,  -3.76,  51.26,  47.53,   -2.93,  -11.65,   36.28, 0.917, 0.031,-0.642,   0.0, -85.0,  91.0
205111497,032,  -3.32,  51.16,  48.12,   -2.93,  -11.65,   36.28, 0.917, 0.031,-0.642,   0.0, -85.0,  91.0
205111512,032,  -2.37,  51.01,  49.02,   23.23,  -16.22,   55.06, 0.771,-0.461,-0.641,   0.0, -85.0,  91.0
205111519,032,  -1.42,  50.86,  49.91,   23.23,  -16.22,   55.06, 0.771,-0.461,-0.641,   0.0, -85.0,  91.0
205111530,032,  -0.67,  50.65,  50.58,   21.40,  -19.51,   41.52, 0.764,-0.309,-0.914,   0.0, -85.0,  91.0
205111541,032,   0.07,  50.44,  51.24,   21.40,  -19.51,   41.52, 0.764,-0.309,-0.914,   0.0, -85.0,  91.0
205111557,032,   0.32,  50.35,  51.58,   -2.44,   -8.23,   21.16, 0.774,-0.321,-0.774,  -2.0, -82.0,  91.0
205111559,032,   0.57,  50.25,  51.91,   -2.44,   -8.23,   21.16, 0.774,-0.321,-0.774,  -2.0, -82.0,  91.0
205111566,032,   0.57,  50.12,  52.03,  -11.10,  -11.34,    7.56, 0.774,-0.196,-0.912,  -2.0, -82.0,  91.0
205111577,032,   0.56,  49.99,  52.15,  -11.10,  -11.34,    7.56, 0.774,-0.196,-0.912,  -2.0, -82.0,  91.0
205111588,032,   0.52,  49.88,  52.06,    1.52,   -9.82,   -5.98, 0.876,-0.211,-0.949,  -2.0, -82.0,  91.0
205111598,032,   0.48,  49.76,  51.97,    1.52,   -9.82,   -5.98, 0.876,-0.211,-0.949,  -2.0, -82.0,  91.0
205111609,016,   0.36,  49.78,  51.69,    7.74,    1.52,  -17.56, 0.835, 0.001,-0.660,  -2.0, -82.0,  91.0
205111619,016,   0.24,  49.79,  51.42,    7.74,    1.52,  -17.56, 0.835, 0.001,-0.660,   0.0, -82.0,  92.0
205111629,032,   0.10,  49.80,  51.20,    1.77,    1.65,  -12.99, 0.858, 0.285,-0.786,   0.0, -82.0,  92.0
205111645,032,  -0.03,  49.80,  50.99,    1.77,    1.65,  -12.99, 0.858, 0.285,-0.786,   0.0, -82.0,  92.0
205111647,032,  -0.10,  49.73,  50.96,   -5.43,   -6.22,   -1.77, 0.877, 0.097,-0.701,   0.0, -82.0,  92.0
205111657,032,  -0.17,  49.65,  50.93,   -5.43,   -6.22,   -1.77, 0.877, 0.097,-0.701,   0.0, -82.0,  92.0
205111667,032,  -0.24,  49.57,  51.00,  -14.45,   -6.95,    5.30, 0.826, 0.095,-0.751,   0.0, -82.0,  92.0
205111678,032,  -0.32,  49.49,  51.08,  -14.45,   -6.95,    5.30, 0.826, 0.095,-0.751,   1.0, -83.0,  90.0
205111689,016,  -0.33,  49.45,  51.17,  -12.80,   -5.00,    1.52, 0.756,-0.206,-0.550,   1.0, -83.0,  90.0
205111698,016,  -0.34,  49.41,  51.26,  -12.80,   -5.00,    1.52, 0.756,-0.206,-0.550,   1.0, -83.0,  90.0
205111709,016,  -0.45,  49.34,  51.25,  -12.50,   -1.83,   -1.10, 0.731,-0.022,-0.800,   1.0, -83.0,  90.0
205111722,016,  -0.56,  49.28,  51.24,  -12.50,   -1.83,   -1.10, 0.731,-0.022,-0.800,   1.0, -83.0,  90.0
205111735,032,  -0.68,  49.23,  51.20,   -9.57,   -3.54,   -2.80, 0.752,-0.091,-0.800,   1.0, -83.0,  90.0
205111737,032,  -0.79,  49.18,  51.16,   -9.57,   -3.54,   -2.80, 0.752,-0.091,-0.800,   1.0, -83.0,  90.0
205111746,016,  -0.86,  49.17,  51.08,   -4.15,    2.07,   -6.34, 0.758,-0.074,-0.750,   2.0, -84.0,  90.0
205111758,016,  -0.93,  49.16,  51.01,   -4.15,    2.07,   -6.34, 0.758,-0.074,-0.750,   2.0, -84.0,  90.0
205111767,016,  -0.86,  49.19,  50.90,   13.11,    5.06,   -8.23, 0.739,-0.055,-0.674,   2.0, -84.0,  90.0
205111777,016,  -0.79,  49.22,  50.79,   13.11,    5.06,   -8.23, 0.739,-0.055,-0.674,   2.0, -84.0,  90.0
205111794,016,  -0.75,  49.21,  50.62,   13.96,    0.85,  -12.80, 0.734,-0.075,-0.652,   2.0, -84.0,  90.0
205111799,016,  -0.72,  49.20,  50.44,   13.96,    0.85,  -12.80, 0.734,-0.075,-0.652,   2.0, -84.0,  90.0
205111810,016,  -0.67,  49.09,  50.26,   18.54,   -8.23,  -10.67, 0.756, 0.087,-0.768,   2.0, -84.0,  90.0
205111826,016,  -0.62,  48.97,  50.07,   18.54,   -8.23,  -10.67, 0.756, 0.087,-0.768,   5.0, -82.0,  92.0
205111830,016,  -0.46,  48.83,  50.04,   15.91,  -11.52,   -5.00, 0.735,-0.133,-0.718,   5.0, -82.0,  92.0
205111838,016,  -0.29,  48.69,  50.00,   15.91,  -11.52,   -5.00, 0.735,-0.133,-0.718,   5.0, -82.0,  92.0
205111847,016,  -0.20,  48.56,  49.91,   14.09,  -10.49,   -5.43, 0.735, 0.010,-0.679,   5.0, -82.0,  92.0
205111862,016,  -0.11,  48.44,  49.82,   14.09,  -10.49,   -5.43, 0.735, 0.010,-0.679,   5.0, -82.0,  92.0
205111870,016,  -0.17,  48.36,  49.68,    5.18,   -6.89,   -8.29, 0.718, 0.056,-0.644,   5.0, -82.0,  92.0
205111879,016,  -0.22,  48.28,  49.54,    5.18,   -6.89,   -8.29, 0.718, 0.056,-0.644,   7.0, -81.0,  91.0
205111892,032,  -0.29,  48.14,  49.43,    0.06,  -12.38,   -6.59, 0.744, 0.117,-0.813,   7.0, -81.0,  91.0
205111899,032,  -0.35,  48.00,  49.33,    0.06,  -12.38,   -6.59, 0.744, 0.117,-0.813,   7.0, -81.0,  91.0
205111915,032,  -0.44,  47.87,  49.32,   -9.09,  -11.52,   -0.49, 0.746, 0.004,-0.891,   7.0, -81.0,  91.0
205111916,032,  -0.52,  47.74,  49.31,   -9.09,  -11.52,   -0.49, 0.746, 0.004,-0.891,   7.0, -81.0,  91.0
205111927,016,  -0.63,  47.64,  49.35,  -16.22,   -6.65,    1.40, 0.719,-0.059,-0.797,   7.0, -81.0,  91.0
205111937,016,  -0.74,  47.54,  49.39,  -16.22,   -6.65,    1.40, 0.719,-0.059,-0.797,   7.0, -81.0,  91.0
205111948,016,  -0.84,  47.49,  49.40,  -12.62,   -1.83,   -0.55, 0.710,-0.051,-0.713,   9.0, -82.0,  91.0
205111959,016,  -0.93,  47.45,  49.40,  -12.62,   -1.83,   -0.55, 0.710,-0.051,-0.713,   9.0, -82.0,  91.0
205111969,000,  -1.11,  47.31,  49.27,   -4.63,   -2.13,   -4.57, 0.693, 0.038,-0.697,   9.0, -82.0,  91.0
205111979,000,  -1.27,  47.17,  49.14,   -4.63,   -2.13,   -4.57, 0.693, 0.038,-0.697,   9.0, -82.0,  91.0
205111989,016,  -1.38,  47.08,  49.03,   -2.56,   -5.79,   -5.79, 0.718, 0.134,-0.811,   9.0, -82.0,  91.0
205112005,016,  -1.49,  46.99,  48.92,   -2.56,   -5.79,   -5.79, 0.718, 0.134,-0.811,   9.0, -82.0,  91.0
205112006,016,  -1.53,  46.90,  48.93,   -6.71,   -5.18,    0.37, 0.730,-0.021,-0.788,   9.0, -82.0,  91.0
205112019,016,  -1.56,  46.82,  48.95,   -6.71,   -5.18,    0.37, 0.730,-0.021,-0.788,  10.0, -83.0,  90.0
205112027,032,  -1.63,  46.79,  48.95,   -8.35,   -2.20,    0.49, 0.758,-0.068,-0.857,  10.0, -83.0,  90.0
205112038,032,  -1.69,  46.75,  48.96,   -8.35,   -2.20,    0.49, 0.758,-0.068,-0.857,  10.0, -83.0,  90.0
205112048,000,  -1.66,  46.68,  48.98,   -1.52,   -1.40,   -1.59, 0.713, 0.004,-0.697,  10.0, -83.0,  90.0
205112059,000,  -1.62,  46.62,  48.99,   -1.52,   -1.40,   -1.59, 0.713, 0.004,-0.697,  10.0, -83.0,  90.0
205112071,000,  -1.82,  46.50,  48.82,   -2.99,    0.18,   -4.88, 0.680, 0.064,-0.710,  10.0, -83.0,  90.0
205112080,000,  -2.01,  46.39,  48.67,   -2.99,    0.18,   -4.88, 0.680, 0.064,-0.710,  12.0, -84.0,  90.0
205112094,016,  -2.17,  46.32,  48.56,   -9.09,   -3.90,   -6.16, 0.689, 0.094,-0.780,  12.0, -84.0,  90.0
205112096,016,  -2.33,  46.25,  48.46,   -9.09,   -3.90,   -6.16, 0.689, 0.094,-0.780,  12.0, -84.0,  90.0
205112106,016,  -2.43,  46.18,  48.45,  -11.16,   -4.57,   -1.34, 0.688,-0.020,-0.769,  12.0, -84.0,  90.0
205112116,016,  -2.52,  46.10,  48.45,  -11.16,   -4.57,   -1.34, 0.688,-0.020,-0.769,  12.0, -84.0,  90.0
205112129,016,  -2.53,  46.03,  48.47,   -5.49,   -4.57,    0.79, 0.711,-0.040,-0.784,  12.0, -84.0,  90.0
205112137,016,  -2.55,  45.96,  48.50,   -5.49,   -4.57,    0.79, 0.711,-0.040,-0.784,  12.0, -84.0,  90.0
205112148,000,  -2.53,  45.82,  48.51,   -5.06,   -2.20,   -3.84, 0.693, 0.002,-0.743,  13.0, -84.0,  89.0
205112159,000,  -2.52,  45.69,  48.51,   -5.06,   -2.20,   -3.84, 0.693, 0.002,-0.743,  13.0, -84.0,  89.0
205112169,016,  -2.71,  45.62,  48.36,   -8.41,   -4.57,   -9.63, 0.688, 0.101,-0.748,  13.0, -84.0,  89.0
205112185,016,  -2.89,  45.55,  48.22,   -8.41,   -4.57,   -9.63, 0.688, 0.101,-0.748,  13.0, -84.0,  89.0
205112186,032,  -3.03,  45.46,  48.12,   -8.05,   -7.01,   -7.20, 0.717, 0.094,-0.870,  13.0, -84.0,  89.0
205112197,032,  -3.17,  45.37,  48.02,   -8.05,   -7.01,   -7.20, 0.717, 0.094,-0.870,  13.0, -84.0,  89.0
205112208,016,  -3.26,  45.34,  47.99,   -7.56,   -2.07,   -1.71, 0.724, 0.076,-0.766,  14.0, -85.0,  89.0
205112217,016,  -3.35,  45.30,  47.96,   -7.56,   -2.07,   -1.71, 0.724, 0.076,-0.766,  14.0, -85.0,  89.0
205112228,016,  -3.32,  45.27,  48.00,   -2.56,   -0.24,    2.99, 0.732, 0.012,-0.812,  14.0, -85.0,  89.0
205112239,016,  -3.30,  45.25,  48.05,   -2.56,   -0.24,    2.99, 0.732, 0.012,-0.812,  14.0, -85.0,  89.0
205112250,000,  -3.20,  45.24,  48.09,    3.54,   -0.43,    0.67, 0.705, 0.023,-0.696,  14.0, -85.0,  89.0
205112260,000,  -3.11,  45.22,  48.12,    3.54,   -0.43,    0.67, 0.705, 0.023,-0.696,  14.0, -85.0,  89.0
205112275,000,  -3.12,  45.11,  48.04,    2.62,   -6.65,   -6.46, 0.705, 0.036,-0.728,  14.0, -85.0,  89.0
205112277,000,  -3.14,  45.00,  47.96,    2.62,   -6.65,   -6.46, 0.705, 0.036,-0.728,  15.0, -85.0,  89.0
205112290,032,  -3.22,  44.87,  47.79,    2.74,  -10.67,  -12.56, 0.696, 0.151,-0.853,  15.0, -85.0,  89.0
205112296,032,  -3.30,  44.75,  47.62,    2.74,  -10.67,  -12.56, 0.696, 0.151,-0.853,  15.0, -85.0,  89.0
205112312,032,  -3.42,  44.69,  47.49,   -4.39,   -4.21,   -9.15, 0.713, 0.046,-0.867,  15.0, -85.0,  89.0
205112318,016,  -3.46,  44.68,  47.46,   -3.35,    1.22,   -2.38, 0.722, 0.023,-0.813,  15.0, -85.0,  89.0
205112329,016,  -3.50,  44.67,  47.42,   -3.35,    1.22,   -2.38, 0.722, 0.023,-0.813,  15.0, -85.0,  89.0
205112339,000,  -3.39,  44.66,  47.46,    2.62,    4.33,   -0.85, 0.695, 0.010,-0.730,  15.0, -85.0,  89.0
205112349,000,  -3.29,  44.66,  47.50,    2.62,    4.33,   -0.85, 0.695, 0.010,-0.730,  16.0, -84.0,  89.0
205112365,000,  -3.18,  44.60,  47.50,    6.34,   -0.73,   -2.80, 0.687, 0.011,-0.730,  16.0, -84.0,  89.0
205112366,000,  -3.06,  44.55,  47.51,    6.34,   -0.73,   -2.80, 0.687, 0.011,-0.730,  16.0, -84.0,  89.0
205112376,016,  -3.14,  44.46,  47.39,    0.18,   -6.22,   -7.74, 0.702, 0.135,-0.816,  16.0, -84.0,  89.0
205112387,016,  -3.22,  44.37,  47.27,    0.18,   -6.22,   -7.74, 0.702, 0.135,-0.816,  16.0, -84.0,  89.0
205112398,032,  -3.32,  44.31,  47.19,   -5.18,   -4.33,   -6.22, 0.733, 0.143,-0.837,  16.0, -84.0,  89.0
205112408,032,  -3.42,  44.25,  47.10,   -5.18,   -4.33,   -6.22, 0.733, 0.143,-0.837,  17.0, -85.0,  89.0
205112418,032,  -3.42,  44.23,  47.15,   -4.45,   -1.22,    3.60, 0.747,-0.019,-0.856,  17.0, -85.0,  89.0
205112429,032,  -3.41,  44.21,  47.20,   -4.45,   -1.22,    3.60, 0.747,-0.019,-0.856,  17.0, -85.0,  89.0
205112439,016,  -3.38,  44.19,  47.23,   -0.79,    0.00,    2.07, 0.732, 0.015,-0.785,  17.0, -85.0,  89.0
205112454,016,  -3.35,  44.18,  47.26,   -0.79,    0.00,    2.07, 0.732, 0.015,-0.785,  17.0, -85.0,  89.0
205112456,000,  -3.35,  44.11,  47.21,    2.93,   -1.04,   -2.99, 0.679, 0.050,-0.740,  17.0, -85.0,  89.0
205112465,000,  -3.36,  44.05,  47.16,    2.93,   -1.04,   -2.99, 0.679, 0.050,-0.740,  17.0, -85.0,  89.0
205112477,000,  -3.61,  43.94,  46.93,   -1.40,   -2.62,   -7.62, 0.679, 0.140,-0.766,  18.0, -85.0,  89.0
205112487,000,  -3.86,  43.83,  46.71,   -1.40,   -2.62,   -7.62, 0.679, 0.140,-0.766,  18.0, -85.0,  89.0
205112497,032,  -4.01,  43.80,  46.63,  -10.91,   -1.71,   -5.85, 0.708, 0.165,-0.849,  18.0, -85.0,  89.0
205112507,032,  -4.17,  43.76,  46.54,  -10.91,   -1.71,   -5.85, 0.708, 0.165,-0.849,  18.0, -85.0,  89.0
205112518,032,  -4.18,  43.78,  46.62,   -8.41,    2.80,    6.04, 0.716, 0.019,-0.859,  18.0, -85.0,  89.0
205112529,032,  -4.20,  43.80,  46.70,   -8.41,    2.80,    6.04, 0.716, 0.019,-0.859,  18.0, -85.0,  89.0
205112546,016,  -4.14,  43.81,  46.81,   -2.99,    2.07,    7.32, 0.701,-0.021,-0.803,  18.0, -85.0,  89.0
205112546,016,  -4.07,  43.82,  46.92,   -2.99,    2.07,    7.32, 0.701,-0.021,-0.803,  18.0, -85.0,  88.0
205112559,000,  -3.97,  43.78,  46.99,   -2.20,    0.30,    0.30, 0.681,-0.000,-0.742,  18.0, -85.0,  88.0
205112568,000,  -3.88,  43.74,  47.06,   -2.20,    0.30,    0.30, 0.681,-0.000,-0.742,  18.0, -85.0,  88.0
205112577,000,  -3.90,  43.60,  46.99,    0.12,   -4.02,   -5.61, 0.663, 0.047,-0.779,  18.0, -85.0,  88.0
205112588,000,  -3.93,  43.47,  46.92,    0.12,   -4.02,   -5.61, 0.663, 0.047,-0.779,  18.0, -85.0,  88.0
205112598,032,  -4.07,  43.41,  46.80,   -6.71,   -4.51,   -9.45, 0.683, 0.167,-0.860,  18.0, -85.0,  88.0
205112609,032,  -4.22,  43.34,  46.67,   -6.71,   -4.51,   -9.45, 0.683, 0.167,-0.860,  19.0, -85.0,  89.0
205112620,032,  -4.33,  43.34,  46.62,   -9.15,    0.67,   -3.11, 0.698, 0.055,-0.851,  19.0, -85.0,  89.0
205112636,032,  -4.43,  43.33,  46.58,   -9.15,    0.67,   -3.11, 0.698, 0.055,-0.851,  19.0, -85.0,  89.0
205112637,016,  -4.45,  43.38,  46.61,   -5.43,    7.01,    2.56, 0.715, 0.036,-0.823,  19.0, -85.0,  89.0
205112647,016,  -4.47,  43.44,  46.64,   -5.43,    7.01,    2.56, 0.715, 0.036,-0.823,  19.0, -85.0,  89.0
205112659,000,  -4.49,  43.53,  46.63,   -2.20,    8.48,    0.18, 0.681, 0.054,-0.696,  19.0, -85.0,  89.0
205112668,000,  -4.50,  43.62,  46.62,   -2.20,    8.48,    0.18, 0.681, 0.054,-0.696,  19.0, -85.0,  89.0