202628818,016,   0.67,   3.27,  30.41,   -0.85,    1.57,    0.05,-0.000,-0.025,-1.080, 115.0, -24.0,  93.0
202628828,016,   0.67,   3.26,  30.38,   -0.85,    1.56,    0.08,-0.007,-0.014,-1.096, 115.0, -24.0,  93.0
202628839,016,   0.67,   3.25,  30.36,   -0.85,    1.56,    0.08,-0.007,-0.014,-1.096, 115.0, -24.0,  93.0
202628855,016,   0.67,   3.24,  30.33,   -0.90,    1.59,    0.05,-0.013,-0.024,-1.077, 115.0, -24.0,  93.0
202628866,016,   0.67,   3.23,  30.31,   -0.90,    1.59,    0.05,-0.013,-0.024,-1.077, 115.0, -24.0,  93.0
202628868,016,   0.67,   3.22,  30.29,   -0.87,    1.54,    0.03,-0.017,-0.015,-1.081, 115.0, -24.0,  93.0
202628877,016,   0.67,   3.21,  30.26,   -0.87,    1.54,    0.03,-0.017,-0.015,-1.081, 115.0, -24.0,  93.0
202628890,016,   0.67,   3.21,  30.24,   -0.89,    1.53,    0.03,-0.006,-0.019,-1.076, 115.0, -24.0,  92.0
202628902,016,   0.68,   3.20,  30.21,   -0.89,    1.53,    0.03,-0.006,-0.019,-1.076, 115.0, -24.0,  92.0
202628910,016,   0.67,   3.19,  30.19,   -0.96,    1.51,    0.02,-0.000,-0.010,-1.083, 115.0, -24.0,  92.0
202628921,016,   0.67,   3.18,  30.17,   -0.96,    1.51,    0.02,-0.000,-0.010,-1.083, 115.0, -24.0,  92.0
202628929,016,   0.67,   3.18,  30.14,   -0.87,    1.53,   -0.02,-0.003,-0.019,-1.088, 115.0, -24.0,  92.0
202628939,016,   0.67,   3.17,  30.12,   -0.87,    1.53,   -0.02,-0.003,-0.019,-1.088, 115.0, -24.0,  92.0
202628955,016,   0.67,   3.16,  30.09,   -0.85,    1.57,   -0.03,-0.010,-0.016,-1.085, 115.0, -24.0,  92.0
202628962,016,   0.67,   3.15,  30.07,   -0.85,    1.57,   -0.03,-0.010,-0.016,-1.085, 115.0, -24.0,  92.0
202628970,016,   0.67,   3.15,  30.05,   -0.93,    1.54,    0.03,-0.004,-0.014,-1.071, 115.0, -24.0,  92.0
202628979,016,   0.67,   3.14,  30.02,   -0.93,    1.54,    0.03,-0.004,-0.014,-1.071, 115.0, -24.0,  92.0
202628987,016,   0.67,   3.13,  30.00,   -0.96,    1.50,    0.00,-0.000,-0.020,-1.083, 115.0, -24.0,  92.0
202628998,016,   0.67,   3.12,  29.97,   -0.96,    1.50,    0.00,-0.000,-0.020,-1.083, 115.0, -24.0,  92.0
202629008,016,   0.67,   3.12,  29.95,   -0.98,    1.51,    0.05,-0.007,-0.015,-1.067, 115.0, -24.0,  92.0
202629021,016,   0.67,   3.11,  29.93,   -0.98,    1.51,    0.05,-0.007,-0.015,-1.067, 115.0, -24.0,  93.0
202629032,016,   0.67,   3.10,  29.90,   -0.93,    1.54,    0.05,-0.013,-0.019,-1.078, 115.0, -24.0,  93.0
202629041,016,   0.67,   3.09,  29.88,   -0.93,    1.54,    0.05,-0.013,-0.019,-1.078, 115.0, -24.0,  93.0
202629055,016,   0.66,   3.08,  29.86,   -0.93,    1.50,    0.00,-0.003,-0.008,-1.082, 115.0, -24.0,  93.0
202629057,016,   0.66,   3.08,  29.83,   -0.93,    1.50,    0.00,-0.003,-0.008,-1.082, 115.0, -24.0,  93.0
202629067,016,   0.66,   3.07,  29.81,   -0.96,    1.50,    0.02,-0.005,-0.026,-1.084, 115.0, -24.0,  93.0
202629077,016,   0.66,   3.06,  29.79,   -0.96,    1.50,    0.02,-0.005,-0.026,-1.084, 115.0, -24.0,  93.0
202629088,016,   0.66,   3.05,  29.76,   -0.96,    1.51,    0.02,-0.012,-0.017,-1.073, 115.0, -24.0,  92.0
202629103,016,   0.66,   3.05,  29.74,   -0.96,    1.51,    0.02,-0.012,-0.017,-1.073, 115.0, -24.0,  92.0
202629110,016,   0.66,   3.04,  29.72,   -0.98,    1.50,    0.08,-0.002,-0.018,-1.077, 115.0, -24.0,  92.0
202629123,016,   0.66,   3.03,  29.69,   -0.98,    1.50,    0.08,-0.002,-0.018,-1.077, 115.0, -24.0,  92.0
202629130,016,   0.66,   3.02,  29.67,   -0.99,    1.44,    0.09,-0.006,-0.021,-1.085, 115.0, -24.0,  92.0
202629147,016,   0.66,   3.02,  29.65,   -0.99,    1.44,    0.09,-0.006,-0.021,-1.085, 115.0, -24.0,  92.0
202629152,016,   0.66,   3.01,  29.62,   -0.96,    1.47,    0.02,-0.012,-0.016,-1.073, 115.0, -24.0,  92.0
202629157,016,   0.66,   3.00,  29.60,   -0.96,    1.47,    0.02,-0.012,-0.016,-1.073, 115.0, -24.0,  92.0
202629168,016,   0.66,   2.99,  29.58,   -0.92,    1.53,    0.06,-0.000,-0.022,-1.090, 115.0, -24.0,  92.0
202629181,016,   0.66,   2.99,  29.55,   -0.92,    1.53,    0.06,-0.000,-0.022,-1.090, 115.0, -24.0,  92.0
202629188,016,   0.66,   2.98,  29.53,   -0.93,    1.51,    0.03, 0.004,-0.016,-1.090, 115.0, -24.0,  92.0
202629202,016,   0.66,   2.97,  29.51,   -0.93,    1.51,    0.03, 0.004,-0.016,-1.090, 115.0, -24.0,  92.0
202629214,016,   0.66,   2.97,  29.48,   -0.98,    1.42,    0.00,-0.003,-0.021,-1.073, 115.0, -24.0,  92.0
202629220,016,   0.66,   2.96,  29.46,   -0.98,    1.42,    0.00,-0.003,-0.021,-1.073, 115.0, -24.0,  92.0
202629237,016,   0.65,   2.95,  29.44,   -0.90,    1.48,    0.05,-0.010,-0.009,-1.082, 115.0, -24.0,  92.0
202629238,016,   0.65,   2.94,  29.42,   -0.90,    1.48,    0.05,-0.010,-0.009,-1.082, 115.0, -24.0,  92.0
202629250,016,   0.65,   2.94,  29.39,   -0.89,    1.47,    0.08,-0.001,-0.011,-1.083, 115.0, -24.0,  92.0
202629261,016,   0.65,   2.93,  29.37,   -0.89,    1.47,    0.08,-0.001,-0.011,-1.083, 115.0, -24.0,  92.0
202629269,016,   0.65,   2.92,  29.35,   -0.96,    1.47,    0.08,-0.001,-0.013,-1.085, 115.0, -24.0,  92.0
202629279,016,   0.65,   2.92,  29.33,   -0.96,    1.47,    0.08,-0.001,-0.013,-1.085, 115.0, -24.0,  92.0
202629297,016,   0.65,   2.91,  29.30,   -0.98,    1.51,    0.02,-0.007,-0.018,-1.085, 114.0, -24.0,  92.0
202629300,016,   0.65,   2.90,  29.28,   -0.98,    1.51,    0.02,-0.007,-0.018,-1.085, 114.0, -24.0,  92.0
202629310,016,   0.65,   2.90,  29.26,   -0.92,    1.54,    0.02,-0.015,-0.017,-1.096, 114.0, -24.0,  92.0
202629326,016,   0.65,   2.89,  29.23,   -0.92,    1.54,    0.02,-0.015,-0.017,-1.096, 114.0, -24.0,  92.0
202629327,016,   0.65,   2.88,  29.21,   -0.87,    1.57,    0.05, 0.003,-0.020,-1.085, 114.0, -24.0,  92.0
202629342,016,   0.65,   2.88,  29.19,   -0.87,    1.57,    0.05, 0.003,-0.020,-1.085, 114.0, -24.0,  92.0
202629347,016,   0.65,   2.87,  29.17,   -0.84,    1.65,    0.05,-0.008,-0.019,-1.085, 115.0, -24.0,  92.0
202629358,016,   0.65,   2.87,  29.14,   -0.84,    1.65,    0.05,-0.008,-0.019,-1.085, 115.0, -24.0,  92.0
202629369,016,   0.65,   2.86,  29.12,   -0.93,    1.57,    0.03,-0.003,-0.018,-1.087, 115.0, -24.0,  92.0
202629378,016,   0.65,   2.86,  29.10,   -0.93,    1.57,    0.03,-0.003,-0.018,-1.087, 115.0, -24.0,  92.0
202629389,016,   0.65,   2.85,  29.08,   -1.01,    1.48,    0.03,-0.012,-0.021,-1.083, 115.0, -24.0,  92.0
202629403,016,   0.65,   2.84,  29.05,   -1.01,    1.48,    0.03,-0.012,-0.021,-1.083, 115.0, -24.0,  92.0
202629415,016,   0.64,   2.83,  29.03,   -1.01,    1.48,    0.03,-0.010,-0.013,-1.088, 115.0, -24.0,  92.0
202629417,016,   0.64,   2.82,  29.01,   -1.01,    1.48,    0.03,-0.010,-0.013,-1.088, 115.0, -24.0,  92.0
202629427,016,   0.64,   2.82,  28.99,   -1.01,    1.50,    0.06,-0.012,-0.011,-1.096, 115.0, -24.0,  92.0
202629437,016,   0.64,   2.81,  28.96,   -1.01,    1.50,    0.06,-0.012,-0.011,-1.096, 115.0, -24.0,  92.0
202629454,016,   0.64,   2.80,  28.94,   -0.99,    1.57,    0.05, 0.002,-0.021,-1.095, 115.0, -24.0,  92.0
202629458,016,   0.64,   2.80,  28.92,   -0.99,    1.57,    0.05, 0.002,-0.021,-1.095, 115.0, -24.0,  92.0
202629469,016,   0.64,   2.80,  28.90,   -0.89,    1.59,    0.02,-0.003,-0.017,-1.067, 115.0, -24.0,  92.0
202629479,016,   0.64,   2.79,  28.87,   -0.89,    1.59,    0.02,-0.003,-0.017,-1.067, 115.0, -24.0,  92.0
202629492,016,   0.64,   2.78,  28.85,   -0.92,    1.50,    0.05,-0.004,-0.027,-1.090, 115.0, -24.0,  92.0
202629507,016,   0.64,   2.78,  28.83,   -0.92,    1.50,    0.05,-0.004,-0.027,-1.090, 115.0, -24.0,  92.0
202629511,016,   0.64,   2.77,  28.81,   -0.93,    1.44,    0.06,-0.008,-0.018,-1.084, 115.0, -24.0,  92.0
202629517,016,   0.64,   2.76,  28.79,   -0.93,    1.44,    0.06,-0.008,-0.018,-1.084, 115.0, -24.0,  92.0
202629530,016,   0.64,   2.75,  28.76,   -0.98,    1.33,   -0.02,-0.009,-0.014,-1.095, 115.0, -24.0,  92.0
202629538,016,   0.64,   2.75,  28.74,   -0.98,    1.33,   -0.02,-0.009,-0.014,-1.095, 115.0, -24.0,  92.0
202629549,016,   0.63,   2.74,  28.72,   -1.18,    1.27,    0.05,-0.012,-0.013,-1.078, 115.0, -24.0,  92.0
202629559,016,   0.63,   2.73,  28.70,   -1.18,    1.27,    0.05,-0.012,-0.013,-1.078, 115.0, -24.0,  92.0
202629570,016,   0.63,   2.72,  28.67,   -1.21,    1.21,    0.02,-0.004,-0.020,-1.078, 115.0, -24.0,  92.0
202629579,016,   0.62,   2.71,  28.65,   -1.21,    1.21,    0.02,-0.004,-0.020,-1.078, 115.0, -24.0,  92.0
202629591,016,   0.62,   2.70,  28.63,   -1.15,    1.11,    0.06,-0.005,-0.016,-1.065, 115.0, -24.0,  92.0
202629606,016,   0.62,   2.69,  28.61,   -1.15,    1.11,    0.06,-0.005,-0.016,-1.065, 115.0, -24.0,  92.0
202629608,016,   0.61,   2.68,  28.59,   -1.31,    1.04,    0.05,-0.013,-0.016,-1.088, 115.0, -24.0,  92.0
202629621,016,   0.61,   2.67,  28.56,   -1.31,    1.04,    0.05,-0.013,-0.016,-1.088, 115.0, -24.0,  92.0
202629628,032,   0.61,   2.66,  28.54,   -1.47,    0.95,    0.12, 0.080,-0.173,-1.508, 115.0, -24.0,  92.0
202629642,032,   0.60,   2.66,  28.52,   -1.47,    0.95,    0.12, 0.080,-0.173,-1.508, 115.0, -24.0,  92.0
202629648,016,   0.60,   2.66,  28.50,   -1.34,    1.11,    0.11, 0.020,-0.012,-1.091, 115.0, -24.0,  92.0
202629660,016,   0.59,   2.65,  28.48,   -1.34,    1.11,    0.11, 0.020,-0.012,-1.091, 115.0, -24.0,  92.0
202629671,000,   0.58,   2.56,  28.46,   -1.62,    0.93,    0.20,-0.001,-0.008,-1.049, 115.0, -24.0,  92.0
202629681,000,   0.57,   2.48,  28.44,   -1.62,    0.93,    0.20,-0.001,-0.008,-1.049, 115.0, -24.0,  92.0
202629697,000,   0.51,   2.39,  28.42,   -1.66,    0.92,    0.15,-0.009, 0.018,-1.039, 115.0, -24.0,  92.0
202629699,000,   0.46,   2.31,  28.40,   -1.66,    0.92,    0.15,-0.009, 0.018,-1.039, 115.0, -24.0,  92.0
202629707,016,   0.46,   2.30,  28.37,   -1.22,    1.11,    0.14,-0.010,-0.010,-1.083, 115.0, -24.0,  92.0
202629719,016,   0.45,   2.29,  28.35,   -1.22,    1.11,    0.14,-0.010,-0.010,-1.083, 115.0, -24.0,  92.0
202629728,016,   0.45,   2.28,  28.33,   -1.39,    1.02,    0.24,-0.004,-0.014,-1.087, 115.0, -24.0,  92.0
202629739,016,   0.44,   2.27,  28.31,   -1.39,    1.02,    0.24,-0.004,-0.014,-1.087, 115.0, -24.0,  92.0
202629749,016,   0.44,   2.27,  28.29,   -1.50,    1.01,    0.26,-0.006,-0.017,-1.097, 115.0, -24.0,  92.0
202629760,016,   0.43,   2.26,  28.28,   -1.50,    1.01,    0.26,-0.006,-0.017,-1.097, 115.0, -24.0,  92.0
202629770,032,   0.43,   2.25,  28.26,   -1.59,    0.93,    0.27, 0.004,-0.034,-1.152, 115.0, -24.0,  92.0
202629786,032,   0.42,   2.25,  28.24,   -1.59,    0.93,    0.27, 0.004,-0.034,-1.152, 115.0, -24.0,  92.0
202629790,016,   0.41,   2.24,  28.22,   -1.56,    1.01,    0.32,-0.002,-0.010,-1.056, 115.0, -24.0,  92.0
202629797,016,   0.40,   2.24,  28.20,   -1.56,    1.01,    0.32,-0.002,-0.010,-1.056, 115.0, -24.0,  92.0
202629811,016,   0.40,   2.23,  28.18,   -1.39,    1.19,    0.34,-0.011,-0.016,-1.071, 115.0, -24.0,  92.0
202629823,016,   0.39,   2.22,  28.16,   -1.39,    1.19,    0.34,-0.011,-0.016,-1.071, 115.0, -24.0,  91.0
202629831,016,   0.40,   2.22,  28.14,   -0.43,    1.73,    0.23, 0.001,-0.017,-1.065, 115.0, -24.0,  91.0
202629840,016,   0.41,   2.22,  28.12,   -0.43,    1.73,    0.23, 0.001,-0.017,-1.065, 115.0, -24.0,  91.0
202629849,016,   0.41,   2.21,  28.10,   -0.81,    1.57,    0.26,-0.008,-0.023,-1.088, 115.0, -24.0,  91.0
202629860,016,   0.41,   2.21,  28.08,   -0.81,    1.57,    0.26,-0.008,-0.023,-1.088, 115.0, -24.0,  91.0
202629878,016,   0.42,   2.21,  28.06,   -0.08,    2.00,    0.21,-0.002,-0.006,-1.097, 115.0, -24.0,  91.0
202629880,016,   0.42,   2.21,  28.04,   -0.08,    2.00,    0.21,-0.002,-0.006,-1.097, 115.0, -24.0,  91.0
202629887,016,   0.43,   2.21,  28.02,   -0.67,    1.66,    0.11,-0.006,-0.012,-1.075, 115.0, -24.0,  91.0
202629898,016,   0.43,   2.21,  28.00,   -0.67,    1.66,    0.11,-0.006,-0.012,-1.075, 115.0, -24.0,  91.0
202629908,016,   0.43,   2.21,  27.98,   -1.18,    1.30,   -0.02, 0.001,-0.025,-1.097, 115.0, -24.0,  91.0
202629919,016,   0.43,   2.20,  27.96,   -1.18,    1.30,   -0.02, 0.001,-0.025,-1.097, 115.0, -24.0,  91.0
202629932,016,   0.42,   2.20,  27.94,   -1.05,    1.34,    0.11,-0.006,-0.003,-1.056, 115.0, -24.0,  91.0
202629940,016,   0.42,   2.19,  27.92,   -1.05,    1.34,    0.11,-0.006,-0.003,-1.056, 115.0, -24.0,  91.0
202629952,016,   0.42,   2.19,  27.90,   -0.76,    1.45,    0.23,-0.001,-0.022,-1.085, 115.0, -24.0,  92.0
202629966,016,   0.42,   2.18,  27.88,   -0.76,    1.45,    0.23,-0.001,-0.022,-1.085, 115.0, -24.0,  92.0
202629968,016,   0.42,   2.18,  27.86,   -0.95,    1.28,    0.31,-0.006,-0.019,-1.091, 115.0, -24.0,  92.0
202629980,016,   0.42,   2.17,  27.84,   -0.95,    1.28,    0.31,-0.006,-0.019,-1.091, 115.0, -24.0,  92.0
202629990,016,   0.43,   2.17,  27.82,   -0.34,    1.59,    0.06, 0.002,-0.020,-1.091, 115.0, -24.0,  92.0
202629998,016,   0.44,   2.17,  27.80,   -0.34,    1.59,    0.06, 0.002,-0.020,-1.091, 115.0, -24.0,  92.0
202630009,016,   0.44,   2.16,  27.78,   -0.87,    1.01,   -0.15,-0.004,-0.013,-1.091, 115.0, -24.0,  92.0
202630019,016,   0.44,   2.15,  27.75,   -0.87,    1.01,   -0.15,-0.004,-0.013,-1.091, 115.0, -24.0,  92.0
202630029,032,   0.40,   2.12,  27.72,   -4.84,   -1.95,   -1.36, 0.017,-0.003,-1.100, 115.0, -24.0,  92.0
202630040,032,   0.36,   2.09,  27.68,   -4.84,   -1.95,   -1.36, 0.017,-0.003,-1.100, 115.0, -24.0,  92.0
202630058,032,   0.24,   1.98,  27.48,  -11.36,   -9.79,  -18.09, 0.031,-0.008,-1.134, 115.0, -24.0,  92.0
202630060,032,   0.13,   1.87,  27.28,  -11.36,   -9.79,  -18.09, 0.031,-0.008,-1.134, 115.0, -24.0,  92.0
202630067,032,   0.47,   1.48,  27.47,   32.64,  -37.74,   21.80,-0.115, 0.065,-1.115, 115.0, -24.0,  92.0
202630078,032,   0.81,   1.09,  27.66,   32.64,  -37.74,   21.80,-0.115, 0.065,-1.115, 117.0, -18.0,  90.0
202630087,032,   2.29,   0.85,  27.92,  147.60,  -21.53,   28.61,-0.284, 0.530,-1.174, 117.0, -18.0,  90.0
202630101,032,   3.77,   0.60,  28.17,  147.60,  -21.53,   28.61,-0.284, 0.530,-1.174, 117.0, -18.0,  90.0
202630109,032,   4.73,   0.45,  28.34,   95.85,  -12.93,   20.34,-0.105, 0.230,-1.172, 117.0, -18.0,  90.0
202630121,032,   5.70,   0.29,  28.51,   95.85,  -12.93,   20.34,-0.105, 0.230,-1.172, 117.0, -18.0,  90.0
202630130,032,   6.07,   0.14,  28.63,   37.01,  -12.02,   15.83,-0.128, 0.134,-1.655, 117.0, -18.0,  90.0
202630140,032,   6.45,  -0.01,  28.75,   37.01,  -12.02,   15.83,-0.128, 0.134,-1.655, 117.0, -18.0,  90.0
202630155,032,   6.58,   0.39,  28.93,   12.81,   43.28,   15.01,-0.238, 0.331,-1.428, 115.0, -14.0,  93.0
202630157,032,   6.71,   0.79,  29.10,   12.81,   43.28,   15.01,-0.238, 0.331,-1.428, 115.0, -14.0,  93.0
202630168,032,   6.66,   1.46,  29.27,   -5.25,   70.31,   11.33,-0.097, 0.279,-1.512, 115.0, -14.0,  93.0
202630178,032,   7.17,   2.21,  29.55,   49.91,   78.82,   20.56,-0.025, 0.240,-1.834, 115.0, -14.0,  93.0
202630188,032,   7.69,   2.95,  29.83,   49.91,   78.82,   20.56,-0.025, 0.240,-1.834, 115.0, -14.0,  93.0
202630199,032,   8.50,   3.84,  30.36,   77.21,   96.90,   42.26,-0.060, 0.140,-1.543, 115.0, -14.0,  93.0
202630211,032,   9.32,   4.72,  30.91,   77.21,   96.90,   42.26,-0.060, 0.140,-1.543,  98.0, -13.0, 100.0
202630220,032,   9.78,   5.71,  31.66,   38.93,  112.23,   59.54,-0.064, 0.135,-1.536,  98.0, -13.0, 100.0
202630230,032,  10.26,   6.70,  32.42,   38.93,  112.23,   59.54,-0.064, 0.135,-1.536,  98.0, -13.0, 100.0
202630247,032,  10.26,   7.77,  33.31,  -10.44,  122.75,   70.18,-0.149, 1.148,-1.534,  98.0, -13.0, 100.0
202630252,032,  10.28,   8.84,  34.21,  -10.44,  122.75,   70.18,-0.149, 1.148,-1.534,  98.0, -13.0, 100.0
202630258,032,  10.19,   9.89,  35.33,  -27.36,  124.87,   92.93,-0.316, 0.685,-1.353,  98.0, -13.0, 100.0
202630268,032,  10.12,  10.94,  36.46,  -27.36,  124.87,   92.93,-0.316, 0.685,-1.353,  98.0, -13.0, 100.0
202630278,032,  10.55,  12.08,  37.91,   13.54,  139.57,  121.65,-0.271, 0.140,-1.353,  77.0, -25.0, 106.0
202630292,032,  11.02,  13.20,  39.38,   13.54,  139.57,  121.65,-0.271, 0.140,-1.353,  77.0, -25.0, 106.0
202630299,032,  12.09,  14.45,  41.16,   64.09,  159.48,  145.82,-0.292,-0.118,-1.217,  77.0, -25.0, 106.0
202630312,032,  13.21,  15.67,  42.97,   64.09,  159.48,  145.82,-0.292,-0.118,-1.217,  77.0, -25.0, 106.0
202630322,032,  14.60,  17.02,  44.94,   81.10,  178.90,  152.98,-0.305,-0.403,-1.156,  77.0, -25.0, 106.0
202630337,032,  16.03,  18.32,  46.95,   81.10,  178.90,  152.98,-0.305,-0.403,-1.156,  77.0, -25.0, 106.0
202630340,032,  17.14,  19.62,  49.05,   40.66,  183.77,  154.52,-0.498,-0.523,-0.467,  77.0, -25.0, 106.0
202630357,032,  18.31,  20.87,  51.19,   40.66,  183.77,  154.52,-0.498,-0.523,-0.467,  46.0, -25.0, 112.0
202630362,032,  19.13,  21.98,  53.55,   -6.53,  177.21,  173.39,-0.209,-0.462,-0.764,  46.0, -25.0, 112.0
202630373,032,  19.99,  23.05,  55.93,   -6.53,  177.21,  173.39,-0.209,-0.462,-0.764,  46.0, -25.0, 112.0
202630379,032,  20.97,  24.02,  58.25,    3.57,  168.95,  166.99,-0.316,-0.287,-0.678,  46.0, -25.0, 112.0
202630390,032,  22.00,  24.96,  60.61,    3.57,  168.95,  166.99,-0.316,-0.287,-0.678,  46.0, -25.0, 112.0
202630403,032,  22.54,  25.67,  63.01,  -50.60,  151.45,  175.95,-0.341,-0.094,-0.773,  46.0, -25.0, 112.0
202630410,032,  23.11,  26.36,  65.45,  -50.60,  151.45,  175.95,-0.341,-0.094,-0.773,  13.0, -31.0, 114.0
202630426,032,  23.73,  26.90,  68.12,  -59.21,  147.30,  198.85,-0.346,-0.183,-0.665,  13.0, -31.0, 114.0
202630431,032,  24.37,  27.41,  70.81,  -59.21,  147.30,  198.85,-0.346,-0.183,-0.665,  13.0, -31.0, 114.0
202630437,032,  25.96,  27.80,  73.88,   14.08,  153.40,  230.55,-0.278,-0.424,-0.455,  13.0, -31.0, 114.0
202630447,032,  27.57,  28.10,  76.96,   14.08,  153.40,  230.55,-0.278,-0.424,-0.455,  13.0, -31.0, 114.0
202630459,032,  29.61,  28.29,  80.21,   48.23,  156.67,  243.28,-0.303,-0.448,-0.190,  13.0, -31.0, 114.0
202630470,032,  31.66,  28.38,  83.47,   48.23,  156.67,  243.28,-0.303,-0.448,-0.190,  13.0, -31.0, 114.0
202630479,032,  33.40,  28.29,  86.69,   18.69,  147.31,  243.79,-0.211,-0.559,-0.091, -21.0, -17.0, 111.0
202630493,032,  35.13,  28.12,  89.90,   18.69,  147.31,  243.79,-0.211,-0.559,-0.091, -21.0, -17.0, 111.0
202630500,032,  36.59,  27.68,  93.01,   -2.82,  128.06,  249.92,-0.048,-0.661,-0.299, -21.0, -17.0, 111.0
202630516,032,  38.01,  27.17,  96.10,   -2.82,  128.06,  249.92,-0.048,-0.661,-0.299, -21.0, -17.0, 111.0
202630518,032,  40.34,  26.20,  98.69,  113.68,   73.54,  241.97, 0.100,-0.900,-0.189, -21.0, -17.0, 111.0
202630530,032,  42.59,  25.14, 101.22,  113.68,   73.54,  241.97, 0.100,-0.900,-0.189, -21.0, -17.0, 111.0
202630540,032,  43.73,  23.99, 103.38,   21.31,   53.15,  222.89,-0.032,-0.596,-0.163, -21.0, -17.0, 111.0
202630550,032,  44.81,  22.80, 105.50,   21.31,   53.15,  222.89,-0.032,-0.596,-0.163, -40.0,   5.0, 107.0
202630558,032,  44.25,  21.96, 107.47, -132.55,   70.12,  189.77,-0.089,-0.549,-0.119, -40.0,   5.0, 107.0
202630572,032,  43.67,  21.13, 109.45, -132.55,   70.12,  189.77,-0.089,-0.549,-0.119, -40.0,   5.0, 107.0
202630579,032,  43.68,  19.91, 111.60,  -76.93,   53.31,  230.98, 0.056,-1.507,-0.462, -40.0,   5.0, 107.0
202630592,032,  43.64,  18.69, 113.73,  -76.93,   53.31,  230.98, 0.056,-1.507,-0.462, -40.0,   5.0, 107.0
202630606,032,  43.66,  17.60, 115.43,  -52.75,   34.98,  193.13, 0.052,-0.884,-0.631, -40.0,   5.0, 107.0
202630608,032,  43.64,  16.51, 117.13,  -52.75,   34.98,  193.13, 0.052,-0.884,-0.631, -48.0,  10.0, 105.0
202630618,032,  42.55,  15.52, 118.34, -142.69,    9.76,  153.63,-0.006,-0.559,-1.092, -48.0,  10.0, 105.0
202630627,032,  41.45,  14.56, 119.57, -142.69,    9.76,  153.63,-0.006,-0.559,-1.092, -48.0,  10.0, 105.0
202630637,032,  39.87,  13.35, 120.88, -190.23,   -6.66,  176.72, 0.078,-0.939,-1.179, -48.0,  10.0, 105.0
202630651,032,  38.28,  12.17, 122.22, -190.23,   -6.66,  176.72, 0.078,-0.939,-1.179, -48.0,  10.0, 105.0
202630660,032,  37.96,  11.16, 123.57,  -59.42,    3.39,  167.51, 0.048,-0.600,-0.962, -48.0,  10.0, 105.0
202630670,032,  37.63,  10.15, 124.92,  -59.42,    3.39,  167.51, 0.048,-0.600,-0.962, -48.0,  10.0, 105.0
202630683,032,  38.59,   9.06, 126.02,   77.10,  -16.81,  153.92, 0.044,-1.049,-1.331, -47.0,  18.0, 105.0
202630690,032,  39.53,   7.95, 127.11,   77.10,  -16.81,  153.92, 0.044,-1.049,-1.331, -47.0,  18.0, 105.0
202630692,032,  40.14,   6.85, 128.22,   46.06,  -12.40,  155.69,-0.033,-0.928,-0.856, -47.0,  18.0, 105.0
202630707,032,  40.74,   5.74, 129.31,   46.06,  -12.40,  155.69,-0.033,-0.928,-0.856, -47.0,  18.0, 105.0
202630718,032,  40.62,   4.45, 130.50,  -22.41,  -18.35,  174.58, 0.091,-1.049,-1.345, -47.0,  18.0, 105.0
202630731,032,  40.49,   3.18, 131.69,  -22.41,  -18.35,  174.58, 0.091,-1.049,-1.345, -47.0,  18.0, 105.0
202630739,032,  39.66,   2.12, 132.95,  -88.99,    1.86,  165.18,-0.027,-0.705,-1.036, -47.0,  18.0, 105.0
202630748,032,  38.81,   1.08, 134.23,  -88.99,    1.86,  165.18,-0.027,-0.705,-1.036, -43.0,  30.0, 105.0
202630759,032,  38.41,  -0.06, 135.67,  -42.20,    1.56,  184.34,-0.184,-0.967,-1.082, -43.0,  30.0, 105.0
202630770,032,  37.98,  -1.20, 137.11,  -42.20,    1.56,  184.34,-0.184,-0.967,-1.082, -43.0,  30.0, 105.0
202630786,032,  37.75,  -2.57, 138.82,  -19.86,   -2.34,  219.66,-0.149,-1.705,-0.598, -43.0,  30.0, 105.0
202630788,032,  37.47,  -3.94, 140.54,  -19.86,   -2.34,  219.66,-0.149,-1.705,-0.598, -43.0,  30.0, 105.0
202630798,032,  37.28,  -4.87, 141.92,  -11.01,   10.66,  166.32,-0.037,-2.097,-0.659, -43.0,  30.0, 105.0
202630808,032,  37.06,  -5.79, 143.31,  -11.01,   10.66,  166.32,-0.037,-2.097,-0.659, -37.0,  43.0, 105.0
202630820,032,  36.66,  -6.17, 144.04,  -34.29,   14.11,   81.39, 0.006,-1.513,-0.784, -37.0,  43.0, 105.0
202630829,032,  36.25,  -6.54, 144.78,  -34.29,   14.11,   81.39, 0.006,-1.513,-0.784, -37.0,  43.0, 105.0
202630841,032,  35.47,  -6.65, 145.08,  -75.71,    9.19,   31.63, 0.038,-1.231,-0.850, -37.0,  43.0, 105.0
202630852,032,  34.70,  -6.76, 145.39,  -75.71,    9.19,   31.63, 0.038,-1.231,-0.850, -37.0,  43.0, 105.0
202630860,032,  34.25,  -6.82, 145.52,  -44.05,    3.02,   14.12, 0.032,-0.886,-0.817, -37.0,  43.0, 105.0
202630875,032,  33.81,  -6.88, 145.66,  -44.05,    3.02,   14.12, 0.032,-0.886,-0.817, -37.0,  43.0, 105.0
202630877,032,  33.90,  -7.05, 145.71,    9.11,  -10.43,   14.26, 0.047,-0.731,-1.069, -36.0,  39.0, 107.0
202630890,032,  34.00,  -7.22, 145.77,    9.11,  -10.43,   14.26, 0.047,-0.731,-1.069, -36.0,  39.0, 107.0
202630898,032,  34.38,  -7.36, 145.72,   37.27,  -13.47,    4.43, 0.024,-0.578,-1.031, -36.0,  39.0, 107.0
202630908,032,  34.77,  -7.50, 145.68,   37.27,  -13.47,    4.43, 0.024,-0.578,-1.031, -36.0,  39.0, 107.0
202630920,032,  34.71,  -7.64, 145.71,   -6.08,   -9.54,   11.18, 0.017,-0.477,-1.000, -36.0,  39.0, 107.0
202630931,032,  34.65,  -7.79, 145.74,   -6.08,   -9.54,   11.18, 0.017,-0.477,-1.000, -36.0,  39.0, 107.0
202630940,032,  34.70,  -7.90, 145.85,    6.03,   -2.46,   15.86,-0.023,-0.636,-0.918, -35.0,  43.0, 106.0
202630950,032,  34.76,  -8.01, 145.97,    6.03,   -2.46,   15.86,-0.023,-0.636,-0.918, -35.0,  43.0, 106.0
202630961,032,  35.42,  -8.16, 146.15,   68.31,   -1.18,   22.90,-0.131,-0.678,-0.874, -35.0,  43.0, 106.0
202630964,032,  36.09,  -8.31, 146.32,   68.31,   -1.18,   22.90,-0.131,-0.678,-0.874, -35.0,  43.0, 106.0
202630981,032,  37.08,  -8.36, 146.51,   99.92,    7.56,   18.52,-0.119,-0.863,-0.683, -35.0,  43.0, 106.0
202630988,032,  38.06,  -8.42, 146.70,   99.92,    7.56,   18.52,-0.119,-0.863,-0.683, -35.0,  43.0, 106.0
202630999,032,  38.53,  -8.36, 146.72,   45.65,    6.69,   -1.63,-0.140,-0.801,-0.814, -35.0,  43.0, 106.0
202631010,032,  38.99,  -8.31, 146.74,   45.65,    6.69,   -1.63,-0.140,-0.801,-0.814, -34.0,  53.0, 103.0
202631020,016,  39.03,  -8.33, 146.70,    2.56,   -3.39,   -2.11,-0.156,-0.563,-0.690, -34.0,  53.0, 103.0
202631030,016,  39.07,  -8.36, 146.66,    2.56,   -3.39,   -2.11,-0.156,-0.563,-0.690, -34.0,  53.0, 103.0
202631044,016,  38.95,  -8.45, 146.59,  -11.11,  -11.27,    0.63,-0.155,-0.514,-0.851, -34.0,  53.0, 103.0
202631056,016,  38.83,  -8.55, 146.53,  -11.11,  -11.27,    0.63,-0.155,-0.514,-0.851, -34.0,  53.0, 103.0
202631058,032,  38.60,  -8.74, 146.49,  -24.29,  -16.79,    8.31,-0.179,-0.546,-0.992, -34.0,  53.0, 103.0
202631068,032,  38.37,  -8.93, 146.45,  -24.29,  -16.79,    8.31,-0.179,-0.546,-0.992, -34.0,  53.0, 103.0
202631078,032,  38.38,  -9.15, 146.49,    1.57,  -14.34,   16.93,-0.153,-0.605,-0.925, -32.0,  53.0, 104.0
202631089,032,  38.40,  -9.38, 146.53,    1.57,  -14.34,   16.93,-0.153,-0.605,-0.925, -32.0,  53.0, 104.0
202631100,016,  38.55,  -9.58, 146.59,   16.34,  -11.71,   17.57,-0.167,-0.568,-0.775, -32.0,  53.0, 104.0
202631110,016,  38.71,  -9.79, 146.66,   16.34,  -11.71,   17.57,-0.167,-0.568,-0.775, -32.0,  53.0, 104.0
202631119,016,  38.46,  -9.94, 146.73,  -22.76,   -6.72,   14.60,-0.184,-0.574,-0.845, -32.0,  53.0, 104.0
202631130,016,  38.21, -10.09, 146.80,  -22.76,   -6.72,   14.60,-0.184,-0.574,-0.845, -32.0,  53.0, 104.0
202631145,016,  38.00, -10.29, 146.92,  -19.25,   -8.34,   20.72,-0.180,-0.527,-0.756, -29.0,  52.0, 105.0
202631152,016,  37.78, -10.49, 147.03,  -19.25,   -8.34,   20.72,-0.180,-0.527,-0.756, -29.0,  52.0, 105.0
202631160,032,  37.94, -10.80, 147.14,   16.63,  -16.95,   27.16,-0.162,-0.690,-0.845, -29.0,  52.0, 105.0
202631168,032,  38.09, -11.10, 147.24,   16.63,  -16.95,   27.16,-0.162,-0.690,-0.845, -29.0,  52.0, 105.0
202631179,032,  38.26, -11.36, 147.33,   17.25,  -13.85,   22.49,-0.170,-0.726,-0.904, -29.0,  52.0, 105.0
202631189,032,  38.42, -11.61, 147.42,   17.25,  -13.85,   22.49,-0.170,-0.726,-0.904, -29.0,  52.0, 105.0
202631199,032,  38.35, -11.76, 147.45,   -8.00,   -9.16,   11.86,-0.167,-0.798,-0.839, -29.0,  52.0, 105.0
202631210,032,  38.27, -11.91, 147.49,   -8.00,   -9.16,   11.86,-0.167,-0.798,-0.839, -25.0,  55.0, 105.0
202631220,032,  38.16, -12.01, 147.53,  -11.44,   -5.01,   10.20,-0.153,-0.681,-0.899, -25.0,  55.0, 105.0
202631230,032,  38.04, -12.12, 147.58,  -11.44,   -5.01,   10.20,-0.153,-0.681,-0.899, -25.0,  55.0, 105.0
202631232,032,  38.30, -12.22, 147.65,   26.38,   -2.85,   11.56,-0.177,-0.767,-0.944, -25.0,  55.0, 105.0
202631248,032,  38.56, -12.32, 147.72,   26.38,   -2.85,   11.56,-0.177,-0.767,-0.944, -25.0,  55.0, 105.0
202631257,032,  38.83, -12.50, 147.85,   28.78,   -6.29,   20.64,-0.195,-0.715,-0.899, -25.0,  55.0, 105.0
202631270,032,  39.10, -12.68, 147.96,   28.78,   -6.29,   20.64,-0.195,-0.715,-0.899, -25.0,  55.0, 105.0
202631278,032,  39.30, -12.79, 148.12,   21.69,    1.36,   18.87,-0.131,-0.818,-0.861, -24.0,  60.0, 104.0
202631289,032,  39.49, -12.90, 148.28,   21.69,    1.36,   18.87,-0.131,-0.818,-0.861, -24.0,  60.0, 104.0
202631299,032,  39.73, -12.88, 148.37,   24.81,    7.66,    5.10,-0.167,-0.734,-0.832, -24.0,  60.0, 104.0
202631311,032,  39.97, -12.86, 148.46,   24.81,    7.66,    5.10,-0.167,-0.734,-0.832, -24.0,  60.0, 104.0
202631326,032,  40.33, -12.78, 148.52,   36.78,    9.95,   -0.38,-0.168,-0.731,-0.845, -24.0,  60.0, 104.0
202631330,032,  40.70, -12.71, 148.58,   36.78,    9.95,   -0.38,-0.168,-0.731,-0.845, -24.0,  60.0, 104.0
202631340,032,  40.91, -12.68, 148.65,   21.86,    6.98,    3.31,-0.208,-0.828,-0.860, -25.0,  65.0, 102.0
202631348,032,  41.13, -12.65, 148.72,   21.86,    6.98,    3.31,-0.208,-0.828,-0.860, -25.0,  65.0, 102.0
202631358,032,  41.30, -12.60, 148.84,   18.70,   11.73,    5.33,-0.176,-0.880,-0.811, -25.0,  65.0, 102.0
202631370,032,  41.48, -12.55, 148.96,   18.70,   11.73,    5.33,-0.176,-0.880,-0.811, -25.0,  65.0, 102.0
202631379,032,  41.53, -12.42, 149.07,    7.04,   17.62,   -1.53,-0.146,-0.715,-0.845, -25.0,  65.0, 102.0
202631390,032,  41.59, -12.28, 149.17,    7.04,   17.62,   -1.53,-0.146,-0.715,-0.845, -25.0,  65.0, 102.0
202631401,016,  41.48, -12.14, 149.26,   -8.38,   14.61,   -2.63,-0.141,-0.608,-0.797, -25.0,  65.0, 102.0
202631415,016,  41.38, -12.00, 149.34,   -8.38,   14.61,   -2.63,-0.141,-0.608,-0.797, -27.0,  64.0, 101.0
202631418,016,  41.22, -11.93, 149.41,  -13.04,    9.60,    0.53,-0.151,-0.545,-0.794, -27.0,  64.0, 101.0
202631430,016,  41.06, -11.85, 149.48,  -13.04,    9.60,    0.53,-0.151,-0.545,-0.794, -27.0,  64.0, 101.0
202631438,016,  40.95, -11.86, 149.61,   -7.44,    7.71,    9.97,-0.186,-0.656,-0.854, -27.0,  64.0, 101.0
202631448,016,  40.85, -11.86, 149.75,   -7.44,    7.71,    9.97,-0.186,-0.656,-0.854, -27.0,  64.0, 101.0
202631459,016,  40.72, -11.88, 149.93,  -11.37,   10.44,   15.36,-0.203,-0.742,-0.773, -27.0,  64.0, 101.0
202631470,016,  40.59, -11.90, 150.12,  -11.37,   10.44,   15.36,-0.203,-0.742,-0.773, -27.0,  63.0, 102.0
202631481,016,  40.40, -11.92, 150.24,  -17.37,    6.92,   10.76,-0.200,-0.687,-0.815, -27.0,  63.0, 102.0
202631490,016,  40.21, -11.94, 150.37,  -17.37,    6.92,   10.76,-0.200,-0.687,-0.815, -27.0,  63.0, 102.0
202631500,032,  40.10, -11.97, 150.45,  -10.32,    2.49,    7.48,-0.155,-0.686,-0.868, -27.0,  63.0, 102.0
202631503,032,  39.99, -12.00, 150.52,  -10.32,    2.49,    7.48,-0.155,-0.686,-0.868, -27.0,  63.0, 102.0
202631517,032,  39.96, -12.02, 150.59,   -1.83,    3.63,    6.58,-0.163,-0.658,-0.875, -27.0,  63.0, 102.0
202631528,032,  39.94, -12.04, 150.67,   -1.83,    3.63,    6.58,-0.163,-0.658,-0.875, -27.0,  63.0, 102.0
202631542,032,  39.92, -12.07, 150.79,   -0.14,    5.54,   10.76,-0.184,-0.703,-0.837, -27.0,  64.0, 102.0
202631549,032,  39.91, -12.10, 150.91,   -0.14,    5.54,   10.76,-0.184,-0.703,-0.837, -27.0,  64.0, 102.0
202631560,032,  39.79, -12.12, 151.05,   -9.54,    7.83,   11.31,-0.179,-0.748,-0.808, -27.0,  64.0, 102.0
202631572,032,  39.68, -12.13, 151.19,   -9.54,    7.83,   11.31,-0.179,-0.748,-0.808, -27.0,  64.0, 102.0
202631580,016,  39.54, -12.13, 151.30,  -13.11,    6.17,    8.41,-0.159,-0.679,-0.805, -27.0,  64.0, 102.0
202631596,016,  39.40, -12.13, 151.40,  -13.11,    6.17,    8.41,-0.159,-0.679,-0.805, -27.0,  64.0, 102.0
202631598,032,  39.29, -12.15, 151.49,  -10.38,    3.66,    7.94,-0.124,-0.670,-0.871, -27.0,  64.0, 102.0
202631608,032,  39.18, -12.18, 151.58,  -10.38,    3.66,    7.94,-0.124,-0.670,-0.871, -27.0,  63.0, 102.0
202631619,032,  39.14, -12.19, 151.72,   -1.27,    8.03,   11.08,-0.120,-0.688,-0.901, -27.0,  63.0, 102.0
202631628,032,  39.11, -12.20, 151.86,   -1.27,    8.03,   11.08,-0.120,-0.688,-0.901, -27.0,  63.0, 102.0
202631638,032,  39.14, -12.20, 152.05,    6.20,   11.69,   14.40,-0.119,-0.704,-0.847, -27.0,  63.0, 102.0
202631649,032,  39.18, -12.21, 152.24,    6.20,   11.69,   14.40,-0.119,-0.704,-0.847, -27.0,  63.0, 102.0
202631660,032,  39.09, -12.20, 152.43,   -5.95,   12.06,   14.26,-0.104,-0.716,-0.973, -27.0,  63.0, 102.0
202631670,032,  39.00, -12.20, 152.62,   -5.95,   12.06,   14.26,-0.104,-0.716,-0.973, -28.0,  64.0, 102.0
202631686,016,  38.85, -12.13, 152.88,  -12.64,   20.50,   16.24,-0.131,-0.741,-0.773, -28.0,  64.0, 102.0
202631688,016,  38.70, -12.06, 153.14,  -12.64,   20.50,   16.24,-0.131,-0.741,-0.773, -28.0,  64.0, 102.0
202631701,032,  38.63, -12.06, 153.41,   -2.44,   17.34,   20.99,-0.109,-0.864,-0.870, -28.0,  64.0, 102.0
202631709,032,  38.56, -12.05, 153.69,   -2.44,   17.34,   20.99,-0.109,-0.864,-0.870, -28.0,  64.0, 102.0
202631719,032,  38.50, -12.09, 153.97,   -1.56,   14.67,   23.10,-0.146,-1.112,-0.924, -28.0,  64.0, 102.0
202631733,032,  38.44, -12.12, 154.25,   -1.56,   14.67,   23.10,-0.146,-1.112,-0.924, -28.0,  64.0, 102.0
202631739,032,  38.46, -12.07, 154.49,    5.10,   18.92,   15.68,-0.194,-1.206,-0.950, -29.0,  65.0, 101.0
202631749,032,  38.47, -12.02, 154.74,    5.10,   18.92,   15.68,-0.194,-1.206,-0.950, -29.0,  65.0, 101.0
202631760,032,  38.52, -11.84, 154.95,    7.59,   27.62,    4.64,-0.170,-1.455,-0.874, -29.0,  65.0, 101.0
202631770,032,  38.57, -11.65, 155.17,    7.59,   27.62,    4.64,-0.170,-1.455,-0.874, -29.0,  65.0, 101.0
202631773,032,  38.67, -11.30, 155.32,   10.23,   37.60,  -10.63,-0.119,-1.688,-0.851, -29.0,  65.0, 101.0
202631791,032,  38.76, -10.94, 155.47,   10.23,   37.60,  -10.63,-0.119,-1.688,-0.851, -29.0,  65.0, 101.0
202631798,032,  38.87, -10.47, 155.49,    8.93,   38.18,  -28.06,-0.119,-2.165,-0.486, -29.0,  65.0, 101.0
202631811,032,  38.98, -10.00, 155.51,    8.93,   38.18,  -28.06,-0.119,-2.165,-0.486, -37.0,  64.0,  98.0
202631819,032,  39.08,  -9.30, 155.28,    3.74,   40.26,  -62.11,-0.149,-2.501,-0.169, -37.0,  64.0,  98.0
202631829,032,  39.18,  -8.60, 155.05,    3.74,   40.26,  -62.11,-0.149,-2.501,-0.169, -37.0,  64.0,  98.0
202631839,032,  38.83,  -7.73, 154.42,  -46.67,   28.78, -103.62,-0.221,-2.430,-0.051, -37.0,  64.0,  98.0
202631850,032,  38.48,  -6.86, 153.79,  -46.67,   28.78, -103.62,-0.221,-2.430,-0.051, -37.0,  64.0,  98.0
202631867,032,  38.20,  -5.99, 152.91,  -40.29,   13.68, -123.62,-0.409,-2.826, 0.341, -37.0,  64.0,  98.0
202631870,032,  37.92,  -5.13, 152.01,  -40.29,   13.68, -123.62,-0.409,-2.826, 0.341, -46.0,  47.0, 100.0
202631877,032,  38.40,  -4.40, 150.66,   34.43,  -24.96, -151.01,-0.933,-3.363, 0.463, -46.0,  47.0, 100.0
202631888,032,  38.87,  -3.67, 149.31,   34.43,  -24.96, -151.01,-0.933,-3.363, 0.463, -46.0,  47.0, 100.0
202631898,032,  39.05,  -2.92, 147.37,    4.60,  -62.87, -198.20,-1.646,-4.243, 0.882, -46.0,  47.0, 100.0
202631909,032,  39.21,  -2.17, 145.43,    4.60,  -62.87, -198.20,-1.646,-4.243, 0.882, -46.0,  47.0, 100.0
202631923,032,  37.11,  -1.53, 142.63, -221.47, -121.22, -261.36,-2.744,-4.133,-0.164, -46.0,  47.0, 100.0
202631932,032,  34.98,  -0.99, 139.81, -221.47, -121.22, -261.36,-2.744,-4.133,-0.164, -46.0,  47.0, 100.0
202631940,032,  32.50,  -0.63, 136.14, -255.19, -170.24, -323.62,-3.429,-4.120,-1.457, -29.0, -11.0, 109.0
202631955,032,  30.00,  -0.43, 132.46, -255.19, -170.24, -323.62,-3.429,-4.120,-1.457, -29.0, -11.0, 109.0
202631957,032,  30.10,   0.84, 127.67,   10.32, -127.24, -476.98,-4.271,-3.447,-0.943, -29.0, -11.0, 109.0
202631967,032,  30.10,   2.10, 122.89,   10.32, -127.24, -476.98,-4.271,-3.447,-0.943, -29.0, -11.0, 109.0
202631981,032,  30.09,   3.48, 117.90,   21.51, -126.79, -500.27,-5.097,-1.967,-0.269, -29.0, -11.0, 109.0
202631988,032,  29.95,   4.86, 112.92,   21.51, -126.79, -500.27,-5.097,-1.967,-0.269, -29.0, -11.0, 109.0
202631999,032,  28.12,   5.77, 107.69, -134.60, -169.36, -500.27,-5.958,-0.577,-2.740, -29.0, -11.0, 109.0
202632010,032,  26.22,   6.52, 102.39, -134.60, -169.36, -500.27,-5.958,-0.577,-2.740,  34.0, -55.0, 104.0
202632020,032,  24.55,   7.83,  97.42, -103.98,  -89.16, -500.27,-5.269, 2.542,-1.633,  34.0, -55.0, 104.0
202632030,032,  22.77,   8.99,  92.39, -103.98,  -89.16, -500.27,-5.269, 2.542,-1.633,  34.0, -55.0, 104.0
202632040,032,  21.22,  11.01,  87.71,  -73.74,   17.74, -500.27,-3.683, 3.759,-1.238,  34.0, -55.0, 104.0
202632042,032,  19.49,  12.89,  82.95,  -73.74,   17.74, -500.27,-3.683, 3.759,-1.238,  34.0, -55.0, 104.0
202632058,032,  16.65,  14.38,  78.06, -167.97,   -2.98, -496.76,-2.617, 2.816,-0.954,  34.0, -55.0, 104.0
202632068,032,  13.66,  15.62,  73.04, -167.97,   -2.98, -496.76,-2.617, 2.816,-0.954,  80.0, -51.0,  98.0
202632078,032,  12.27,  16.43,  69.34,  -36.81,    2.46, -361.27,-1.846, 2.119,-0.883,  80.0, -51.0,  98.0
202632091,032,  10.82,  17.15,  65.61,  -36.81,    2.46, -361.27,-1.846, 2.119,-0.883,  80.0, -51.0,  98.0
202632099,032,  10.71,  17.82,  62.79,   73.95,   18.63, -273.65,-1.384, 1.432,-1.333,  80.0, -51.0,  98.0
202632110,032,  10.57,  18.48,  59.96,   73.95,   18.63, -273.65,-1.384, 1.432,-1.333,  80.0, -51.0,  98.0
202632121,032,  11.10,  19.79,  57.78,  124.53,   92.81, -224.03,-1.026, 1.097,-0.598,  80.0, -51.0,  98.0
202632136,032,  11.58,  21.11,  55.60,  124.53,   92.81, -224.03,-1.026, 1.097,-0.598,  80.0, -51.0,  98.0
202632140,032,  11.34,  22.91,  53.64,   49.57,  142.23, -210.34,-0.593, 1.157, 0.273,  76.0, -24.0, 108.0
202632152,032,  11.03,  24.70,  51.65,   49.57,  142.23, -210.34,-0.593, 1.157, 0.273,  76.0, -24.0, 108.0
202632158,032,  10.35,  26.23,  49.98,    3.71,  123.59, -173.16,-0.138, 1.005, 0.496,  76.0, -24.0, 108.0
202632169,032,   9.61,  27.74,  48.27,    3.71,  123.59, -173.16,-0.138, 1.005, 0.496,  76.0, -24.0, 108.0
202632181,032,   9.42,  28.58,  46.57,   62.27,   59.05, -157.31, 0.098, 1.229,-0.222,  76.0, -24.0, 108.0
202632189,032,   9.22,  29.41,  44.87,   62.27,   59.05, -157.31, 0.098, 1.229,-0.222,  76.0, -24.0, 108.0
202632201,032,   9.60,  29.58,  43.53,  103.33,    0.14, -113.76, 0.344, 1.088,-1.361,  70.0,  -7.0, 111.0
202632211,032,   9.97,  29.76,  42.19,  103.33,    0.14, -113.76, 0.344, 1.088,-1.361,  70.0,  -7.0, 111.0
202632229,032,  10.65,  30.03,  41.38,  107.05,   15.62,  -70.26, 0.330, 0.717,-1.174,  70.0,  -7.0, 111.0
202632231,032,  11.32,  30.30,  40.57,  107.05,   15.62,  -70.26, 0.330, 0.717,-1.174,  70.0,  -7.0, 111.0
202632238,032,  11.82,  30.66,  40.11,   72.79,   29.25,  -42.87, 0.352, 0.505,-1.023,  70.0,  -7.0, 111.0
202632247,032,  12.32,  31.02,  39.65,   72.79,   29.25,  -42.87, 0.352, 0.505,-1.023,  70.0,  -7.0, 111.0
202632258,032,  12.60,  31.32,  39.25,   48.21,   22.99,  -36.81, 0.463, 0.353,-1.073,  70.0,  -7.0, 111.0
202632270,032,  12.88,  31.61,  38.84,   48.21,   22.99,  -36.81, 0.463, 0.353,-1.073,  67.0,   5.0, 111.0
202632280,032,  13.32,  31.74,  38.41,   65.27,    5.86,  -34.87, 0.553, 0.316,-1.059,  67.0,   5.0, 111.0
202632291,032,  13.76,  31.86,  37.98,   65.27,    5.86,  -34.87, 0.553, 0.316,-1.059,  67.0,   5.0, 111.0
202632300,032,  14.15,  31.88,  37.74,   49.73,   -1.51,  -17.10, 0.550, 0.004,-1.031,  67.0,   5.0, 111.0
202632310,032,  14.54,  31.90,  37.50,   49.73,   -1.51,  -17.10, 0.550, 0.004,-1.031,  67.0,   5.0, 111.0
202632313,016,  14.39,  31.98,  37.35,   -4.43,    5.65,   -9.74, 0.602,-0.043,-0.855,  67.0,   5.0, 111.0
202632327,016,  14.25,  32.07,  37.19,   -4.43,    5.65,   -9.74, 0.602,-0.043,-0.855,  67.0,   5.0, 111.0
202632342,016,  14.02,  32.07,  37.10,  -15.98,   -2.87,   -1.21, 0.653, 0.009,-0.834,  67.0,   6.0, 110.0
202632348,016,  13.79,  32.07,  37.01,  -15.98,   -2.87,   -1.21, 0.653, 0.009,-0.834,  67.0,   6.0, 110.0
202632359,016,  13.69,  31.96,  36.85,    3.36,  -15.04,   -3.21, 0.619, 0.124,-0.774,  67.0,   6.0, 110.0
202632371,016,  13.59,  31.85,  36.69,    3.36,  -15.04,   -3.21, 0.619, 0.124,-0.774,  67.0,   6.0, 110.0
202632380,032,  13.77,  31.42,  36.64,   19.28,  -40.82,    9.02, 0.484,-0.065,-1.252,  67.0,   6.0, 110.0
202632390,032,  13.95,  30.99,  36.58,   19.28,  -40.82,    9.02, 0.484,-0.065,-1.252,  67.0,   6.0, 110.0
202632405,032,  14.20,  30.52,  36.55,   24.56,  -43.28,   11.71, 0.358,-0.154,-1.482,  73.0,   7.0, 108.0
202632408,032,  14.45,  30.06,  36.52,   24.56,  -43.28,   11.71, 0.358,-0.154,-1.482,  73.0,   7.0, 108.0
202632417,032,  14.47,  29.88,  36.63,   -5.60,  -12.20,   15.65, 0.374,-0.261,-1.225,  73.0,   7.0, 108.0
202632431,032,  14.48,  29.71,  36.73,   -5.60,  -12.20,   15.65, 0.374,-0.261,-1.225,  73.0,   7.0, 108.0
202632438,016,  14.59,  29.68,  36.82,    2.92,    1.80,   10.84, 0.482,-0.271,-0.864,  73.0,   7.0, 108.0
202632448,016,  14.70,  29.66,  36.92,    2.92,    1.80,   10.84, 0.482,-0.271,-0.864,  73.0,   7.0, 108.0
202632463,016,  14.86,  29.68,  36.85,   19.51,   -1.37,   -1.02, 0.586,-0.095,-0.697,  73.0,   7.0, 108.0
202632469,016,  15.02,  29.71,  36.79,   19.51,   -1.37,   -1.02, 0.586,-0.095,-0.697,  73.0,   9.0, 107.0
202632480,032,  15.24,  29.52,  36.69,   25.31,  -18.55,    0.03, 0.541,-0.007,-0.900,  73.0,   9.0, 107.0
202632498,032,  15.46,  29.33,  36.59,   25.31,  -18.55,    0.03, 0.541,-0.007,-0.900,  73.0,   9.0, 107.0
202632500,032,  15.62,  28.99,  36.60,   13.15,  -31.19,   12.79, 0.390,-0.202,-1.200,  73.0,   9.0, 107.0
202632511,032,  15.77,  28.64,  36.61,   13.15,  -31.19,   12.79, 0.390,-0.202,-1.200,  73.0,   9.0, 107.0
202632519,032,  15.72,  28.44,  36.66,   -8.81,  -15.53,   12.49, 0.415,-0.091,-1.181,  73.0,   9.0, 107.0
202632531,032,  15.67,  28.24,  36.71,   -8.81,  -15.53,   12.49, 0.415,-0.091,-1.181,  73.0,   9.0, 107.0
202632540,032,  15.88,  28.20,  36.75,   16.03,   -1.50,    8.03, 0.472,-0.274,-0.972,  77.0,  10.0, 106.0
202632549,032,  16.08,  28.15,  36.80,   16.03,   -1.50,    8.03, 0.472,-0.274,-0.972,  77.0,  10.0, 106.0
202632561,032,  16.44,  28.17,  36.79,   34.98,    3.21,    2.06, 0.518, 0.082,-0.932,  77.0,  10.0, 106.0
202632570,032,  16.80,  28.18,  36.78,   34.98,    3.21,    2.06, 0.518, 0.082,-0.932,  77.0,  10.0, 106.0
202632581,032,  17.14,  28.09,  36.81,   30.98,   -5.89,    7.89, 0.466,-0.123,-0.934,  77.0,  10.0, 106.0
202632583,032,  17.48,  28.00,  36.83,   30.98,   -5.89,    7.89, 0.466,-0.123,-0.934,  77.0,  10.0, 106.0
202632598,016,  17.35,  27.92,  36.96,  -17.60,   -1.04,   16.87, 0.432,-0.179,-0.979,  77.0,  10.0, 106.0
202632608,016,  17.23,  27.83,  37.09,  -17.60,   -1.04,   16.87, 0.432,-0.179,-0.979,  77.0,  10.0, 106.0
202632618,032,  17.06,  27.81,  37.22,  -25.97,    4.08,   14.26, 0.414,-0.312,-1.021,  77.0,  10.0, 106.0
202632629,032,  16.88,  27.80,  37.35,  -25.97,    4.08,   14.26, 0.414,-0.312,-1.021,  77.0,  10.0, 106.0
202632639,016,  16.74,  27.80,  37.36,  -15.02,    3.36,    4.44, 0.453,-0.197,-0.916,  77.0,  10.0, 106.0
202632652,016,  16.60,  27.80,  37.37,  -15.02,    3.36,    4.44, 0.453,-0.197,-0.916,  77.0,  10.0, 106.0
202632660,000,  16.40,  27.71,  37.21,   -0.64,   -4.67,   -3.28, 0.460,-0.201,-0.900,  77.0,  10.0, 106.0
202632671,000,  16.21,  27.62,  37.05,   -0.64,   -4.67,   -3.28, 0.460,-0.201,-0.900,  78.0,   9.0, 105.0
202632686,032,  16.20,  27.54,  36.94,    2.64,   -8.46,   -3.94, 0.457,-0.100,-1.093,  78.0,   9.0, 105.0
202632688,032,  16.20,  27.46,  36.83,    2.64,   -8.46,   -3.94, 0.457,-0.100,-1.093,  78.0,   9.0, 105.0
202632701,016,  15.99,  27.40,  36.87,  -23.33,   -1.28,    8.58, 0.442,-0.205,-0.961,  78.0,   9.0, 105.0
202632708,016,  15.79,  27.34,  36.92,  -23.33,   -1.28,    8.58, 0.442,-0.205,-0.961,  78.0,   9.0, 105.0
202632720,016,  15.61,  27.32,  36.99,  -22.05,    2.18,    9.53, 0.454,-0.231,-0.923,  78.0,   9.0, 105.0
202632729,016,  15.44,  27.30,  37.06,  -22.05,    2.18,    9.53, 0.454,-0.231,-0.923,  79.0,   7.0, 105.0
202632745,016,  15.36,  27.23,  37.08,   -9.59,   -4.43,    6.93, 0.473,-0.188,-0.945,  79.0,   7.0, 105.0
202632750,016,  15.28,  27.15,  37.09,   -9.59,   -4.43,    6.93, 0.473,-0.188,-0.945,  79.0,   7.0, 105.0
202632766,016,  15.27,  27.04,  37.05,    2.63,   -8.93,    2.82, 0.443,-0.108,-0.992,  79.0,   7.0, 105.0
202632768,016,  15.27,  26.93,  37.00,    2.63,   -8.93,    2.82, 0.443,-0.108,-0.992,  79.0,   7.0, 105.0
202632776,032,  15.31,  26.83,  37.00,    2.50,   -7.19,    5.53, 0.395,-0.109,-1.150,  79.0,   7.0, 105.0
202632790,032,  15.35,  26.73,  37.00,    2.50,   -7.19,    5.53, 0.395,-0.109,-1.150,  79.0,   7.0, 105.0
202632798,016,  15.28,  26.75,  37.07,   -9.94,    6.70,    9.16, 0.411,-0.173,-0.986,  79.0,   6.0, 105.0
202632809,016,  15.22,  26.76,  37.14,   -9.94,    6.70,    9.16, 0.411,-0.173,-0.986,  79.0,   6.0, 105.0
202632819,016,  15.12,  26.82,  37.24,  -15.01,    9.53,   10.43, 0.458,-0.168,-0.896,  79.0,   6.0, 105.0
202632829,016,  15.02,  26.87,  37.33,  -15.01,    9.53,   10.43, 0.458,-0.168,-0.896,  79.0,   6.0, 105.0
202632840,016,  14.99,  26.88,  37.38,   -7.16,    2.85,    6.70, 0.475,-0.232,-0.841,  79.0,   6.0, 105.0
202632851,016,  14.96,  26.89,  37.42,   -7.16,    2.85,    6.70, 0.475,-0.232,-0.841,  79.0,   6.0, 105.0
202632854,000,  14.51,  26.98,  37.18,    2.44,   -6.72,    0.73, 0.484,-0.043,-0.830,  79.0,   6.0, 105.0
202632871,000,  14.10,  27.06,  36.96,    2.44,   -6.72,    0.73, 0.484,-0.043,-0.830,  80.0,   5.0, 105.0
202632878,032,  14.02,  26.93,  36.91,   -7.77,  -11.18,    2.49, 0.406,-0.193,-1.155,  80.0,   5.0, 105.0
202632888,032,  13.94,  26.80,  36.87,   -7.77,  -11.18,    2.49, 0.406,-0.193,-1.155,  80.0,   5.0, 105.0
202632899,032,  13.73,  26.77,  36.91,  -25.01,   -0.58,    7.34, 0.388,-0.171,-1.079,  80.0,   5.0, 105.0
202632910,032,  13.52,  26.73,  36.96,  -25.01,   -0.58,    7.34, 0.388,-0.171,-1.079,  80.0,   5.0, 105.0
202632921,032,  13.44,  26.78,  37.03,  -13.45,    8.37,    8.31, 0.408,-0.252,-1.040,  80.0,   5.0, 105.0
202632930,032,  13.36,  26.83,  37.11,  -13.45,    8.37,    8.31, 0.408,-0.252,-1.040,  80.0,   4.0, 105.0
202632946,016,  13.45,  26.91,  37.10,    8.69,    9.42,    1.62, 0.475,-0.124,-0.864,  80.0,   4.0, 105.0
202632953,016,  13.54,  27.00,  37.10,    8.69,    9.42,    1.62, 0.475,-0.124,-0.864,  80.0,   4.0, 105.0
202632957,016,  13.68,  27.03,  37.03,   17.08,    3.05,   -2.43, 0.482,-0.105,-0.888,  80.0,   4.0, 105.0
202632970,016,  13.82,  27.06,  36.97,   17.08,    3.05,   -2.43, 0.482,-0.105,-0.888,  80.0,   4.0, 105.0
202632979,032,  14.05,  26.97,  36.87,   25.82,   -9.08,   -3.16, 0.443,-0.116,-1.066,  80.0,   4.0, 105.0
202632989,032,  14.28,  26.88,  36.77,   25.82,   -9.08,   -3.16, 0.443,-0.116,-1.066,  80.0,   4.0, 105.0
202632999,016,  14.33,  26.82,  36.80,    2.08,   -2.32,    6.43, 0.444,-0.246,-0.958,  81.0,   5.0, 104.0
202633012,016,  14.39,  26.76,  36.83,    2.08,   -2.32,    6.43, 0.444,-0.246,-0.958,  81.0,   5.0, 104.0
202633021,032,  14.47,  26.75,  36.87,    4.56,    1.34,    6.40, 0.431,-0.273,-1.028,  81.0,   5.0, 104.0
202633036,032,  14.55,  26.73,  36.90,    4.56,    1.34,    6.40, 0.431,-0.273,-1.028,  81.0,   5.0, 104.0
202633042,000,  14.46,  26.79,  36.83,    3.97,    6.08,    1.53, 0.457,-0.166,-0.887,  81.0,   5.0, 104.0
202633050,000,  14.37,  26.84,  36.77,    3.97,    6.08,    1.53, 0.457,-0.166,-0.887,  81.0,   5.0, 104.0
202633058,000,  14.22,  26.88,  36.63,    6.67,    1.50,   -1.40, 0.462,-0.129,-0.884,  81.0,   5.0, 104.0