204949874,016,   1.29,   1.11,   8.87,   -1.16,    1.34,    0.12,-0.003,-0.014,-1.071, 121.0,  -9.0,  93.0
204949874,016,   1.29,   1.11,   8.86,   -1.28,    1.40,    0.12,-0.015,-0.014,-1.084, 121.0,  -9.0,  93.0
204949884,016,   1.28,   1.11,   8.86,   -1.28,    1.40,    0.12,-0.015,-0.014,-1.084, 121.0,  -9.0,  93.0
204949894,016,   1.28,   1.10,   8.86,   -1.40,    1.34,    0.12,-0.014,-0.008,-1.058, 121.0,  -9.0,  92.0
204949905,016,   1.27,   1.10,   8.85,   -1.40,    1.34,    0.12,-0.014,-0.008,-1.058, 121.0,  -9.0,  92.0
204949915,016,   1.27,   1.10,   8.85,   -1.10,    1.46,    0.24,-0.009,-0.023,-1.082, 121.0,  -9.0,  92.0
204949926,016,   1.27,   1.10,   8.85,   -1.10,    1.46,    0.24,-0.009,-0.023,-1.082, 121.0,  -9.0,  92.0
204949937,016,   1.27,   1.10,   8.85,   -0.73,    1.65,    0.24,-0.002,-0.015,-1.087, 121.0,  -9.0,  92.0
204949950,016,   1.28,   1.10,   8.85,   -0.73,    1.65,    0.24,-0.002,-0.015,-1.087, 121.0,  -9.0,  92.0
204949965,016,   1.28,   1.10,   8.84,   -0.61,    1.65,    0.24,-0.009,-0.010,-1.069, 121.0,  -9.0,  93.0
204949968,016,   1.28,   1.10,   8.84,   -0.61,    1.65,    0.24,-0.009,-0.010,-1.069, 121.0,  -9.0,  93.0
204949980,016,   1.28,   1.10,   8.84,   -0.91,    1.46,    0.18,-0.011,-0.016,-1.088, 121.0,  -9.0,  93.0
204949988,016,   1.28,   1.10,   8.84,   -0.91,    1.46,    0.18,-0.011,-0.016,-1.088, 121.0,  -9.0,  93.0
204949996,016,   1.28,   1.09,   8.83,   -1.22,    1.34,    0.18,-0.016,-0.012,-1.080, 121.0,  -9.0,  93.0
204950006,016,   1.28,   1.09,   8.83,   -1.22,    1.34,    0.18,-0.016,-0.012,-1.080, 121.0,  -9.0,  93.0
204950017,016,   1.28,   1.09,   8.83,   -1.10,    1.52,    0.18,-0.008,-0.026,-1.081, 121.0,  -9.0,  93.0
204950028,016,   1.28,   1.09,   8.83,   -1.10,    1.52,    0.18,-0.008,-0.026,-1.081, 121.0,  -9.0,  93.0
204950039,016,   1.28,   1.09,   8.82,   -0.67,    1.71,    0.12,-0.001,-0.016,-1.084, 121.0,  -9.0,  93.0
204950048,016,   1.28,   1.09,   8.82,   -0.67,    1.71,    0.12,-0.001,-0.016,-1.084, 121.0,  -9.0,  93.0
204950063,016,   1.29,   1.09,   8.82,   -0.61,    1.71,    0.06,-0.011,-0.009,-1.082, 121.0,  -9.0,  93.0
204950065,016,   1.29,   1.09,   8.81,   -0.61,    1.71,    0.06,-0.011,-0.009,-1.082, 121.0,  -9.0,  93.0
204950076,016,   1.29,   1.09,   8.81,   -1.04,    1.52,    0.06,-0.012,-0.017,-1.091, 121.0,  -9.0,  93.0
204950088,016,   1.29,   1.09,   8.81,   -1.04,    1.52,    0.06,-0.012,-0.017,-1.091, 121.0,  -9.0,  92.0
204950096,016,   1.29,   1.09,   8.80,   -0.98,    1.52,    0.12,-0.003,-0.015,-1.082, 121.0,  -9.0,  92.0
204950112,016,   1.29,   1.09,   8.80,   -0.98,    1.52,    0.12,-0.003,-0.015,-1.082, 121.0,  -9.0,  92.0
204950121,016,   1.29,   1.09,   8.80,   -0.85,    1.59,    0.12,-0.002,-0.015,-1.080, 121.0,  -9.0,  92.0
204950127,016,   1.29,   1.09,   8.79,   -0.85,    1.59,    0.12,-0.002,-0.015,-1.080, 121.0,  -9.0,  92.0
204950137,016,   1.29,   1.09,   8.79,   -0.79,    1.65,    0.06,-0.003,-0.011,-1.072, 121.0,  -9.0,  92.0
204950153,016,   1.29,   1.09,   8.79,   -0.79,    1.65,    0.06,-0.003,-0.011,-1.072, 121.0,  -9.0,  92.0
204950156,016,   1.29,   1.09,   8.78,   -1.10,    1.52,    0.06,-0.000,-0.013,-1.093, 121.0,  -9.0,  92.0
204950165,016,   1.29,   1.09,   8.78,   -1.10,    1.52,    0.06,-0.000,-0.013,-1.093, 121.0,  -9.0,  92.0
204950179,032,   1.29,   1.10,   8.78,   -1.28,    1.40,    0.12,-0.015,-0.013,-1.110, 121.0,  -9.0,  92.0
204950185,032,   1.28,   1.10,   8.77,   -1.28,    1.40,    0.12,-0.015,-0.013,-1.110, 121.0,  -9.0,  92.0
204950196,016,   1.28,   1.10,   8.77,   -1.10,    1.59,    0.12,-0.013,-0.001,-1.056, 121.0,  -9.0,  92.0
204950208,016,   1.28,   1.10,   8.77,   -1.10,    1.59,    0.12,-0.013,-0.001,-1.056, 121.0,  -9.0,  92.0
204950218,016,   1.28,   1.10,   8.76,   -0.85,    1.52,    0.06,-0.008,-0.018,-1.087, 121.0,  -9.0,  92.0
204950228,016,   1.28,   1.09,   8.76,   -0.85,    1.52,    0.06,-0.008,-0.018,-1.087, 121.0,  -9.0,  93.0
204950244,016,   1.28,   1.09,   8.76,   -1.04,    1.46,    0.12,-0.003,-0.009,-1.074, 121.0,  -9.0,  93.0
204950245,016,   1.28,   1.09,   8.75,   -1.04,    1.46,    0.12,-0.003,-0.009,-1.074, 121.0,  -9.0,  93.0
204950255,016,   1.28,   1.09,   8.75,   -1.04,    1.46,    0.12,-0.008,-0.021,-1.087, 121.0,  -9.0,  93.0
204950266,016,   1.28,   1.09,   8.75,   -1.04,    1.46,    0.12,-0.008,-0.021,-1.087, 121.0,  -9.0,  93.0
204950276,016,   1.28,   1.09,   8.74,   -0.91,    1.59,    0.12,-0.012,-0.022,-1.087, 121.0,  -9.0,  93.0
204950288,016,   1.28,   1.09,   8.74,   -0.91,    1.59,    0.12,-0.012,-0.022,-1.087, 120.0,  -9.0,  92.0
204950297,016,   1.28,   1.09,   8.74,   -0.73,    1.65,    0.12,-0.008,-0.014,-1.081, 120.0,  -9.0,  92.0
204950310,016,   1.28,   1.09,   8.73,   -0.73,    1.65,    0.12,-0.008,-0.014,-1.081, 120.0,  -9.0,  92.0
204950319,016,   1.29,   1.09,   8.73,   -0.73,    1.65,    0.12,-0.004,-0.020,-1.087, 120.0,  -9.0,  92.0
204950333,016,   1.29,   1.09,   8.73,   -0.73,    1.65,    0.12,-0.004,-0.020,-1.087, 120.0,  -9.0,  92.0
204950334,016,   1.29,   1.09,   8.72,   -0.73,    1.59,    0.06,-0.005,-0.014,-1.087, 120.0,  -9.0,  92.0
204950345,016,   1.29,   1.09,   8.72,   -0.73,    1.59,    0.06,-0.005,-0.014,-1.087, 120.0,  -9.0,  92.0
204950356,016,   1.29,   1.09,   8.72,   -0.85,    1.59,    0.00,-0.006,-0.009,-1.076, 121.0,  -9.0,  92.0
204950368,016,   1.29,   1.09,   8.71,   -0.85,    1.59,    0.00,-0.006,-0.009,-1.076, 121.0,  -9.0,  92.0
204950376,016,   1.29,   1.09,   8.71,   -1.04,    1.46,    0.06, 0.000,-0.010,-1.077, 121.0,  -9.0,  92.0
204950387,016,   1.29,   1.09,   8.71,   -1.04,    1.46,    0.06, 0.000,-0.010,-1.077, 121.0,  -9.0,  92.0
204950400,016,   1.29,   1.09,   8.70,   -0.98,    1.46,    0.12,-0.002,-0.017,-1.090, 121.0,  -9.0,  92.0
204950408,016,   1.29,   1.09,   8.70,   -0.98,    1.46,    0.12,-0.002,-0.017,-1.090, 121.0,  -9.0,  92.0
204950424,016,   1.29,   1.09,   8.70,   -0.79,    1.59,    0.06,-0.007,-0.021,-1.078, 121.0,  -9.0,  92.0
204950425,016,   1.30,   1.09,   8.69,   -0.79,    1.59,    0.06,-0.007,-0.021,-1.078, 121.0,  -8.0,  93.0
204950438,016,   1.30,   1.09,   8.69,   -0.85,    1.59,    0.00,-0.013,-0.013,-1.065, 121.0,  -8.0,  93.0
204950448,016,   1.30,   1.09,   8.68,   -0.85,    1.59,    0.00,-0.013,-0.013,-1.065, 121.0,  -8.0,  93.0
204950456,016,   1.30,   1.09,   8.68,   -1.04,    1.52,    0.00,-0.007,-0.014,-1.085, 121.0,  -8.0,  93.0
204950467,016,   1.30,   1.09,   8.67,   -1.04,    1.52,    0.00,-0.007,-0.014,-1.085, 121.0,  -8.0,  93.0
204950478,016,   1.29,   1.09,   8.67,   -1.10,    1.46,    0.00,-0.003,-0.017,-1.083, 121.0,  -8.0,  93.0
204950487,016,   1.29,   1.09,   8.66,   -1.10,    1.46,    0.00,-0.003,-0.017,-1.083, 121.0,  -9.0,  93.0
204950498,016,   1.29,   1.09,   8.66,   -0.98,    1.59,    0.06,-0.009,-0.006,-1.078, 121.0,  -9.0,  93.0
204950513,016,   1.29,   1.09,   8.66,   -0.98,    1.59,    0.06,-0.009,-0.006,-1.078, 121.0,  -9.0,  93.0
204950514,016,   1.29,   1.09,   8.65,   -0.73,    1.65,    0.06,-0.003,-0.016,-1.082, 121.0,  -9.0,  93.0
204950527,016,   1.29,   1.09,   8.65,   -0.73,    1.65,    0.06,-0.003,-0.016,-1.082, 121.0,  -9.0,  93.0
204950535,016,   1.29,   1.09,   8.65,   -1.10,    1.40,    0.06,-0.012,-0.008,-1.069, 121.0,  -9.0,  93.0
204950546,016,   1.29,   1.09,   8.64,   -1.10,    1.40,    0.06,-0.012,-0.008,-1.069, 121.0,  -9.0,  93.0
204950557,016,   1.29,   1.08,   8.64,   -1.28,    1.34,    0.12,-0.007,-0.018,-1.079, 121.0,  -9.0,  92.0
204950567,016,   1.28,   1.08,   8.64,   -1.28,    1.34,    0.12,-0.007,-0.018,-1.079, 121.0,  -9.0,  92.0
204950577,016,   1.28,   1.08,   8.63,   -1.04,    1.46,    0.06,-0.012,-0.017,-1.088, 121.0,  -9.0,  92.0
204950588,016,   1.28,   1.08,   8.63,   -1.04,    1.46,    0.06,-0.012,-0.017,-1.088, 121.0,  -9.0,  92.0
204950598,016,   1.29,   1.08,   8.63,   -0.73,    1.65,    0.06,-0.008,-0.017,-1.095, 121.0,  -9.0,  92.0
204950613,016,   1.29,   1.08,   8.62,   -0.73,    1.65,    0.06,-0.008,-0.017,-1.095, 121.0,  -9.0,  92.0
204950615,016,   1.29,   1.08,   8.62,   -0.79,    1.65,    0.06,-0.007,-0.010,-1.077, 121.0,  -9.0,  92.0
204950626,016,   1.29,   1.08,   8.62,   -0.79,    1.65,    0.06,-0.007,-0.010,-1.077, 121.0,  -9.0,  93.0
204950636,016,   1.29,   1.08,   8.61,   -1.10,    1.52,    0.00,-0.005,-0.016,-1.087, 121.0,  -9.0,  93.0
204950646,016,   1.29,   1.08,   8.61,   -1.10,    1.52,    0.00,-0.005,-0.016,-1.087, 121.0,  -9.0,  93.0
204950658,016,   1.28,   1.08,   8.60,   -1.28,    1.46,    0.00,-0.002,-0.021,-1.091, 121.0,  -9.0,  93.0
204950669,016,   1.28,   1.08,   8.60,   -1.28,    1.46,    0.00,-0.002,-0.021,-1.091, 121.0,  -9.0,  93.0
204950678,016,   1.28,   1.08,   8.60,   -1.04,    1.59,    0.00,-0.004,-0.012,-1.077, 121.0,  -9.0,  93.0
204950689,016,   1.28,   1.08,   8.59,   -1.04,    1.59,    0.00,-0.004,-0.012,-1.077, 121.0,  -9.0,  92.0
204950704,016,   1.28,   1.08,   8.59,   -0.73,    1.65,    0.06,-0.017,-0.019,-1.077, 121.0,  -9.0,  92.0
204950706,016,   1.29,   1.08,   8.58,   -0.73,    1.65,    0.06,-0.017,-0.019,-1.077, 121.0,  -9.0,  92.0
204950717,016,   1.29,   1.08,   8.58,   -0.91,    1.52,    0.06,-0.020,-0.019,-1.093, 121.0,  -9.0,  92.0
204950730,016,   1.29,   1.07,   8.58,   -0.91,    1.52,    0.06,-0.020,-0.019,-1.093, 121.0,  -9.0,  92.0
204950736,016,   1.29,   1.07,   8.57,   -1.22,    1.46,    0.06,-0.010,-0.019,-1.079, 121.0,  -9.0,  92.0
204950746,016,   1.28,   1.07,   8.57,   -1.22,    1.46,    0.06,-0.010,-0.019,-1.079, 121.0,  -9.0,  92.0
204950758,016,   1.28,   1.07,   8.57,   -0.91,    1.52,    0.06,-0.001,-0.018,-1.083, 121.0,  -9.0,  92.0
204950768,016,   1.29,   1.07,   8.56,   -0.91,    1.52,    0.06,-0.001,-0.018,-1.083, 121.0,  -9.0,  92.0
204950778,016,   1.29,   1.07,   8.56,   -0.79,    1.59,    0.06,-0.007,-0.021,-1.083, 121.0,  -9.0,  92.0
204950793,016,   1.29,   1.07,   8.56,   -0.79,    1.59,    0.06,-0.007,-0.021,-1.083, 121.0,  -9.0,  92.0
204950795,016,   1.29,   1.07,   8.55,   -0.98,    1.59,    0.00,-0.010,-0.023,-1.081, 121.0,  -9.0,  92.0
204950805,016,   1.29,   1.07,   8.55,   -0.98,    1.59,    0.00,-0.010,-0.023,-1.081, 121.0,  -9.0,  92.0
204950816,032,   1.29,   1.07,   8.54,   -1.04,    1.46,    0.06,-0.012,-0.026,-1.106, 120.0,  -9.0,  93.0
204950825,032,   1.29,   1.07,   8.54,   -1.04,    1.46,    0.06,-0.012,-0.026,-1.106, 120.0,  -9.0,  93.0
204950836,016,   1.29,   1.07,   8.54,   -1.04,    1.46,    0.00,-0.001,-0.011,-1.087, 120.0,  -9.0,  93.0
204950846,016,   1.29,   1.07,   8.53,   -1.04,    1.46,    0.00,-0.001,-0.011,-1.087, 120.0,  -9.0,  93.0
204950858,016,   1.29,   1.07,   8.53,   -0.98,    1.52,    0.06,-0.004,-0.014,-1.082, 120.0,  -9.0,  93.0
204950871,016,   1.29,   1.07,   8.53,   -0.98,    1.52,    0.06,-0.004,-0.014,-1.082, 120.0,  -9.0,  93.0
204950884,016,   1.29,   1.07,   8.52,   -0.85,    1.59,    0.06,-0.007,-0.014,-1.096, 120.0,  -9.0,  93.0
204950890,016,   1.29,   1.07,   8.52,   -0.85,    1.59,    0.06,-0.007,-0.014,-1.096, 121.0,  -9.0,  93.0
204950900,016,   1.29,   1.07,   8.52,   -1.04,    1.52,    0.00,-0.005,-0.018,-1.083, 121.0,  -9.0,  93.0
204950910,016,   1.29,   1.07,   8.51,   -1.04,    1.52,    0.00,-0.005,-0.018,-1.083, 121.0,  -9.0,  93.0
204950916,016,   1.29,   1.07,   8.51,   -1.10,    1.52,    0.06,-0.014,-0.010,-1.081, 121.0,  -9.0,  93.0
204950927,016,   1.29,   1.07,   8.51,   -1.10,    1.52,    0.06,-0.014,-0.010,-1.081, 121.0,  -9.0,  93.0
204950937,016,   1.29,   1.07,   8.50,   -1.04,    1.52,    0.06,-0.008,-0.016,-1.083, 121.0,  -9.0,  93.0
204950947,016,   1.29,   1.07,   8.50,   -1.04,    1.52,    0.06,-0.008,-0.016,-1.083, 121.0,  -9.0,  93.0
204950958,016,   1.29,   1.07,   8.49,   -0.73,    1.65,    0.06,-0.007,-0.013,-1.072, 121.0,  -9.0,  92.0
204950973,016,   1.29,   1.07,   8.49,   -0.73,    1.65,    0.06,-0.007,-0.013,-1.072, 121.0,  -9.0,  92.0
204950979,016,   1.29,   1.07,   8.49,   -0.85,    1.59,    0.00,-0.018,-0.019,-1.075, 121.0,  -9.0,  92.0
204950984,016,   1.29,   1.07,   8.48,   -0.85,    1.59,    0.00,-0.018,-0.019,-1.075, 121.0,  -9.0,  92.0
204950995,016,   1.29,   1.07,   8.48,   -1.28,    1.40,    0.06,-0.004,-0.017,-1.082, 121.0,  -9.0,  92.0
204951007,016,   1.29,   1.07,   8.48,   -1.28,    1.40,    0.06,-0.004,-0.017,-1.082, 121.0,  -9.0,  92.0
204951017,016,   1.28,   1.06,   8.47,   -1.28,    1.46,    0.06,-0.005,-0.023,-1.074, 121.0,  -9.0,  93.0
204951026,016,   1.28,   1.06,   8.47,   -1.28,    1.46,    0.06,-0.005,-0.023,-1.074, 121.0,  -9.0,  93.0
204951042,016,   1.28,   1.06,   8.47,   -0.85,    1.59,    0.06,-0.010,-0.011,-1.081, 121.0,  -9.0,  93.0
204951047,016,   1.28,   1.06,   8.46,   -0.85,    1.59,    0.06,-0.010,-0.011,-1.081, 121.0,  -9.0,  93.0
204951058,016,   1.29,   1.06,   8.46,   -0.79,    1.59,    0.06,-0.009,-0.016,-1.097, 121.0,  -9.0,  93.0
204951074,016,   1.29,   1.06,   8.46,   -0.79,    1.59,    0.06,-0.009,-0.016,-1.097, 121.0,  -9.0,  93.0
204951076,016,   1.29,   1.06,   8.45,   -1.10,    1.46,    0.06,-0.007,-0.012,-1.076, 121.0,  -9.0,  93.0
204951085,016,   1.28,   1.06,   8.45,   -1.10,    1.46,    0.06,-0.007,-0.012,-1.076, 121.0, -10.0,  93.0
204951097,016,   1.28,   1.06,   8.45,   -1.28,    1.40,    0.12,-0.004,-0.012,-1.087, 121.0, -10.0,  93.0
204951107,016,   1.28,   1.06,   8.45,   -1.28,    1.40,    0.12,-0.004,-0.012,-1.087, 121.0, -10.0,  93.0
204951118,016,   1.28,   1.06,   8.44,   -1.04,    1.52,    0.12,-0.002,-0.013,-1.080, 121.0, -10.0,  93.0
204951128,016,   1.27,   1.06,   8.44,   -1.04,    1.52,    0.12,-0.002,-0.013,-1.080, 121.0, -10.0,  93.0
204951137,016,   1.28,   1.06,   8.44,   -0.91,    1.59,    0.12,-0.004,-0.021,-1.073, 121.0, -10.0,  93.0
204951148,016,   1.28,   1.06,   8.44,   -0.91,    1.59,    0.12,-0.004,-0.021,-1.073, 121.0, -10.0,  93.0
204951164,016,   1.28,   1.06,   8.43,   -1.04,    1.52,    0.06,-0.008,-0.005,-1.081, 121.0,  -9.0,  92.0
204951166,016,   1.27,   1.06,   8.43,   -1.28,    1.40,    0.06,-0.006,-0.009,-1.092, 121.0,  -9.0,  92.0
204951174,016,   1.27,   1.06,   8.43,   -1.28,    1.40,    0.06,-0.006,-0.009,-1.092, 121.0,  -9.0,  92.0
204951185,016,   1.26,   1.05,   8.42,   -1.22,    1.40,    0.12,-0.003,-0.013,-1.092, 121.0,  -9.0,  92.0
204951197,016,   1.26,   1.05,   8.42,   -1.22,    1.40,    0.12,-0.003,-0.013,-1.092, 121.0,  -9.0,  92.0
204951208,016,   1.26,   1.05,   8.42,   -1.16,    1.52,    0.12,-0.007,-0.013,-1.077, 121.0,  -9.0,  92.0
204951217,016,   1.26,   1.05,   8.42,   -1.16,    1.52,    0.12,-0.007,-0.013,-1.077, 121.0,  -9.0,  92.0
204951227,016,   1.26,   1.05,   8.41,   -0.85,    1.59,    0.12,-0.005,-0.023,-1.078, 121.0,  -9.0,  92.0
204951239,016,   1.26,   1.05,   8.41,   -0.85,    1.59,    0.12,-0.005,-0.023,-1.078, 121.0,  -9.0,  92.0
204951254,016,   1.27,   1.05,   8.41,   -0.73,    1.65,    0.00,-0.013,-0.025,-1.096, 121.0,  -9.0,  92.0
204951257,016,   1.27,   1.05,   8.40,   -0.73,    1.65,    0.00,-0.013,-0.025,-1.096, 121.0,  -9.0,  92.0
204951265,016,   1.26,   1.05,   8.40,   -1.40,    1.34,    0.06, 0.004,-0.014,-1.085, 121.0,  -9.0,  92.0
204951275,016,   1.26,   1.05,   8.40,   -1.40,    1.34,    0.06, 0.004,-0.014,-1.085, 121.0,  -9.0,  92.0
204951286,016,   1.26,   1.05,   8.39,   -1.28,    1.40,    0.12,-0.001,-0.010,-1.078, 121.0,  -9.0,  93.0
204951296,016,   1.25,   1.05,   8.39,   -1.28,    1.40,    0.12,-0.001,-0.010,-1.078, 121.0,  -9.0,  93.0
204951308,016,   1.25,   1.05,   8.39,   -0.98,    1.46,    0.12,-0.013,-0.010,-1.082, 121.0,  -9.0,  93.0
204951317,016,   1.25,   1.05,   8.38,   -0.98,    1.46,    0.12,-0.013,-0.010,-1.082, 121.0,  -9.0,  93.0
204951328,016,   1.25,   1.05,   8.38,   -1.10,    1.46,    0.06,-0.007,-0.015,-1.063, 121.0,  -9.0,  93.0
204951344,016,   1.25,   1.04,   8.38,   -1.10,    1.46,    0.06,-0.007,-0.015,-1.063, 121.0,  -9.0,  93.0
204951346,016,   1.24,   1.04,   8.38,   -1.46,    1.28,    0.12,-0.006,-0.013,-1.088, 121.0,  -9.0,  93.0
204951355,016,   1.24,   1.04,   8.37,   -1.46,    1.28,    0.12,-0.006,-0.013,-1.088, 121.0,  -9.0,  92.0
204951369,016,   1.23,   1.04,   8.37,   -1.52,    1.22,    0.06, 0.000,-0.012,-1.072, 121.0,  -9.0,  92.0
204951377,016,   1.23,   1.03,   8.37,   -1.52,    1.22,    0.06, 0.000,-0.012,-1.072, 121.0,  -9.0,  92.0
204951386,016,   1.22,   1.03,   8.36,   -1.16,    1.40,    0.06,-0.003,-0.015,-1.086, 121.0,  -9.0,  92.0
204951398,016,   1.22,   1.03,   8.36,   -1.16,    1.40,    0.06,-0.003,-0.015,-1.086, 121.0,  -9.0,  92.0
204951407,016,   1.22,   1.03,   8.36,   -1.59,    1.10,    0.18,-0.004,-0.022,-1.078, 121.0,  -9.0,  92.0
204951418,016,   1.21,   1.02,   8.35,   -1.59,    1.10,    0.18,-0.004,-0.022,-1.078, 121.0,  -9.0,  93.0
204951435,016,   1.21,   1.02,   8.35,   -1.59,    1.52,    0.12,-0.002,-0.023,-1.088, 121.0,  -9.0,  93.0
204951436,016,   1.20,   1.02,   8.35,   -1.59,    1.52,    0.12,-0.002,-0.023,-1.088, 121.0,  -9.0,  93.0
204951449,000,   1.18,   0.98,   8.35,   -1.52,    1.52,    0.12,-0.014,-0.010,-1.025, 121.0,  -9.0,  93.0
204951458,000,   1.16,   0.93,   8.34,   -1.52,    1.52,    0.12,-0.014,-0.010,-1.025, 121.0,  -9.0,  93.0
204951466,016,   1.16,   0.93,   8.34,   -0.98,    1.28,    0.30,-0.010,-0.018,-1.060, 121.0,  -9.0,  93.0
204951477,016,   1.16,   0.92,   8.34,   -0.98,    1.28,    0.30,-0.010,-0.018,-1.060, 121.0,  -9.0,  93.0
204951486,016,   1.21,   0.94,   8.34,    3.48,    2.80,   -0.12,-0.013,-0.023,-1.086, 121.0,  -9.0,  93.0
204951496,016,   1.25,   0.95,   8.33,    3.48,    2.80,   -0.12,-0.013,-0.023,-1.086, 121.0,  -9.0,  93.0
204951508,016,   1.32,   0.97,   8.32,    5.67,    3.41,   -0.85,-0.003,-0.010,-1.094, 121.0,  -9.0,  93.0
204951523,016,   1.38,   0.99,   8.31,    5.67,    3.41,   -0.85,-0.003,-0.010,-1.094, 121.0,  -9.0,  93.0
204951524,032,   1.43,   1.00,   8.29,    3.66,    2.62,   -1.04,-0.015,-0.019,-1.107, 121.0,  -9.0,  93.0
204951534,032,   1.48,   1.02,   8.28,    3.66,    2.62,   -1.04,-0.015,-0.019,-1.107, 121.0,  -9.0,  93.0
204951545,016,   1.50,   1.02,   8.27,    1.59,    2.20,   -0.79,-0.016,-0.016,-1.075, 122.0,  -8.0,  92.0
204951557,016,   1.53,   1.03,   8.26,    1.59,    2.20,   -0.79,-0.016,-0.016,-1.075, 122.0,  -8.0,  92.0
204951566,016,   1.53,   1.03,   8.25,   -0.49,    1.89,   -0.43,-0.043,-0.014,-1.083, 122.0,  -8.0,  92.0
204951576,016,   1.53,   1.02,   8.24,   -0.49,    1.89,   -0.43,-0.043,-0.014,-1.083, 122.0,  -8.0,  92.0
204951587,032,   1.55,   1.03,   8.23,    0.67,    2.13,   -0.43, 0.001,-0.053,-1.106, 122.0,  -8.0,  92.0
204951599,032,   1.57,   1.04,   8.22,    0.67,    2.13,   -0.43, 0.001,-0.053,-1.106, 122.0,  -8.0,  92.0
204951607,016,   1.60,   1.05,   8.21,    2.50,    2.13,   -0.98,-0.012,-0.022,-1.078, 122.0,  -8.0,  92.0
204951624,016,   1.64,   1.05,   8.20,    2.50,    2.13,   -0.98,-0.012,-0.022,-1.078, 121.0,  -8.0,  92.0
204951626,016,   1.66,   1.06,   8.18,    1.52,    1.89,   -1.22,-0.018,-0.002,-1.080, 121.0,  -8.0,  92.0
204951636,016,   1.68,   1.06,   8.17,    1.52,    1.89,   -1.22,-0.018,-0.002,-1.080, 121.0,  -8.0,  92.0
204951646,032,   1.70,   1.07,   8.15,    0.37,    2.07,   -1.16, 0.007,-0.033,-1.114, 121.0,  -8.0,  92.0
204951657,032,   1.71,   1.08,   8.14,    0.37,    2.07,   -1.16, 0.007,-0.033,-1.114, 121.0,  -8.0,  92.0
204951666,016,   1.72,   1.07,   8.15,    0.12,    1.95,    1.95,-0.045,-0.012,-1.069, 121.0,  -8.0,  92.0
204951677,016,   1.73,   1.07,   8.17,    0.12,    1.95,    1.95,-0.045,-0.012,-1.069, 121.0,  -8.0,  92.0
204951688,016,   1.74,   1.04,   8.20,    0.85,    1.65,    3.54,-0.233, 0.006,-1.040, 121.0,  -8.0,  92.0
204951700,016,   1.76,   1.00,   8.23,    0.85,    1.65,    3.54,-0.233, 0.006,-1.040, 121.0,  -8.0,  92.0
204951713,016,   1.76,   1.00,   8.45,   -1.52,    2.01,   21.95, 0.002,-0.029,-1.027, 121.0,  -8.0,  92.0
204951714,016,   1.76,   1.00,   8.66,   -1.52,    2.01,   21.95, 0.002,-0.029,-1.027, 121.0,  -8.0,  92.0
204951729,032,   1.78,   0.99,   9.05,   -0.06,    1.65,   39.33, 0.004,-0.229,-1.090, 121.0,  -8.0,  92.0
204951735,032,   1.80,   0.99,   9.44,   -0.06,    1.65,   39.33, 0.004,-0.229,-1.090, 121.0,  -8.0,  92.0
204951746,016,   1.85,   0.83,   9.67,    3.78,  -12.80,   23.72,-0.071,-0.010,-1.096, 121.0, -11.0,  91.0
204951756,016,   1.89,   0.67,   9.90,    3.78,  -12.80,   23.72,-0.071,-0.010,-1.096, 121.0, -11.0,  91.0
204951767,032,   1.97,  -0.32,  10.03,    6.40,  -96.89,   17.38,-0.099, 0.085,-1.070, 121.0, -11.0,  91.0
204951777,032,   2.04,  -1.31,  10.17,    6.40,  -96.89,   17.38,-0.099, 0.085,-1.070, 121.0, -11.0,  91.0
204951788,032,   1.78,  -2.80,  10.21,  -27.13, -147.01,    9.51,-1.076,-0.020,-1.049, 121.0, -11.0,  91.0
204951804,032,   1.51,  -4.30,  10.26,  -27.13, -147.01,    9.51,-1.076,-0.020,-1.049, 121.0, -11.0,  91.0
204951806,032,   1.15,  -6.23,  10.17,  -38.60, -190.79,   -3.60,-0.911, 0.083,-1.074, 121.0, -11.0,  91.0
204951815,032,   0.78,  -8.15,  10.10,  -38.60, -190.79,   -3.60,-0.911, 0.083,-1.074, 141.0, -17.0,  73.0
204951825,032,  -0.71,  -9.90,   9.82, -153.54, -173.41,  -27.07,-0.770, 0.588,-3.433, 141.0, -17.0,  73.0
204951839,032,  -2.19, -11.65,   9.59, -153.54, -173.41,  -27.07,-0.770, 0.588,-3.433, 141.0, -17.0,  73.0
204951846,032,  -3.12, -11.42,   9.03, -105.12,   26.40,  -53.11,-0.252, 0.074,-1.251, 141.0, -17.0,  73.0
204951857,032,  -4.05, -11.20,   8.47, -105.12,   26.40,  -53.11,-0.252, 0.074,-1.251, 141.0, -17.0,  73.0
204951868,032,  -4.85, -10.50,   7.92,  -92.20,   75.73,  -48.66,-0.222,-0.369,-1.151, 141.0, -17.0,  73.0
204951878,032,  -5.65,  -9.80,   7.35,  -92.20,   75.73,  -48.66,-0.222,-0.369,-1.151, 141.0, -17.0,  73.0
204951893,032,  -6.25,  -8.87,   6.50,  -74.51,  100.55,  -74.15, 2.753, 0.807, 0.630, 134.0, -24.0,  76.0
204951895,032,  -6.87,  -7.96,   5.65,  -74.51,  100.55,  -74.15, 2.753, 0.807, 0.630, 134.0, -24.0,  76.0
204951907,032,  -8.43,  -6.98,   4.80, -168.66,  109.27,  -70.24, 0.056,-0.502,-1.632, 134.0, -24.0,  76.0
204951916,032,  -9.99,  -6.02,   3.93, -168.66,  109.27,  -70.24, 0.056,-0.502,-1.632, 134.0, -24.0,  76.0
204951931,032, -11.39,  -3.48,   2.77, -149.63,  271.83,  -67.01,-0.034,-0.306, 2.933, 134.0, -24.0,  76.0
204951936,032, -12.83,  -0.98,   1.55, -149.63,  271.83,  -67.01,-0.034,-0.306, 2.933, 134.0, -24.0,  76.0
204951948,032, -15.73,  -0.68,  -0.85, -295.00,   89.09, -226.22, 0.089, 0.830,-2.492, 118.0, -36.0,  84.0
204951959,032, -18.64,  -0.51,  -3.26, -295.00,   89.09, -226.22, 0.089, 0.830,-2.492, 118.0, -36.0,  84.0
204951968,032, -19.98,   0.86,  -4.86, -134.39,  183.23, -106.28, 0.001, 0.258,-2.934, 118.0, -36.0,  84.0
204951983,032, -21.35,   2.18,  -6.49, -134.39,  183.23, -106.28, 0.001, 0.258,-2.934, 118.0, -36.0,  84.0
204951984,032, -22.87,   4.20,  -8.27, -144.27,  255.24,  -90.12, 0.010,-0.059,-1.025, 118.0, -36.0,  84.0
204951995,032, -24.46,   6.16, -10.11, -144.27,  255.24,  -90.12, 0.010,-0.059,-1.025, 118.0, -36.0,  84.0
204952008,032, -25.26,   8.31, -12.42,  -51.89,  292.50, -118.41, 0.021, 0.004,-0.806, 118.0, -36.0,  84.0
204952016,032, -26.14,  10.41, -14.77,  -51.89,  292.50, -118.41, 0.021, 0.004,-0.806,  87.0, -38.0,  98.0
204952029,032, -26.33,  11.58, -17.03,   24.39,  203.66, -148.78, 0.227, 0.845,-0.203,  87.0, -38.0,  98.0
204952036,032, -26.57,  12.73, -19.30,   24.39,  203.66, -148.78, 0.227, 0.845,-0.203,  87.0, -38.0,  98.0
204952048,032, -26.12,  12.76, -21.22,   86.22,   88.35, -166.95, 0.055, 0.248,-1.221,  87.0, -38.0,  98.0
204952057,032, -25.67,  12.82, -23.13,   86.22,   88.35, -166.95, 0.055, 0.248,-1.221,  87.0, -38.0,  98.0
204952074,032, -25.17,  12.82, -25.43,   99.33,   99.57, -203.84,-0.244,-0.076,-1.120,  87.0, -38.0,  98.0
204952076,032, -24.68,  12.85, -27.74,   99.33,   99.57, -203.84,-0.244,-0.076,-1.120,  73.0, -16.0, 107.0
204952085,032, -25.64,  13.75, -30.97,  -22.68,  217.13, -247.44,-0.083, 0.317,-0.483,  73.0, -16.0, 107.0
204952097,032, -26.66,  14.59, -34.23,  -22.68,  217.13, -247.44,-0.083, 0.317,-0.483,  73.0, -16.0, 107.0
204952106,032, -28.85,  15.38, -37.67, -129.45,  227.07, -258.17, 0.079, 0.858,-0.380,  73.0, -16.0, 107.0
204952119,032, -31.09,  16.05, -41.15, -129.45,  227.07, -258.17, 0.079, 0.858,-0.380,  73.0, -16.0, 107.0
204952127,032, -33.08,  16.75, -44.14, -113.05,  214.63, -207.13, 0.193, 1.175,-0.470,  73.0, -16.0, 107.0
204952137,032, -35.10,  17.36, -47.17, -113.05,  214.63, -207.13, 0.193, 1.175,-0.470,  73.0, -16.0, 107.0
204952148,032, -36.37,  17.67, -49.16,  -67.38,  139.27, -137.87, 0.025, 0.418,-0.901,  49.0, -26.0, 112.0
204952158,032, -37.65,  17.93, -51.17,  -67.38,  139.27, -137.87, 0.025, 0.418,-0.901,  49.0, -26.0, 112.0
204952160,032, -38.83,  18.12, -52.90,  -65.67,  118.84, -119.27, 0.180, 0.374,-1.225,  49.0, -26.0, 112.0
204952174,032, -40.01,  18.27, -54.63,  -65.67,  118.84, -119.27, 0.180, 0.374,-1.225,  49.0, -26.0, 112.0
204952185,032, -41.37,  18.47, -56.57,  -74.70,  138.48, -127.13, 0.154, 0.689,-0.499,  49.0, -26.0, 112.0
204952196,032, -42.74,  18.64, -58.51,  -74.70,  138.48, -127.13, 0.154, 0.689,-0.499,  49.0, -26.0, 112.0
204952207,032, -43.64,  18.55, -60.21,  -35.30,  106.46, -124.70, 0.151, 1.133,-0.413,  49.0, -26.0, 112.0
204952217,032, -44.53,  18.44, -61.91,  -35.30,  106.46, -124.70, 0.151, 1.133,-0.413,  35.0, -32.0, 114.0
204952227,032, -45.19,  18.43, -63.10,  -28.23,   81.95,  -81.77, 0.207, 0.717,-0.361,  35.0, -32.0, 114.0
204952237,032, -45.85,  18.41, -64.29,  -28.23,   81.95,  -81.77, 0.207, 0.717,-0.361,  35.0, -32.0, 114.0
204952253,032, -46.99,  18.80, -65.34,  -80.24,  101.65,  -40.91, 0.104, 0.436,-0.208,  35.0, -32.0, 114.0
204952254,032, -48.14,  19.18, -66.39,  -80.24,  101.65,  -40.91, 0.104, 0.436,-0.208,  35.0, -32.0, 114.0
204952264,032, -48.67,  19.17, -66.96,  -32.44,   42.50,  -37.20,-0.146, 0.980, 0.736,  35.0, -32.0, 114.0
204952276,032, -49.19,  19.16, -67.53,  -32.44,   42.50,  -37.20,-0.146, 0.980, 0.736,  27.0, -38.0, 113.0
204952287,032, -49.30,  18.68, -68.47,   20.67,   38.35,  -95.06, 0.169, 0.610, 0.063,  27.0, -38.0, 113.0
204952296,032, -49.40,  18.20, -69.40,   20.67,   38.35,  -95.06, 0.169, 0.610, 0.063,  27.0, -38.0, 113.0
204952308,032, -49.57,  17.86, -70.13,    6.40,   33.54,  -72.32, 0.418, 3.697,-0.776,  27.0, -38.0, 113.0
204952318,032, -49.73,  17.51, -70.86,    6.40,   33.54,  -72.32, 0.418, 3.697,-0.776,  27.0, -38.0, 113.0
204952328,032, -49.56,  17.07, -71.22,   26.95,   -0.18,  -57.26, 0.303, 0.720,-0.780,  27.0, -38.0, 113.0
204952343,032, -49.39,  16.62, -71.57,   26.95,   -0.18,  -57.26, 0.303, 0.720,-0.780,  27.0, -38.0, 113.0
204952345,032, -49.51,  16.43, -71.63,  -11.65,   -5.12,  -20.00, 0.301, 0.395,-1.090,  28.0, -38.0, 114.0
204952355,032, -49.63,  16.23, -71.69,  -11.65,   -5.12,  -20.00, 0.301, 0.395,-1.090,  28.0, -38.0, 114.0
204952369,032, -49.73,  16.18, -72.17,    2.44,   34.51,  -35.06, 0.283, 0.939,-0.756,  28.0, -38.0, 114.0
204952376,032, -49.84,  16.13, -72.64,    2.44,   34.51,  -35.06, 0.283, 0.939,-0.756,  28.0, -38.0, 114.0
204952386,032, -49.24,  15.96, -73.08,   73.11,   23.90,  -41.52,-0.034, 0.747, 0.833,  28.0, -38.0, 114.0
204952397,032, -48.65,  15.79, -73.52,   73.11,   23.90,  -41.52,-0.034, 0.747, 0.833,  28.0, -38.0, 114.0
204952408,032, -46.20,  13.84, -72.88,  227.01, -175.00, -102.87,-0.555, 2.497,-3.705,  28.0, -38.0, 114.0
204952418,032, -43.80,  11.86, -72.32,  227.01, -175.00, -102.87,-0.555, 2.497,-3.705,  44.0, -20.0, 115.0
204952432,032, -42.98,  10.66, -72.26,   79.33,  -87.87,  -80.37, 0.231, 0.522,-1.379,  44.0, -20.0, 115.0
204952434,032, -42.17,   9.46, -72.23,   79.33,  -87.87,  -80.37, 0.231, 0.522,-1.379,  44.0, -20.0, 115.0
204952448,032, -41.92,   9.26, -73.45,   43.48,   69.70, -104.88, 0.121, 0.508,-0.916,  44.0, -20.0, 115.0
204952456,032, -41.67,   9.07, -74.68,   43.48,   69.70, -104.88, 0.121, 0.508,-0.916,  44.0, -20.0, 115.0
204952469,032, -41.64,   8.98, -76.41,   29.45,  109.94, -136.34, 0.033, 0.595,-0.805,  44.0, -20.0, 115.0
204952477,032, -41.61,   8.88, -78.15,   29.45,  109.94, -136.34, 0.033, 0.595,-0.805,  29.0, -15.0, 118.0
204952487,032, -41.63,   8.63, -80.05,   26.34,  108.60, -158.48, 0.006, 0.828,-0.694,  29.0, -15.0, 118.0
204952497,032, -41.64,   8.37, -81.95,   26.34,  108.60, -158.48, 0.006, 0.828,-0.694,  29.0, -15.0, 118.0
204952508,032, -41.12,   7.91, -83.72,   76.40,   84.70, -164.21, 0.088, 0.837,-0.841,  29.0, -15.0, 118.0
204952524,032, -40.59,   7.47, -85.50,   76.40,   84.70, -164.21, 0.088, 0.837,-0.841,  29.0, -15.0, 118.0
204952527,032, -39.53,   6.97, -87.09,  125.18,   66.65, -154.51, 0.026, 0.392,-0.949,  29.0, -15.0, 118.0
204952535,032, -38.45,   6.51, -88.68,  125.18,   66.65, -154.51, 0.026, 0.392,-0.949,  29.0, -15.0, 118.0
204952546,032, -37.54,   6.08, -90.34,  107.56,   70.49, -158.41, 0.033, 0.414,-0.955,  19.0,   2.0, 120.0
204952556,032, -36.62,   5.67, -92.01,  107.56,   70.49, -158.41, 0.033, 0.414,-0.955,  19.0,   2.0, 120.0
204952567,032, -35.79,   5.33, -93.85,   99.94,   83.11, -169.57,-0.040, 0.562,-0.845,  19.0,   2.0, 120.0
204952577,032, -34.95,   5.01, -95.69,   99.94,   83.11, -169.57,-0.040, 0.562,-0.845,  19.0,   2.0, 120.0
204952587,032, -34.19,   4.63, -97.52,   90.18,   75.43, -174.51,-0.145, 0.588,-1.019,  19.0,   2.0, 120.0
204952598,032, -33.42,   4.27, -99.36,   90.18,   75.43, -174.51,-0.145, 0.588,-1.019,  19.0,   2.0, 120.0
204952614,032, -32.61,   3.89,-101.16,   93.11,   69.09, -174.09,-0.159, 0.698,-0.991,  19.0,   2.0, 120.0
204952619,032, -31.79,   3.53,-102.98,   93.11,   69.09, -174.09,-0.159, 0.698,-0.991,   5.0,  15.0, 118.0
204952625,032, -30.89,   3.25,-104.69,   98.41,   67.13, -162.01,-0.153, 0.587,-1.169,   5.0,  15.0, 118.0
204952638,032, -29.99,   2.99,-106.40,   98.41,   67.13, -162.01,-0.153, 0.587,-1.169,   5.0,  15.0, 118.0
204952646,032, -29.16,   2.87,-108.04,   90.67,   73.29, -150.91,-0.190, 0.565,-1.017,   5.0,  15.0, 118.0
204952656,032, -28.32,   2.77,-109.69,   90.67,   73.29, -150.91,-0.190, 0.565,-1.017,   5.0,  15.0, 118.0
204952667,032, -27.68,   2.81,-111.32,   71.46,   82.87, -144.45,-0.202, 0.646,-0.836,   5.0,  15.0, 118.0
204952677,032, -27.04,   2.86,-112.96,   71.46,   82.87, -144.45,-0.202, 0.646,-0.836, -10.0,  23.0, 116.0
204952688,032, -26.65,   2.92,-114.47,   46.10,   75.73, -132.74,-0.139, 0.726,-0.875, -10.0,  23.0, 116.0
204952698,032, -26.26,   3.00,-115.97,   46.10,   75.73, -132.74,-0.139, 0.726,-0.875, -10.0,  23.0, 116.0
204952700,032, -25.97,   3.14,-117.19,   34.82,   69.39, -105.24,-0.112, 0.397,-1.027, -10.0,  23.0, 116.0
204952715,032, -25.68,   3.29,-118.41,   34.82,   69.39, -105.24,-0.112, 0.397,-1.027, -10.0,  23.0, 116.0
204952729,032, -25.25,   3.52,-119.44,   47.20,   66.89,  -85.43,-0.024, 0.187,-1.001, -10.0,  23.0, 116.0
204952735,032, -24.83,   3.75,-120.47,   47.20,   66.89,  -85.43,-0.024, 0.187,-1.001, -10.0,  23.0, 116.0
204952746,032, -24.33,   3.90,-121.45,   55.91,   56.40,  -84.27, 0.058, 0.373,-0.936, -23.0,  27.0, 113.0
204952760,032, -23.82,   4.06,-122.43,   55.91,   56.40,  -84.27, 0.058, 0.373,-0.936, -23.0,  27.0, 113.0
204952768,032, -23.43,   4.12,-123.31,   44.82,   42.68,  -79.51, 0.053, 0.502,-0.961, -23.0,  27.0, 113.0
204952778,032, -23.04,   4.19,-124.18,   44.82,   42.68,  -79.51, 0.053, 0.502,-0.961, -23.0,  27.0, 113.0
204952790,032, -22.69,   4.25,-124.82,   38.17,   32.26,  -58.54,-0.005, 0.167,-1.128, -23.0,  27.0, 113.0
204952805,032, -22.34,   4.31,-125.46,   38.17,   32.26,  -58.54,-0.005, 0.167,-1.128, -23.0,  27.0, 113.0
204952810,032, -21.97,   4.44,-126.06,   39.88,   37.26,  -51.65, 0.041, 0.038,-1.193, -31.0,  31.0, 111.0
204952816,032, -21.60,   4.59,-126.66,   39.88,   37.26,  -51.65, 0.041, 0.038,-1.193, -31.0,  31.0, 111.0
204952827,032, -21.16,   4.73,-127.34,   47.80,   39.70,  -59.82, 0.079, 0.101,-1.166, -31.0,  31.0, 111.0
204952837,032, -20.73,   4.87,-128.02,   47.80,   39.70,  -59.82, 0.079, 0.101,-1.166, -31.0,  31.0, 111.0
204952847,032, -20.22,   4.95,-128.71,   55.30,   33.72,  -63.96, 0.157, 0.350,-1.015, -31.0,  31.0, 111.0
204952858,032, -19.72,   5.04,-129.41,   55.30,   33.72,  -63.96, 0.157, 0.350,-1.015, -31.0,  31.0, 111.0
204952869,032, -19.30,   5.17,-129.99,   46.34,   32.62,  -52.26, 0.160, 0.792,-1.250, -31.0,  31.0, 111.0
204952884,032, -18.89,   5.29,-130.57,   46.34,   32.62,  -52.26, 0.160, 0.792,-1.250, -37.0,  37.0, 109.0
204952886,032, -18.39,   5.64,-130.81,   51.59,   42.87,  -13.78, 0.102, 0.248,-1.209, -37.0,  37.0, 109.0
204952896,032, -17.88,   6.00,-131.06,   51.59,   42.87,  -13.78, 0.102, 0.248,-1.209, -37.0,  37.0, 109.0
204952906,032, -17.23,   6.42,-131.19,   65.49,   46.28,   -1.52, 0.195,-0.017,-1.270, -37.0,  37.0, 109.0
204952916,032, -16.57,   6.85,-131.31,   65.49,   46.28,   -1.52, 0.195,-0.017,-1.270, -37.0,  37.0, 109.0
204952927,032, -15.82,   7.39,-131.48,   75.55,   58.05,   -2.74, 0.178, 0.097,-1.144, -37.0,  37.0, 109.0
204952937,032, -15.08,   7.93,-131.64,   75.55,   58.05,   -2.74, 0.178, 0.097,-1.144, -37.0,  37.0, 109.0
204952947,032, -14.27,   8.56,-131.88,   83.11,   68.41,   -8.54, 0.056, 0.217,-0.966, -48.0,  48.0, 102.0
204952958,032, -13.47,   9.19,-132.11,   83.11,   68.41,   -8.54, 0.056, 0.217,-0.966, -48.0,  48.0, 102.0
204952969,032, -12.65,   9.83,-132.34,   84.57,   70.12,   -9.63,-0.262, 0.074,-1.053, -48.0,  48.0, 102.0
204952970,032, -11.83,  10.47,-132.57,   84.57,   70.12,   -9.63,-0.262, 0.074,-1.053, -48.0,  48.0, 102.0
204952986,032, -10.72,  11.06,-132.74,  112.50,   63.78,   -7.13,-0.750,-0.422,-1.412, -48.0,  48.0, 102.0
204952996,032,  -9.61,  11.65,-132.91,  112.50,   63.78,   -7.13,-0.750,-0.422,-1.412, -48.0,  48.0, 102.0
204953007,032,  -8.71,  12.00,-133.69,  106.40,   50.61,  -70.79,-1.860, 1.199,-2.191, -61.0,  59.0,  92.0
204953016,032,  -7.80,  12.37,-134.47,  106.40,   50.61,  -70.79,-1.860, 1.199,-2.191, -61.0,  59.0,  92.0
204953026,032,  -7.46,  12.66,-135.53,   58.41,   44.33, -100.00,-3.207, 7.285,-2.497, -61.0,  59.0,  92.0
204953041,032,  -7.12,  12.95,-136.59,   58.41,   44.33, -100.00,-3.207, 7.285,-2.497, -61.0,  59.0,  92.0
204953048,032,  -7.85,  14.01,-133.67, -140.30,   70.61,  294.15,-8.000, 8.000,-1.056, -61.0,  59.0,  92.0
204953064,032,  -8.53,  15.10,-130.76, -140.30,   70.61,  294.15,-8.000, 8.000,-1.056, -61.0,  59.0,  92.0
204953065,032, -11.60,  15.11,-121.23, -554.94, -156.22,  906.34,-8.000, 8.000,-8.000, -61.0,  59.0,  92.0
204953078,032, -14.63,  15.62,-111.67, -554.94, -156.22,  906.34,-8.000, 8.000,-8.000,   8.0,  33.0, 112.0
204953089,032, -21.05,  15.55, -95.84,-1062.93, -469.88, 1448.54,-8.000, 7.290,-8.000,   8.0,  33.0, 112.0
204953097,032, -27.27,  17.17, -80.06,-1062.93, -469.88, 1448.54,-8.000, 7.290,-8.000,   8.0,  33.0, 112.0
204953107,032, -30.14,  24.16, -60.21, -988.17, -283.23, 1964.27,-8.000,-4.753,-8.000,   8.0,  33.0, 112.0
204953117,032, -30.24,  31.64, -39.42, -988.17, -283.23, 1964.27,-8.000,-4.753,-8.000,   8.0,  33.0, 112.0
204953127,032, -28.69,  41.75, -20.67, -974.33,  132.68, 1805.00,-8.000,-8.000,-4.847,   8.0,  33.0, 112.0
204953138,032, -21.82,  50.77,   2.13, -974.33,  132.68, 1805.00,-8.000,-8.000,-4.847,   8.0,  33.0, 112.0
204953153,032, -22.43,  53.88,  15.76,-1141.22,  -24.15,  885.73,-6.339,-8.000,-5.096,  -6.0, -99.0,  78.0
204953154,032, -21.73,  56.98,  30.44,-1141.22,  -24.15,  885.73,-6.339,-8.000,-5.096,  -6.0, -99.0,  78.0
204953166,032, -20.50,  55.68,  39.46, -630.55, -298.78,  417.87,-1.523,-8.000,-6.124,  -6.0, -99.0,  78.0
204953175,032, -19.67,  54.28,  48.13, -630.55, -298.78,  417.87,-1.523,-8.000,-6.124,  -6.0, -99.0,  78.0
204953186,032, -20.16,  52.19,  50.75, -263.41, -248.05,   75.61, 1.086,-3.732,-5.118,  -6.0, -99.0,  78.0
204953196,032, -20.78,  50.11,  53.28, -263.41, -248.05,   75.61, 1.086,-3.732,-5.118,  -6.0, -99.0,  78.0
204953207,032, -23.53,  50.00,  51.37, -130.61,   36.59, -119.63, 0.938,-1.130,-0.210,   2.0,-122.0,  58.0
204953217,032, -26.25,  49.83,  49.48, -130.61,   36.59, -119.63, 0.938,-1.130,-0.210,   2.0,-122.0,  58.0
204953227,032, -28.55,  49.93,  47.17,  -52.99,   74.94, -127.74, 1.265, 0.463, 0.848,   2.0,-122.0,  58.0
204953238,032, -30.85,  49.96,  44.85,  -52.99,   74.94, -127.74, 1.265, 0.463, 0.848,   2.0,-122.0,  58.0
204953240,032, -30.96,  49.32,  44.69,   -0.49,  -49.33,  -41.46, 1.271, 0.495,-0.435,   2.0,-122.0,  58.0
204953254,032, -31.07,  48.68,  44.53,   -0.49,  -49.33,  -41.46, 1.271, 0.495,-0.435,   2.0,-122.0,  58.0
204953265,032, -30.68,  47.81,  45.22,  -14.27,  -97.07,   -5.55, 0.957, 0.011,-0.837,   2.0,-122.0,  58.0
204953275,032, -30.31,  46.94,  45.89,  -14.27,  -97.07,   -5.55, 0.957, 0.011,-0.837,   9.0,-123.0,  56.0
204953285,032, -30.11,  46.34,  46.18,   -4.02,  -59.51,  -12.80, 0.905, 0.098,-1.313,   9.0,-123.0,  56.0
204953296,032, -29.93,  45.75,  46.47,   -4.02,  -59.51,  -12.80, 0.905, 0.098,-1.313,   9.0,-123.0,  56.0
204953308,032, -30.15,  45.41,  46.09,    3.60,  -15.24,  -39.51, 0.853, 0.488,-0.640,   9.0,-123.0,  56.0
204953318,032, -30.37,  45.07,  45.71,    3.60,  -15.24,  -39.51, 0.853, 0.488,-0.640,   9.0,-123.0,  56.0
204953329,032, -30.53,  44.93,  45.18,   21.34,    6.89,  -38.96, 0.857, 0.619,-0.310,   9.0,-123.0,  56.0
204953344,032, -30.68,  44.79,  44.65,   21.34,    6.89,  -38.96, 0.857, 0.619,-0.310,   9.0,-123.0,  56.0
204953346,032, -30.70,  44.53,  44.36,   18.41,  -11.22,  -30.18, 1.003, 0.999,-0.523,  13.0,-121.0,  58.0
204953355,032, -30.71,  44.27,  44.06,   18.41,  -11.22,  -30.18, 1.003, 0.999,-0.523,  13.0,-121.0,  58.0
204953370,032, -30.52,  43.94,  44.19,    9.51,  -33.17,   -8.05, 0.856, 0.620,-0.298,  13.0,-121.0,  58.0
204953376,032, -30.33,  43.61,  44.32,    9.51,  -33.17,   -8.05, 0.856, 0.620,-0.298,  13.0,-121.0,  58.0
204953392,032, -29.98,  43.22,  44.79,    1.04,  -49.33,    9.70, 0.847, 0.208,-1.082,  13.0,-121.0,  58.0
204953397,032, -29.63,  42.82,  45.25,    1.04,  -49.33,    9.70, 0.847, 0.208,-1.082,  13.0,-121.0,  58.0
204953408,032, -29.68,  42.51,  45.46,  -21.59,  -33.48,   -2.01, 0.770, 0.039,-1.221,  16.0,-121.0,  57.0
204953425,032, -29.73,  42.19,  45.68,  -21.59,  -33.48,   -2.01, 0.770, 0.039,-1.221,  16.0,-121.0,  57.0
204953426,032, -29.98,  42.09,  45.39,   -6.52,    2.68,  -22.80, 0.757, 0.708,-0.786,  16.0,-121.0,  57.0
204953438,032, -30.22,  41.99,  45.11,   -6.52,    2.68,  -22.80, 0.757, 0.708,-0.786,  16.0,-121.0,  57.0
204953446,016, -30.48,  42.11,  44.98,  -19.88,   13.17,   -4.33, 0.743, 0.267,-0.554,  16.0,-121.0,  57.0
204953457,016, -30.73,  42.24,  44.86,  -19.88,   13.17,   -4.33, 0.743, 0.267,-0.554,  16.0,-121.0,  57.0
204953467,032, -30.76,  42.27,  44.79,    0.37,    6.16,   -2.80, 0.647, 0.176,-0.476,  16.0,-121.0,  57.0
204953479,032, -30.79,  42.30,  44.72,    0.37,    6.16,   -2.80, 0.647, 0.176,-0.476,  17.0,-121.0,  57.0
204953487,032, -30.73,  42.14,  44.70,    6.28,  -12.87,   -8.96, 0.755, 0.750,-0.751,  17.0,-121.0,  57.0
204953497,032, -30.67,  41.97,  44.68,    6.28,  -12.87,   -8.96, 0.755, 0.750,-0.751,  17.0,-121.0,  57.0
204953508,032, -30.57,  41.59,  44.72,    5.37,  -32.87,  -15.67, 0.611, 0.564,-0.771,  17.0,-121.0,  57.0
204953510,032, -30.48,  41.21,  44.77,    5.37,  -32.87,  -15.67, 0.611, 0.564,-0.771,  17.0,-121.0,  57.0
204953525,016, -30.39,  41.03,  44.77,    7.07,  -14.15,   -9.21, 0.616, 0.347,-0.645,  17.0,-121.0,  57.0
204953535,016, -30.30,  40.84,  44.76,    7.07,  -14.15,   -9.21, 0.616, 0.347,-0.645,  20.0,-121.0,  57.0
204953546,016, -30.25,  40.70,  44.76,    3.23,   -8.78,   -6.65, 0.663, 0.417,-0.764,  20.0,-121.0,  57.0
204953558,016, -30.20,  40.57,  44.75,    3.23,   -8.78,   -6.65, 0.663, 0.417,-0.764,  20.0,-121.0,  57.0
204953567,032, -30.15,  40.46,  44.71,    6.40,   -6.65,   -7.07, 0.628, 0.462,-0.780,  20.0,-121.0,  57.0
204953577,032, -30.09,  40.35,  44.68,    6.40,   -6.65,   -7.07, 0.628, 0.462,-0.780,  20.0,-121.0,  57.0
204953587,032, -29.91,  40.30,  44.63,   20.18,   -1.59,   -5.49, 0.612, 0.459,-0.796,  20.0,-121.0,  57.0
204953600,032, -29.72,  40.24,  44.58,   20.18,   -1.59,   -5.49, 0.612, 0.459,-0.796,  20.0,-121.0,  57.0
204953614,016, -29.57,  40.22,  44.58,   11.59,    0.91,   -0.67, 0.607, 0.340,-0.725,  20.0,-120.0,  58.0
204953615,016, -29.43,  40.20,  44.59,   11.59,    0.91,   -0.67, 0.607, 0.340,-0.725,  20.0,-120.0,  58.0
204953628,000, -29.20,  40.16,  44.71,    2.56,   -0.49,   -0.18, 0.623, 0.327,-0.674,  20.0,-120.0,  58.0
204953636,000, -29.00,  40.12,  44.82,    2.56,   -0.49,   -0.18, 0.623, 0.327,-0.674,  20.0,-120.0,  58.0
204953650,016, -28.99,  40.07,  44.78,    1.65,   -1.77,   -5.18, 0.614, 0.313,-0.627,  20.0,-120.0,  58.0
204953657,016, -28.97,  40.03,  44.74,    1.65,   -1.77,   -5.18, 0.614, 0.313,-0.627,  20.0,-120.0,  58.0
204953667,032, -29.01,  39.91,  44.65,    0.98,   -6.10,  -11.10, 0.659, 0.670,-0.733,  20.0,-120.0,  58.0
204953678,032, -29.05,  39.79,  44.56,    0.98,   -6.10,  -11.10, 0.659, 0.670,-0.733,  21.0,-119.0,  58.0
204953688,032, -29.13,  39.70,  44.54,   -7.38,   -5.43,   -4.82, 0.644, 0.537,-0.764,  21.0,-119.0,  58.0
204953704,032, -29.20,  39.62,  44.52,   -7.38,   -5.43,   -4.82, 0.644, 0.537,-0.764,  21.0,-119.0,  58.0
204953705,032, -29.10,  39.58,  44.67,   -0.98,   -7.74,    7.80, 0.669, 0.354,-0.822,  21.0,-119.0,  58.0
204953716,032, -29.01,  39.54,  44.81,   -0.98,   -7.74,    7.80, 0.669, 0.354,-0.822,  21.0,-119.0,  58.0
204953726,016, -28.76,  39.53,  44.99,    8.78,   -6.22,   10.55, 0.626, 0.259,-0.696,  21.0,-119.0,  58.0
204953736,016, -28.52,  39.51,  45.18,    8.78,   -6.22,   10.55, 0.626, 0.259,-0.696,  21.0,-119.0,  59.0
204953746,016, -28.35,  39.48,  45.25,    9.94,   -2.32,    2.93, 0.584, 0.307,-0.720,  21.0,-119.0,  59.0
204953758,016, -28.18,  39.45,  45.31,    9.94,   -2.32,    2.93, 0.584, 0.307,-0.720,  21.0,-119.0,  59.0
204953767,016, -28.12,  39.38,  45.30,    5.30,   -2.87,   -3.35, 0.619, 0.412,-0.796,  21.0,-119.0,  59.0
204953778,016, -28.06,  39.30,  45.28,    5.30,   -2.87,   -3.35, 0.619, 0.412,-0.796,  21.0,-119.0,  59.0
204953793,032, -28.19,  39.27,  45.26,  -13.05,   -0.85,   -2.62, 0.655, 0.374,-0.821,  21.0,-119.0,  59.0
204953796,032, -28.32,  39.24,  45.24,  -13.05,   -0.85,   -2.62, 0.655, 0.374,-0.821,  21.0,-119.0,  59.0
204953808,016, -28.37,  39.20,  45.23,   -7.07,   -0.79,   -2.07, 0.659, 0.379,-0.788,  21.0,-119.0,  58.0
204953816,016, -28.42,  39.17,  45.22,   -7.07,   -0.79,   -2.07, 0.659, 0.379,-0.788,  21.0,-119.0,  58.0
204953829,016, -28.54,  39.23,  45.12,   -5.67,    9.57,   -3.41, 0.610, 0.383,-0.629,  21.0,-119.0,  58.0
204953837,016, -28.66,  39.28,  45.02,   -5.67,    9.57,   -3.41, 0.610, 0.383,-0.629,  21.0,-119.0,  58.0
204953847,000, -28.78,  39.21,  44.90,   -0.37,    5.06,   -2.56, 0.611, 0.414,-0.692,  21.0,-119.0,  58.0
204953858,000, -28.90,  39.15,  44.79,   -0.37,    5.06,   -2.56, 0.611, 0.414,-0.692,  21.0,-119.0,  58.0
204953868,032, -28.87,  39.10,  44.81,   -0.43,   -3.60,   -0.18, 0.635, 0.399,-0.849,  21.0,-119.0,  58.0
204953883,032, -28.85,  39.06,  44.83,   -0.43,   -3.60,   -0.18, 0.635, 0.399,-0.849,  21.0,-119.0,  58.0
204953885,016, -28.84,  39.04,  44.90,   -7.26,   -1.59,    3.54, 0.652, 0.345,-0.815,  21.0,-119.0,  58.0
204953895,016, -28.84,  39.02,  44.97,   -7.26,   -1.59,    3.54, 0.652, 0.345,-0.815,  21.0,-119.0,  58.0
204953907,032, -28.85,  39.05,  44.97,   -2.13,    3.84,    1.71, 0.588, 0.303,-0.606,  21.0,-119.0,  58.0
204953916,032, -28.86,  39.09,  44.97,   -2.13,    3.84,    1.71, 0.588, 0.303,-0.606,  21.0,-119.0,  58.0
204953926,016, -28.83,  39.11,  44.96,    1.59,    3.29,   -0.49, 0.590, 0.290,-0.620,  21.0,-119.0,  58.0
204953937,016, -28.80,  39.13,  44.94,    1.59,    3.29,   -0.49, 0.590, 0.290,-0.620,  21.0,-119.0,  59.0
204953947,032, -28.75,  39.05,  44.93,    4.57,   -5.79,   -4.21, 0.639, 0.458,-0.820,  21.0,-119.0,  59.0
204953958,032, -28.69,  38.97,  44.92,    4.57,   -5.79,   -4.21, 0.639, 0.458,-0.820,  21.0,-119.0,  59.0
204953976,032, -28.73,  38.90,  44.92,   -4.88,   -4.45,   -3.17, 0.671, 0.388,-0.870,  21.0,-119.0,  59.0
204953978,032, -28.77,  38.83,  44.92,   -4.88,   -4.45,   -3.17, 0.671, 0.388,-0.870,  21.0,-119.0,  59.0
204953989,032, -28.88,  38.87,  44.87,   -9.88,    5.91,   -1.04, 0.667, 0.398,-0.790,  21.0,-119.0,  59.0
204953996,032, -28.99,  38.90,  44.83,   -9.88,    5.91,   -1.04, 0.667, 0.398,-0.790,  21.0,-119.0,  59.0
204954006,016, -29.13,  39.01,  44.74,   -8.84,   12.01,   -1.04, 0.601, 0.350,-0.579,  22.0,-120.0,  58.0
204954016,016, -29.27,  39.11,  44.65,   -8.84,   12.01,   -1.04, 0.601, 0.350,-0.579,  22.0,-120.0,  58.0
204954027,000, -29.08,  39.04,  44.73,    2.99,    2.07,    0.55, 0.581, 0.331,-0.683,  22.0,-120.0,  58.0
204954037,000, -28.90,  38.99,  44.81,    2.99,    2.07,    0.55, 0.581, 0.331,-0.683,  22.0,-120.0,  58.0
204954047,032, -28.76,  38.88,  44.85,   10.61,   -9.82,   -2.26, 0.630, 0.447,-0.875,  22.0,-120.0,  58.0
204954058,032, -28.62,  38.77,  44.89,   10.61,   -9.82,   -2.26, 0.630, 0.447,-0.875,  22.0,-120.0,  58.0
204954061,032, -28.63,  38.71,  44.91,   -3.90,   -4.09,   -1.04, 0.655, 0.383,-0.894,  22.0,-120.0,  58.0
204954075,032, -28.64,  38.66,  44.93,   -3.90,   -4.09,   -1.04, 0.655, 0.383,-0.894,  22.0,-120.0,  58.0
204954086,016, -28.77,  38.75,  44.88,  -12.20,   11.65,    1.22, 0.657, 0.368,-0.765,  22.0,-120.0,  58.0
204954096,016, -28.90,  38.85,  44.83,  -12.20,   11.65,    1.22, 0.657, 0.368,-0.765,  22.0,-120.0,  58.0
204954108,016, -29.07,  38.99,  44.72,  -10.24,   16.89,   -0.91, 0.606, 0.344,-0.588,  22.0,-120.0,  58.0
204954119,016, -29.08,  39.04,  44.67,   -0.37,    6.46,   -1.10, 0.592, 0.322,-0.634,  22.0,-120.0,  58.0
204954127,016, -29.09,  39.08,  44.63,   -0.37,    6.46,   -1.10, 0.592, 0.322,-0.634,  22.0,-120.0,  58.0
204954138,032, -29.05,  39.02,  44.61,    4.27,   -3.23,   -3.54, 0.620, 0.495,-0.762,  22.0,-119.0,  58.0
204954148,032, -29.01,  38.96,  44.59,    4.27,   -3.23,   -3.54, 0.620, 0.495,-0.762,  22.0,-119.0,  58.0
204954163,032, -29.01,  38.94,  44.61,   -2.99,   -1.71,    0.12, 0.640, 0.375,-0.825,  22.0,-119.0,  58.0
204954166,032, -29.02,  38.91,  44.62,   -2.99,   -1.71,    0.12, 0.640, 0.375,-0.825,  22.0,-119.0,  58.0
204954175,016, -29.01,  38.92,  44.66,   -3.78,    1.77,    2.74, 0.644, 0.358,-0.792,  22.0,-119.0,  58.0
204954185,016, -29.00,  38.93,  44.69,   -3.78,    1.77,    2.74, 0.644, 0.358,-0.792,  22.0,-119.0,  58.0
204954196,000, -28.94,  38.97,  44.73,   -2.01,    4.70,    1.52, 0.613, 0.346,-0.673,  22.0,-119.0,  58.0
204954207,000, -28.89,  39.00,  44.76,   -2.01,    4.70,    1.52, 0.613, 0.346,-0.673,  22.0,-120.0,  57.0
204954217,000, -28.87,  38.89,  44.75,    1.16,    2.07,    0.00, 0.610, 0.413,-0.741,  22.0,-120.0,  57.0
204954229,000, -28.86,  38.79,  44.74,    1.16,    2.07,    0.00, 0.610, 0.413,-0.741,  22.0,-120.0,  57.0
204954242,032, -28.82,  38.80,  44.74,    2.50,    1.71,    1.28, 0.631, 0.504,-0.760,  22.0,-120.0,  57.0
204954243,032, -28.78,  38.81,  44.75,    2.50,    1.71,    1.28, 0.631, 0.504,-0.760,  22.0,-120.0,  57.0
204954253,032, -28.76,  38.87,  44.82,   -4.09,    4.09,    7.93, 0.651, 0.341,-0.821,  22.0,-120.0,  57.0
204954264,032, -28.74,  38.93,  44.89,   -4.09,    4.09,    7.93, 0.651, 0.341,-0.821,  21.0,-120.0,  57.0
204954276,000, -28.44,  38.98,  45.11,   -2.68,    5.79,    7.38, 0.636, 0.286,-0.761,  21.0,-120.0,  57.0
204954286,000, -28.16,  39.02,  45.33,   -2.68,    5.79,    7.38, 0.636, 0.286,-0.761,  21.0,-120.0,  57.0
204954297,016, -28.20,  39.11,  45.32,   -5.00,    8.78,    3.84, 0.606, 0.313,-0.618,  21.0,-120.0,  57.0
204954308,016, -28.24,  39.20,  45.32,   -5.00,    8.78,    3.84, 0.606, 0.313,-0.618,  21.0,-120.0,  57.0
204954318,000, -28.18,  39.19,  45.34,   -0.55,    3.35,    0.79, 0.603, 0.347,-0.688,  21.0,-120.0,  57.0
204954333,000, -28.13,  39.17,  45.37,   -0.55,    3.35,    0.79, 0.603, 0.347,-0.688,  21.0,-120.0,  57.0
204954335,032, -28.17,  39.15,  45.34,   -2.93,    0.37,   -2.68, 0.644, 0.459,-0.766,  20.0,-120.0,  57.0
204954344,032, -28.21,  39.13,  45.31,   -2.93,    0.37,   -2.68, 0.644, 0.459,-0.766,  20.0,-120.0,  57.0
204954356,016, -28.26,  39.14,  45.31,   -7.44,    2.74,    0.79, 0.643, 0.358,-0.765,  20.0,-120.0,  57.0
204954366,016, -28.31,  39.16,  45.31,   -7.44,    2.74,    0.79, 0.643, 0.358,-0.765,  20.0,-120.0,  57.0
204954376,032, -28.36,  39.18,  45.31,   -6.22,    3.48,    1.52, 0.675, 0.399,-0.774,  20.0,-120.0,  57.0
204954387,032, -28.41,  39.21,  45.31,   -6.22,    3.48,    1.52, 0.675, 0.399,-0.774,  20.0,-120.0,  57.0
204954397,000, -28.41,  39.28,  45.32,   -3.66,    6.22,    1.52, 0.617, 0.336,-0.655,  20.0,-120.0,  57.0
204954408,000, -28.41,  39.35,  45.32,   -3.66,    6.22,    1.52, 0.617, 0.336,-0.655,  20.0,-121.0,  57.0
204954423,000, -28.33,  39.30,  45.36,   -0.49,    3.11,   -0.06, 0.614, 0.355,-0.733,  20.0,-121.0,  57.0
204954425,000, -28.26,  39.25,  45.39,   -0.49,    3.11,   -0.06, 0.614, 0.355,-0.733,  20.0,-121.0,  57.0
204954435,000, -28.31,  39.21,  45.32,    0.37,    3.41,   -1.95, 0.618, 0.405,-0.701,  20.0,-121.0,  57.0
204954446,000, -28.37,  39.17,  45.26,    0.37,    3.41,   -1.95, 0.618, 0.405,-0.701,  20.0,-121.0,  57.0
204954457,000, -28.35,  39.15,  45.24,    0.91,    4.27,   -0.37, 0.626, 0.386,-0.722,  20.0,-121.0,  57.0
204954467,000, -28.34,  39.13,  45.22,    0.91,    4.27,   -0.37, 0.626, 0.386,-0.722,  20.0,-121.0,  57.0
204954477,000, -28.27,  39.13,  45.23,    4.94,    0.79,    1.22, 0.615, 0.360,-0.672,  20.0,-121.0,  57.0
204954491,000, -28.20,  39.12,  45.25,    4.94,    0.79,    1.22, 0.615, 0.360,-0.672,  20.0,-121.0,  57.0
204954499,000, -28.04,  39.06,  45.33,    4.15,   -3.29,    0.06, 0.610, 0.323,-0.713,  20.0,-121.0,  57.0
204954508,000, -27.88,  38.99,  45.41,    4.15,   -3.29,    0.06, 0.610, 0.323,-0.713,  20.0,-121.0,  57.0
204954509,000, -28.02,  38.92,  45.33,   -3.23,   -1.77,   -2.13, 0.625, 0.443,-0.690,  20.0,-121.0,  57.0
204954528,000, -28.15,  38.85,  45.26,   -3.23,   -1.77,   -2.13, 0.625, 0.443,-0.690,  20.0,-121.0,  57.0
204954537,016, -28.19,  38.83,  45.28,   -5.30,   -1.46,    1.52, 0.645, 0.504,-0.719,  20.0,-121.0,  57.0
204954545,016, -28.23,  38.81,  45.30,   -5.30,   -1.46,    1.52, 0.645, 0.504,-0.719,  20.0,-121.0,  57.0
204954557,016, -28.18,  38.79,  45.46,   -7.32,   -6.16,   10.06, 0.649, 0.359,-0.770,  20.0,-121.0,  57.0
204954570,016, -28.14,  38.77,  45.62,   -7.32,   -6.16,   10.06, 0.649, 0.359,-0.770,  20.0,-121.0,  57.0
204954577,016, -28.04,  38.76,  45.79,   -3.78,   -6.04,   11.04, 0.646, 0.293,-0.786,  20.0,-121.0,  57.0
204954588,016, -27.95,  38.74,  45.97,   -3.78,   -6.04,   11.04, 0.646, 0.293,-0.786,  20.0,-121.0,  57.0
204954598,000, -27.78,  38.79,  46.11,   -1.89,    0.73,    5.73, 0.617, 0.274,-0.683,  20.0,-121.0,  57.0
204954614,000, -27.62,  38.84,  46.25,   -1.89,    0.73,    5.73, 0.617, 0.274,-0.683,  19.0,-121.0,  57.0
204954616,000, -27.61,  38.78,  46.27,   -1.16,   -1.89,   -0.73, 0.622, 0.374,-0.725,  19.0,-121.0,  57.0
204954625,000, -27.60,  38.72,  46.28,   -1.16,   -1.89,   -0.73, 0.622, 0.374,-0.725,  19.0,-121.0,  57.0
204954636,016, -27.58,  38.68,  46.28,    1.10,   -2.07,   -1.52, 0.646, 0.429,-0.758,  19.0,-121.0,  57.0
204954647,016, -27.56,  38.64,  46.27,    1.10,   -2.07,   -1.52, 0.646, 0.429,-0.758,  19.0,-121.0,  57.0
204954658,016, -27.52,  38.63,  46.32,    0.00,   -0.91,    2.68, 0.657, 0.360,-0.771,  19.0,-121.0,  57.0
204954671,016, -27.47,  38.62,  46.36,    0.00,   -0.91,    2.68, 0.657, 0.360,-0.771,  20.0,-120.0,  57.0