202536718,016,   3.81,  -3.67,   8.23,   -1.05,    2.05,   -0.70, 0.004,-0.018,-1.098, 100.0, -54.0,  68.0
202536730,016,   3.79,  -3.65,   8.24,   -1.05,    2.05,   -0.70,-0.002,-0.013,-1.086, 100.0, -54.0,  68.0
202536736,016,   3.78,  -3.63,   8.25,   -1.05,    2.05,   -0.70,-0.002,-0.013,-1.086, 100.0, -54.0,  68.0
202536747,016,   3.77,  -3.60,   8.26,   -1.08,    2.03,   -0.72,-0.002,-0.019,-1.098, 100.0, -54.0,  68.0
202536757,016,   3.76,  -3.58,   8.28,   -1.08,    2.03,   -0.72,-0.002,-0.019,-1.098, 100.0, -54.0,  68.0
202536769,016,   3.75,  -3.56,   8.29,   -1.15,    2.08,   -0.67, 0.003,-0.009,-1.092, 100.0, -53.0,  68.0
202536785,016,   3.73,  -3.53,   8.30,   -1.15,    2.08,   -0.67, 0.003,-0.009,-1.092, 100.0, -53.0,  68.0
202536787,032,   3.73,  -3.52,   8.31,   -1.11,    2.00,   -0.70, 0.004,-0.017,-1.104, 100.0, -53.0,  68.0
202536802,032,   3.73,  -3.51,   8.32,   -1.11,    2.00,   -0.70, 0.004,-0.017,-1.104, 100.0, -53.0,  68.0
202536810,032,   3.73,  -3.50,   8.33,   -1.10,    2.03,   -0.69, 0.003,-0.026,-1.110, 100.0, -53.0,  68.0
202536818,032,   3.73,  -3.49,   8.35,   -1.10,    2.03,   -0.69, 0.003,-0.026,-1.110, 100.0, -53.0,  68.0
202536828,016,   3.72,  -3.46,   8.36,   -1.08,    2.00,   -0.64, 0.007,-0.023,-1.090, 100.0, -53.0,  68.0
202536839,016,   3.71,  -3.44,   8.37,   -1.08,    2.00,   -0.64, 0.007,-0.023,-1.090, 100.0, -53.0,  68.0
202536848,016,   3.70,  -3.42,   8.38,   -1.10,    2.00,   -0.66, 0.002,-0.017,-1.099, 100.0, -53.0,  68.0
202536860,016,   3.68,  -3.39,   8.39,   -1.10,    2.00,   -0.66, 0.002,-0.017,-1.099, 100.0, -53.0,  68.0
202536874,016,   3.67,  -3.37,   8.41,   -1.15,    2.02,   -0.64, 0.001,-0.021,-1.099, 100.0, -53.0,  68.0
202536876,016,   3.66,  -3.35,   8.42,   -1.15,    2.02,   -0.64, 0.001,-0.021,-1.099, 100.0, -53.0,  68.0
202536891,016,   3.65,  -3.33,   8.43,   -1.19,    2.00,   -0.67, 0.006,-0.020,-1.092, 100.0, -53.0,  68.0
202536898,016,   3.64,  -3.30,   8.44,   -1.19,    2.00,   -0.67, 0.006,-0.020,-1.092, 100.0, -53.0,  68.0
202536911,032,   3.64,  -3.29,   8.45,   -1.08,    2.08,   -0.67,-0.003,-0.018,-1.102, 101.0, -53.0,  67.0
202536919,032,   3.64,  -3.28,   8.46,   -1.08,    2.08,   -0.67,-0.003,-0.018,-1.102, 101.0, -53.0,  67.0
202536932,032,   3.64,  -3.27,   8.48,   -1.15,    2.05,   -0.64, 0.009,-0.018,-1.106, 101.0, -53.0,  67.0
202536939,032,   3.63,  -3.25,   8.49,   -1.15,    2.05,   -0.64, 0.009,-0.018,-1.106, 101.0, -53.0,  67.0
202536953,016,   3.62,  -3.23,   8.50,   -1.08,    2.03,   -0.66, 0.008,-0.014,-1.100, 101.0, -53.0,  67.0
202536961,016,   3.61,  -3.21,   8.51,   -1.08,    2.03,   -0.66, 0.008,-0.014,-1.100, 101.0, -53.0,  67.0
202536963,016,   3.60,  -3.19,   8.52,   -1.04,    2.02,   -0.67, 0.003,-0.021,-1.099, 101.0, -53.0,  68.0
202536977,016,   3.59,  -3.16,   8.53,   -1.04,    2.02,   -0.67, 0.003,-0.021,-1.099, 101.0, -53.0,  68.0
202536988,016,   3.58,  -3.14,   8.54,   -1.04,    2.02,   -0.64,-0.008,-0.019,-1.095, 101.0, -53.0,  68.0
202536997,016,   3.57,  -3.12,   8.55,   -1.04,    2.02,   -0.64,-0.008,-0.019,-1.095, 101.0, -53.0,  68.0
202537010,032,   3.57,  -3.11,   8.57,   -1.10,    2.00,   -0.66, 0.013,-0.028,-1.106, 101.0, -53.0,  68.0
202537019,032,   3.57,  -3.10,   8.58,   -1.10,    2.00,   -0.66, 0.013,-0.028,-1.106, 101.0, -53.0,  68.0
202537028,016,   3.56,  -3.08,   8.59,   -1.10,    2.02,   -0.66, 0.001,-0.027,-1.085, 101.0, -53.0,  68.0
202537038,016,   3.55,  -3.06,   8.60,   -1.10,    2.02,   -0.66, 0.001,-0.027,-1.085, 101.0, -53.0,  68.0
202537055,016,   3.54,  -3.04,   8.61,   -1.10,    1.97,   -0.67,-0.003,-0.019,-1.099, 101.0, -53.0,  68.0
202537056,016,   3.53,  -3.02,   8.62,   -1.10,    1.97,   -0.67,-0.003,-0.019,-1.099, 101.0, -53.0,  68.0
202537066,032,   3.53,  -3.01,   8.63,   -1.11,    2.03,   -0.61, 0.008,-0.015,-1.104, 101.0, -53.0,  68.0
202537076,032,   3.53,  -3.00,   8.65,   -1.11,    2.03,   -0.61, 0.008,-0.015,-1.104, 101.0, -53.0,  68.0
202537087,016,   3.52,  -2.98,   8.66,   -1.02,    2.02,   -0.63, 0.000,-0.023,-1.086, 101.0, -53.0,  68.0
202537097,016,   3.51,  -2.95,   8.67,   -1.02,    2.02,   -0.63, 0.000,-0.023,-1.086, 100.0, -53.0,  68.0
202537110,016,   3.50,  -2.93,   8.68,   -0.98,    2.08,   -0.66, 0.004,-0.021,-1.092, 100.0, -53.0,  68.0
202537122,016,   3.49,  -2.91,   8.69,   -0.98,    2.08,   -0.66, 0.004,-0.021,-1.092, 100.0, -53.0,  68.0
202537129,032,   3.49,  -2.90,   8.70,   -1.10,    2.08,   -0.67,-0.000,-0.014,-1.109, 100.0, -53.0,  68.0
202537144,032,   3.49,  -2.89,   8.71,   -1.10,    2.08,   -0.67,-0.000,-0.014,-1.109, 100.0, -53.0,  68.0
202537147,032,   3.49,  -2.87,   8.73,   -1.15,    2.12,   -0.64,-0.001,-0.018,-1.102, 100.0, -53.0,  68.0
202537156,032,   3.48,  -2.86,   8.74,   -1.15,    2.12,   -0.64,-0.001,-0.018,-1.102, 100.0, -53.0,  68.0
202537167,032,   3.48,  -2.85,   8.75,   -1.01,    2.15,   -0.69, 0.003,-0.023,-1.102, 101.0, -53.0,  68.0
202537177,032,   3.48,  -2.84,   8.76,   -1.01,    2.15,   -0.69, 0.003,-0.023,-1.102, 101.0, -53.0,  68.0
202537187,032,   3.49,  -2.82,   8.77,   -0.75,    2.26,   -0.67, 0.007,-0.023,-1.103, 101.0, -53.0,  68.0
202537198,032,   3.49,  -2.81,   8.78,   -0.75,    2.26,   -0.67, 0.007,-0.023,-1.103, 101.0, -53.0,  68.0
202537208,016,   3.48,  -2.79,   8.79,   -0.78,    2.09,   -0.69, 0.000,-0.019,-1.092, 101.0, -53.0,  68.0
202537219,016,   3.47,  -2.77,   8.80,   -0.78,    2.09,   -0.69, 0.000,-0.019,-1.092, 101.0, -53.0,  68.0
202537235,016,   3.47,  -2.75,   8.81,   -0.84,    2.11,   -0.70, 0.004,-0.021,-1.095, 101.0, -53.0,  68.0
202537237,016,   3.46,  -2.72,   8.82,   -0.84,    2.11,   -0.70, 0.004,-0.021,-1.095, 101.0, -53.0,  68.0
202537246,016,   3.45,  -2.70,   8.83,   -0.72,    2.09,   -0.70,-0.002,-0.026,-1.100, 101.0, -53.0,  68.0
202537256,016,   3.45,  -2.68,   8.84,   -0.72,    2.09,   -0.70,-0.002,-0.026,-1.100, 101.0, -53.0,  68.0
202537271,032,   3.45,  -2.67,   8.86,   -0.70,    2.18,   -0.70, 0.003,-0.018,-1.105, 101.0, -53.0,  68.0
202537278,032,   3.45,  -2.66,   8.87,   -0.70,    2.18,   -0.70, 0.003,-0.018,-1.105, 101.0, -53.0,  68.0
202537293,016,   3.45,  -2.64,   8.88,   -0.73,    2.18,   -0.75, 0.003,-0.020,-1.098, 101.0, -53.0,  68.0
202537299,016,   3.44,  -2.61,   8.89,   -0.73,    2.18,   -0.75, 0.003,-0.020,-1.098, 100.0, -53.0,  68.0
202537311,016,   3.43,  -2.59,   8.90,   -0.87,    2.05,   -0.78, 0.004,-0.012,-1.098, 100.0, -53.0,  68.0
202537322,016,   3.42,  -2.57,   8.91,   -0.87,    2.05,   -0.78, 0.004,-0.012,-1.098, 100.0, -53.0,  68.0
202537325,016,   3.41,  -2.55,   8.91,   -1.02,    1.89,   -0.78, 0.002,-0.023,-1.091, 100.0, -53.0,  68.0
202537339,016,   3.41,  -2.54,   8.92,   -1.02,    1.89,   -0.78, 0.002,-0.023,-1.091, 100.0, -53.0,  68.0
202537346,016,   3.40,  -2.52,   8.93,   -1.10,    1.91,   -0.76, 0.005,-0.017,-1.099, 100.0, -53.0,  68.0
202537362,016,   3.38,  -2.50,   8.94,   -1.10,    1.91,   -0.76, 0.005,-0.017,-1.099, 100.0, -53.0,  68.0
202537368,016,   3.37,  -2.48,   8.95,   -1.07,    2.00,   -0.69, 0.007,-0.017,-1.092, 100.0, -53.0,  67.0
202537377,016,   3.36,  -2.46,   8.96,   -1.07,    2.00,   -0.69, 0.007,-0.017,-1.092, 100.0, -53.0,  67.0
202537389,016,   3.36,  -2.44,   8.97,   -1.07,    1.92,   -0.72,-0.000,-0.018,-1.099, 100.0, -53.0,  67.0
202537400,016,   3.35,  -2.42,   8.98,   -1.07,    1.92,   -0.72,-0.000,-0.018,-1.099, 100.0, -53.0,  67.0
202537414,016,   3.34,  -2.40,   8.99,   -1.07,    1.94,   -0.79, 0.004,-0.021,-1.076, 100.0, -53.0,  67.0
202537416,016,   3.33,  -2.38,   9.00,   -1.07,    1.94,   -0.79, 0.004,-0.021,-1.076, 100.0, -53.0,  67.0
202537426,016,   3.32,  -2.37,   9.01,   -1.05,    1.95,   -0.76, 0.001,-0.010,-1.092, 100.0, -53.0,  67.0
202537437,016,   3.31,  -2.35,   9.02,   -1.05,    1.95,   -0.76, 0.001,-0.010,-1.092, 100.0, -53.0,  68.0
202537447,032,   3.31,  -2.34,   9.03,   -0.96,    2.02,   -0.70,-0.002,-0.009,-1.100, 100.0, -53.0,  68.0
202537458,032,   3.31,  -2.33,   9.04,   -0.96,    2.02,   -0.70,-0.002,-0.009,-1.100, 100.0, -53.0,  68.0
202537470,032,   3.30,  -2.31,   9.05,   -1.05,    1.94,   -0.70, 0.001,-0.016,-1.100, 100.0, -53.0,  68.0
202537479,032,   3.30,  -2.30,   9.06,   -1.05,    1.94,   -0.70, 0.001,-0.016,-1.100, 100.0, -53.0,  68.0
202537489,032,   3.30,  -2.29,   9.07,   -1.08,    1.94,   -0.73, 0.002,-0.026,-1.105, 100.0, -53.0,  68.0
202537504,032,   3.30,  -2.28,   9.08,   -1.08,    1.94,   -0.73, 0.002,-0.026,-1.105, 101.0, -53.0,  68.0
202537508,032,   3.30,  -2.27,   9.09,   -1.15,    1.91,   -0.75,-0.006,-0.015,-1.104, 101.0, -53.0,  68.0
202537516,032,   3.30,  -2.26,   9.10,   -1.15,    1.91,   -0.75,-0.006,-0.015,-1.104, 101.0, -53.0,  68.0
202537527,016,   3.29,  -2.25,   9.11,   -1.25,    1.91,   -0.84,-0.008,-0.023,-1.092, 101.0, -53.0,  68.0
202537537,016,   3.28,  -2.23,   9.12,   -1.25,    1.91,   -0.84,-0.008,-0.023,-1.092, 101.0, -53.0,  68.0
202537549,016,   3.26,  -2.21,   9.13,   -1.22,    2.12,   -0.78,-0.001,-0.019,-1.093, 101.0, -53.0,  68.0
202537558,016,   3.25,  -2.19,   9.14,   -1.22,    2.12,   -0.78,-0.001,-0.019,-1.093, 101.0, -53.0,  68.0
202537573,016,   3.24,  -2.17,   9.15,   -1.18,    2.23,   -0.76, 0.007,-0.012,-1.091, 100.0, -53.0,  68.0
202537579,016,   3.23,  -2.15,   9.16,   -1.18,    2.23,   -0.76, 0.007,-0.012,-1.091, 100.0, -53.0,  68.0
202537591,016,   3.22,  -2.13,   9.16,   -1.28,    2.12,   -0.81,-0.001,-0.024,-1.098, 100.0, -53.0,  68.0
202537593,016,   3.21,  -2.11,   9.17,   -1.28,    2.12,   -0.81,-0.001,-0.024,-1.098, 100.0, -53.0,  68.0
202537606,016,   3.20,  -2.10,   9.18,   -1.36,    2.05,   -0.81, 0.003,-0.019,-1.097, 100.0, -53.0,  68.0
202537619,016,   3.19,  -2.08,   9.19,   -1.36,    2.05,   -0.81, 0.003,-0.019,-1.097, 100.0, -53.0,  68.0
202537627,016,   3.17,  -2.06,   9.20,   -1.33,    2.00,   -0.78, 0.006,-0.017,-1.096, 101.0, -53.0,  68.0
202537641,016,   3.16,  -2.04,   9.21,   -1.33,    2.00,   -0.78, 0.006,-0.017,-1.096, 101.0, -53.0,  68.0
202537650,016,   3.15,  -2.02,   9.22,   -1.02,    2.23,   -0.67, 0.005,-0.019,-1.091, 101.0, -53.0,  68.0
202537658,016,   3.15,  -2.00,   9.23,   -1.02,    2.23,   -0.67, 0.005,-0.019,-1.091, 101.0, -53.0,  68.0
202537669,016,   3.14,  -1.98,   9.24,   -1.05,    2.20,   -0.67,-0.004,-0.019,-1.095, 101.0, -53.0,  68.0
202537684,016,   3.13,  -1.96,   9.25,   -1.05,    2.20,   -0.67,-0.004,-0.019,-1.095, 101.0, -53.0,  68.0
202537686,032,   3.13,  -1.95,   9.26,   -1.21,    1.97,   -0.73,-0.001,-0.023,-1.103, 101.0, -53.0,  68.0
202537700,032,   3.12,  -1.94,   9.27,   -1.21,    1.97,   -0.73,-0.001,-0.023,-1.103, 100.0, -53.0,  68.0
202537707,032,   3.12,  -1.93,   9.28,   -1.33,    1.91,   -0.72, 0.004,-0.021,-1.106, 100.0, -53.0,  68.0
202537727,032,   3.12,  -1.92,   9.29,   -1.33,    1.91,   -0.72, 0.004,-0.021,-1.106, 100.0, -53.0,  68.0
202537731,016,   3.10,  -1.90,   9.30,   -1.24,    2.09,   -0.73, 0.007,-0.016,-1.089, 100.0, -53.0,  68.0
202537744,016,   3.09,  -1.88,   9.31,   -1.24,    2.09,   -0.73, 0.007,-0.016,-1.089, 100.0, -53.0,  68.0
202537748,032,   3.09,  -1.87,   9.31,   -1.21,    2.11,   -0.78, 0.017,-0.013,-1.100, 100.0, -53.0,  68.0
202537759,032,   3.09,  -1.86,   9.32,   -1.21,    2.11,   -0.78, 0.017,-0.013,-1.100, 100.0, -53.0,  68.0
202537775,016,   3.08,  -1.85,   9.33,   -1.40,    2.02,   -0.92,-0.017,-0.019,-1.082, 101.0, -53.0,  68.0
202537777,016,   3.06,  -1.83,   9.34,   -1.40,    2.02,   -0.92,-0.017,-0.019,-1.082, 101.0, -53.0,  68.0
202537791,032,   3.06,  -1.82,   9.35,   -1.60,    1.73,   -0.82,-0.028,-0.018,-1.104, 101.0, -53.0,  68.0
202537798,032,   3.05,  -1.82,   9.36,   -1.60,    1.73,   -0.82,-0.028,-0.018,-1.104, 101.0, -53.0,  68.0
202537807,032,   3.05,  -1.81,   9.37,   -1.47,    2.00,   -0.63, 0.012,-0.017,-1.102, 101.0, -53.0,  68.0
202537818,032,   3.04,  -1.80,   9.38,   -1.47,    2.00,   -0.63, 0.012,-0.017,-1.102, 101.0, -53.0,  68.0
202537829,016,   3.03,  -1.78,   9.39,   -1.02,    2.17,   -0.55, 0.014,-0.022,-1.100, 100.0, -53.0,  68.0
202537840,016,   3.03,  -1.75,   9.40,   -1.02,    2.17,   -0.55, 0.014,-0.022,-1.100, 100.0, -53.0,  68.0
202537855,016,   3.02,  -1.74,   9.41,   -0.84,    2.17,   -0.60,-0.005,-0.019,-1.095, 100.0, -53.0,  68.0
202537864,016,   3.01,  -1.72,   9.42,   -0.84,    2.17,   -0.60,-0.005,-0.019,-1.095, 100.0, -53.0,  68.0
202537869,016,   3.01,  -1.70,   9.43,   -0.78,    2.18,   -0.56,-0.009,-0.015,-1.083, 100.0, -53.0,  68.0
202537876,016,   3.00,  -1.69,   9.44,   -0.78,    2.18,   -0.56,-0.009,-0.015,-1.083, 100.0, -53.0,  68.0
202537890,016,   2.99,  -1.67,   9.45,   -0.95,    2.14,   -0.55,-0.004,-0.012,-1.093, 100.0, -53.0,  68.0
202537899,016,   2.98,  -1.66,   9.46,   -0.95,    2.14,   -0.55,-0.004,-0.012,-1.093, 100.0, -53.0,  67.0
202537907,016,   2.98,  -1.64,   9.47,   -1.16,    2.11,   -0.67, 0.006,-0.025,-1.097, 100.0, -53.0,  67.0
202537918,016,   2.97,  -1.62,   9.48,   -1.16,    2.11,   -0.67, 0.006,-0.025,-1.097, 100.0, -53.0,  67.0
202537932,016,   2.96,  -1.60,   9.49,   -1.13,    2.12,   -0.69, 0.019,-0.019,-1.090, 100.0, -53.0,  67.0
202537939,016,   2.95,  -1.58,   9.50,   -1.13,    2.12,   -0.69, 0.019,-0.019,-1.090, 100.0, -53.0,  67.0
202537950,016,   2.94,  -1.56,   9.51,   -1.07,    2.08,   -0.60, 0.006,-0.014,-1.099, 100.0, -53.0,  67.0
202537952,016,   2.93,  -1.54,   9.52,   -1.07,    2.08,   -0.60, 0.006,-0.014,-1.099, 100.0, -53.0,  67.0
202537967,016,   2.92,  -1.53,   9.53,   -1.15,    1.92,   -0.67,-0.012,-0.012,-1.090, 101.0, -53.0,  68.0
202537982,016,   2.91,  -1.52,   9.54,   -1.15,    1.92,   -0.67,-0.012,-0.012,-1.090, 101.0, -53.0,  68.0
202537987,016,   2.90,  -1.51,   9.55,   -1.21,    1.85,   -0.75,-0.003,-0.023,-1.096, 101.0, -53.0,  68.0
202537998,016,   2.90,  -1.49,   9.56,   -1.21,    1.85,   -0.75,-0.003,-0.023,-1.096, 101.0, -53.0,  68.0
202538008,032,   2.89,  -1.48,   9.57,   -1.13,    1.94,   -0.64, 0.021,-0.025,-1.109, 101.0, -53.0,  68.0
202538020,032,   2.89,  -1.47,   9.58,   -1.13,    1.94,   -0.64, 0.021,-0.025,-1.109, 101.0, -53.0,  68.0
202538029,016,   2.88,  -1.45,   9.59,   -0.99,    2.03,   -0.63, 0.016,-0.013,-1.095, 101.0, -53.0,  68.0
202538045,016,   2.87,  -1.44,   9.60,   -0.99,    2.03,   -0.63, 0.016,-0.013,-1.095, 101.0, -53.0,  68.0
202538047,016,   2.87,  -1.42,   9.61,   -0.90,    2.03,   -0.66,-0.021,-0.017,-1.094, 101.0, -53.0,  68.0
202538056,016,   2.86,  -1.41,   9.61,   -0.90,    2.03,   -0.66,-0.021,-0.017,-1.094, 101.0, -53.0,  68.0
202538066,032,   2.86,  -1.40,   9.62,   -1.04,    1.98,   -0.75,-0.017,-0.021,-1.102, 101.0, -53.0,  68.0
202538077,032,   2.86,  -1.39,   9.63,   -1.04,    1.98,   -0.75,-0.017,-0.021,-1.102, 101.0, -53.0,  68.0
202538087,032,   2.86,  -1.38,   9.64,   -1.13,    2.05,   -0.72, 0.011,-0.022,-1.105, 101.0, -53.0,  68.0
202538098,032,   2.86,  -1.37,   9.65,   -1.13,    2.05,   -0.72, 0.011,-0.022,-1.105, 100.0, -53.0,  68.0
202538108,032,   2.85,  -1.36,   9.66,   -1.07,    2.11,   -0.66, 0.019,-0.020,-1.106, 100.0, -53.0,  68.0
202538119,032,   2.85,  -1.35,   9.67,   -1.07,    2.11,   -0.66, 0.019,-0.020,-1.106, 100.0, -53.0,  68.0
202538135,016,   2.85,  -1.33,   9.68,   -1.05,    2.00,   -0.67,-0.003,-0.019,-1.095, 100.0, -53.0,  68.0
202538137,016,   2.84,  -1.32,   9.69,   -1.05,    2.00,   -0.67,-0.003,-0.019,-1.095, 100.0, -53.0,  68.0
202538151,016,   2.83,  -1.31,   9.70,   -1.07,    1.97,   -0.69,-0.016,-0.025,-1.098, 100.0, -53.0,  68.0
202538157,016,   2.82,  -1.29,   9.71,   -1.07,    1.97,   -0.69,-0.016,-0.025,-1.098, 101.0, -53.0,  68.0
202538172,032,   2.82,  -1.28,   9.72,   -1.05,    2.03,   -0.64, 0.002,-0.022,-1.105, 101.0, -53.0,  68.0
202538179,032,   2.82,  -1.27,   9.73,   -1.05,    2.03,   -0.64, 0.002,-0.022,-1.105, 101.0, -53.0,  68.0
202538188,016,   2.82,  -1.26,   9.74,   -1.04,    1.95,   -0.66, 0.018,-0.020,-1.083, 101.0, -53.0,  68.0
202538202,016,   2.81,  -1.24,   9.74,   -1.04,    1.95,   -0.66, 0.018,-0.020,-1.083, 101.0, -53.0,  68.0
202538209,016,   2.80,  -1.22,   9.75,   -1.07,    1.95,   -0.67,-0.001,-0.023,-1.099, 101.0, -53.0,  68.0
202538219,016,   2.79,  -1.21,   9.76,   -1.07,    1.95,   -0.67,-0.001,-0.023,-1.099, 101.0, -53.0,  68.0
202538224,016,   2.79,  -1.20,   9.77,   -1.05,    1.89,   -0.67,-0.009,-0.016,-1.097, 101.0, -53.0,  68.0
202538236,016,   2.78,  -1.19,   9.78,   -1.05,    1.89,   -0.67,-0.009,-0.016,-1.097, 101.0, -53.0,  68.0
202538254,016,   2.77,  -1.17,   9.79,   -1.05,    1.98,   -0.67, 0.005,-0.014,-1.100, 101.0, -53.0,  68.0
202538260,016,   2.76,  -1.16,   9.80,   -1.05,    1.98,   -0.67, 0.005,-0.014,-1.100, 101.0, -53.0,  68.0
202538268,016,   2.75,  -1.14,   9.81,   -1.05,    2.08,   -0.70, 0.012,-0.017,-1.096, 101.0, -53.0,  68.0
202538277,016,   2.75,  -1.12,   9.81,   -1.05,    2.08,   -0.70, 0.012,-0.017,-1.096, 101.0, -53.0,  68.0
202538288,016,   2.74,  -1.11,   9.82,   -0.98,    1.95,   -0.72, 0.001,-0.018,-1.087, 101.0, -53.0,  68.0
202538299,016,   2.73,  -1.10,   9.83,   -0.98,    1.95,   -0.72, 0.001,-0.018,-1.087, 100.0, -53.0,  68.0
202538317,016,   2.73,  -1.08,   9.84,   -0.90,    1.95,   -0.66,-0.002,-0.018,-1.097, 100.0, -53.0,  68.0
202538327,016,   2.72,  -1.07,   9.85,   -0.90,    1.95,   -0.66,-0.002,-0.018,-1.097, 100.0, -53.0,  68.0
202538330,016,   2.71,  -1.06,   9.86,   -0.96,    1.92,   -0.66, 0.008,-0.017,-1.090, 100.0, -53.0,  68.0
202538339,016,   2.71,  -1.04,   9.87,   -0.96,    1.92,   -0.66, 0.008,-0.017,-1.090, 100.0, -53.0,  68.0
202538347,016,   2.70,  -1.03,   9.88,   -1.07,    1.88,   -0.72, 0.000,-0.024,-1.096, 100.0, -53.0,  68.0
202538358,016,   2.69,  -1.02,   9.88,   -1.07,    1.88,   -0.72, 0.000,-0.024,-1.096, 101.0, -53.0,  68.0
202538369,016,   2.69,  -1.00,   9.89,   -1.11,    1.82,   -0.58, 0.007,-0.023,-1.087, 101.0, -53.0,  68.0
202538379,016,   2.68,  -0.99,   9.90,   -1.11,    1.82,   -0.58, 0.007,-0.023,-1.087, 101.0, -53.0,  68.0
202538389,016,   2.67,  -0.98,   9.91,   -1.08,    1.82,   -0.63, 0.009,-0.011,-1.086, 101.0, -53.0,  68.0
202538404,016,   2.66,  -0.96,   9.92,   -1.08,    1.82,   -0.63, 0.009,-0.011,-1.086, 101.0, -53.0,  68.0
202538406,016,   2.66,  -0.95,   9.93,   -0.99,    1.85,   -0.69,-0.007,-0.016,-1.096, 101.0, -53.0,  68.0
202538416,016,   2.65,  -0.94,   9.94,   -0.99,    1.85,   -0.69,-0.007,-0.016,-1.096, 101.0, -53.0,  68.0
202538426,016,   2.64,  -0.93,   9.95,   -1.02,    1.88,   -0.67,-0.008,-0.016,-1.076, 101.0, -53.0,  68.0
202538437,016,   2.64,  -0.92,   9.96,   -1.02,    1.88,   -0.67,-0.008,-0.016,-1.076, 101.0, -53.0,  68.0
202538448,016,   2.63,  -0.91,   9.96,   -0.99,    1.95,   -0.66,-0.002,-0.018,-1.073, 101.0, -53.0,  68.0
202538460,016,   2.62,  -0.90,   9.97,   -0.99,    1.95,   -0.66,-0.002,-0.018,-1.073, 101.0, -53.0,  68.0
202538470,032,   2.62,  -0.89,   9.98,   -1.01,    2.00,   -0.53, 0.018,-0.010,-1.106, 101.0, -53.0,  68.0
202538480,032,   2.62,  -0.88,   9.99,   -1.01,    2.00,   -0.53, 0.018,-0.010,-1.106, 101.0, -53.0,  68.0
202538491,016,   2.62,  -0.86,  10.00,   -0.98,    1.89,   -0.44, 0.004,-0.031,-1.096, 101.0, -53.0,  68.0
202538495,016,   2.61,  -0.85,  10.02,   -0.98,    1.89,   -0.44, 0.004,-0.031,-1.096, 101.0, -53.0,  68.0
202538511,016,   2.61,  -0.84,  10.02,   -1.02,    1.85,   -0.60,-0.020,-0.025,-1.087, 101.0, -53.0,  68.0
202538516,016,   2.60,  -0.84,  10.03,   -1.02,    1.85,   -0.60,-0.020,-0.025,-1.087, 101.0, -53.0,  68.0
202538527,016,   2.60,  -0.82,  10.04,   -1.04,    1.94,   -0.67, 0.001,-0.017,-1.087, 101.0, -53.0,  68.0
202538538,016,   2.59,  -0.81,  10.05,   -1.04,    1.94,   -0.67, 0.001,-0.017,-1.087, 101.0, -53.0,  68.0
202538549,016,   2.58,  -0.79,  10.06,   -1.07,    2.09,   -0.76, 0.012,-0.013,-1.096, 101.0, -53.0,  68.0
202538559,016,   2.57,  -0.78,  10.07,   -1.07,    2.09,   -0.76, 0.012,-0.013,-1.096, 100.0, -53.0,  68.0
202538570,016,   2.57,  -0.76,  10.07,   -1.11,    2.03,   -0.70, 0.009,-0.018,-1.086, 100.0, -53.0,  68.0
202538586,016,   2.56,  -0.75,  10.08,   -1.11,    2.03,   -0.70, 0.009,-0.018,-1.086, 100.0, -53.0,  68.0
202538588,016,   2.55,  -0.74,  10.09,   -0.99,    1.82,   -0.69,-0.018,-0.007,-1.100, 100.0, -53.0,  68.0
202538596,016,   2.54,  -0.73,  10.10,   -0.99,    1.82,   -0.69,-0.018,-0.007,-1.100, 100.0, -53.0,  68.0
202538606,016,   2.54,  -0.72,  10.11,   -0.96,    1.83,   -0.58,-0.005,-0.019,-1.078, 100.0, -53.0,  68.0
202538620,016,   2.53,  -0.71,  10.12,   -0.96,    1.83,   -0.58,-0.005,-0.019,-1.078, 100.0, -53.0,  68.0
202538630,016,   2.52,  -0.70,  10.13,   -1.01,    2.05,   -0.66, 0.010,-0.004,-1.084, 100.0, -53.0,  68.0
202538638,016,   2.51,  -0.68,  10.13,   -1.01,    2.05,   -0.66, 0.010,-0.004,-1.084, 100.0, -53.0,  68.0
202538650,032,   2.51,  -0.67,  10.14,   -1.15,    2.00,   -0.69, 0.009,-0.026,-1.105, 100.0, -53.0,  68.0
202538659,032,   2.51,  -0.66,  10.15,   -1.15,    2.00,   -0.69, 0.009,-0.026,-1.105, 100.0, -53.0,  68.0
202538674,016,   2.51,  -0.66,  10.16,   -1.01,    1.83,   -0.69,-0.010,-0.025,-1.098, 100.0, -53.0,  68.0
202538678,016,   2.50,  -0.65,  10.17,   -1.01,    1.83,   -0.69,-0.010,-0.025,-1.098, 100.0, -53.0,  68.0
202538687,016,   2.50,  -0.64,  10.18,   -0.89,    1.69,   -0.58, 0.006,-0.031,-1.096, 100.0, -53.0,  68.0
202538699,016,   2.50,  -0.63,  10.19,   -0.89,    1.69,   -0.58, 0.006,-0.031,-1.096, 101.0, -53.0,  68.0
202538707,016,   2.49,  -0.62,  10.20,   -0.72,    1.59,   -0.34, 0.002,-0.026,-1.088, 101.0, -53.0,  68.0
202538719,016,   2.49,  -0.61,  10.21,   -0.72,    1.59,   -0.34, 0.002,-0.026,-1.088, 101.0, -53.0,  68.0
202538731,016,   2.49,  -0.60,  10.22,   -0.73,    1.62,   -0.23, 0.008,-0.019,-1.093, 101.0, -53.0,  68.0
202538740,016,   2.49,  -0.59,  10.23,   -0.73,    1.62,   -0.23, 0.008,-0.019,-1.093, 101.0, -53.0,  68.0
202538749,016,   2.48,  -0.58,  10.24,   -1.01,    1.74,   -0.55,-0.004,-0.023,-1.077, 101.0, -53.0,  68.0
202538759,016,   2.48,  -0.57,  10.25,   -1.01,    1.74,   -0.55,-0.004,-0.023,-1.077, 100.0, -53.0,  68.0
202538764,016,   2.48,  -0.57,  10.26,   -0.18,    1.31,   -0.64,-0.008,-0.010,-1.091, 100.0, -53.0,  68.0
202538776,016,   2.48,  -0.57,  10.27,   -0.18,    1.31,   -0.64,-0.008,-0.010,-1.091, 100.0, -53.0,  68.0
202538788,016,   2.52,  -0.57,  10.28,    3.86,    0.98,   -0.82,-0.022,-0.017,-1.086, 100.0, -53.0,  68.0
202538797,016,   2.56,  -0.57,  10.28,    3.86,    0.98,   -0.82,-0.022,-0.017,-1.086, 100.0, -53.0,  68.0
202538808,016,   2.71,  -0.57,  10.29,   13.97,    0.85,   -0.85,-0.006,-0.035,-1.091, 100.0, -53.0,  68.0
202538820,016,   2.85,  -0.57,  10.30,   13.97,    0.85,   -0.85,-0.006,-0.035,-1.091, 100.0, -53.0,  68.0
202538829,016,   3.06,  -0.58,  10.32,   18.47,    0.49,    1.36,-0.032,-0.096,-1.090, 101.0, -52.0,  69.0
202538839,016,   3.26,  -0.59,  10.35,   18.47,    0.49,    1.36,-0.032,-0.096,-1.090, 101.0, -52.0,  69.0
202538854,032,   3.63,  -0.63,  10.59,   36.90,   -1.27,   22.73,-0.027,-0.011,-1.144, 101.0, -52.0,  69.0
202538856,032,   4.01,  -0.67,  10.83,   36.90,   -1.27,   22.73,-0.027,-0.011,-1.144, 101.0, -52.0,  69.0
202538870,032,   4.21,  -0.75,  11.00,   19.97,   -6.14,   16.23,-0.013, 0.179,-1.277, 101.0, -52.0,  69.0
202538876,032,   4.41,  -0.83,  11.17,   19.97,   -6.14,   16.23,-0.013, 0.179,-1.277, 101.0, -52.0,  69.0
202538887,032,   4.30,  -0.64,  11.26,  -11.98,   20.93,    5.98, 0.025,-0.273,-1.691, 100.0, -50.0,  70.0
202538900,032,   4.19,  -0.44,  11.35,  -11.98,   20.93,    5.98, 0.025,-0.273,-1.691, 100.0, -50.0,  70.0
202538908,032,   4.09,   0.02,  11.36,  -11.16,   47.48,   -3.68, 0.065, 0.084,-1.737, 100.0, -50.0,  70.0
202538920,032,   3.99,   0.49,  11.37,  -11.16,   47.48,   -3.68, 0.065, 0.084,-1.737, 100.0, -50.0,  70.0
202538929,032,   4.10,   1.20,  11.45,   10.89,   72.46,    1.77,-0.033, 0.256,-1.669, 100.0, -50.0,  70.0
202538945,032,   4.22,   1.91,  11.53,   10.89,   72.46,    1.77,-0.033, 0.256,-1.669, 100.0, -50.0,  70.0
202538947,032,   4.10,   2.87,  11.76,  -12.92,   98.69,   14.18,-0.107, 0.397,-1.591, 100.0, -50.0,  70.0
202538956,032,   3.98,   3.83,  11.98,  -12.92,   98.69,   14.18,-0.107, 0.397,-1.591,  95.0, -44.0,  83.0
202538967,032,   3.99,   4.87,  12.44,   -2.87,  107.36,   38.32,-0.095, 0.540,-1.361,  95.0, -44.0,  83.0
202538979,032,   4.00,   5.90,  12.91,   -2.87,  107.36,   38.32,-0.095, 0.540,-1.361,  95.0, -44.0,  83.0
202538988,032,   4.09,   6.94,  13.83,   -1.45,  111.76,   83.31,-0.138, 0.325,-1.281,  95.0, -44.0,  83.0
202538998,032,   4.82,   8.09,  15.12,   55.57,  125.88,  118.11,-0.053, 0.162,-1.656,  95.0, -44.0,  83.0
202539009,032,   5.58,   9.22,  16.43,   55.57,  125.88,  118.11,-0.053, 0.162,-1.656,  95.0, -44.0,  83.0
202539019,032,   7.19,  10.74,  17.95,  134.40,  169.60,  131.82,-0.198, 0.003,-1.036,  95.0, -44.0,  83.0
202539030,032,   8.86,  12.22,  19.53,  134.40,  169.60,  131.82,-0.198, 0.003,-1.036,  72.0, -35.0, 100.0
202539032,032,  10.61,  13.82,  21.19,  137.44,  186.43,  132.34,-0.118,-0.156,-0.891,  72.0, -35.0, 100.0
202539046,032,  12.43,  15.36,  22.92,  137.44,  186.43,  132.34,-0.118,-0.156,-0.891,  72.0, -35.0, 100.0
202539060,032,  13.86,  16.83,  24.64,   95.04,  182.27,  127.18,-0.055,-0.170,-1.003,  72.0, -35.0, 100.0
202539069,032,  15.35,  18.26,  26.41,   95.04,  182.27,  127.18,-0.055,-0.170,-1.003,  72.0, -35.0, 100.0
202539078,032,  16.63,  19.68,  28.38,   63.40,  189.73,  139.73,-0.134,-0.062,-0.741,  72.0, -35.0, 100.0
202539089,032,  17.97,  21.05,  30.40,   63.40,  189.73,  139.73,-0.134,-0.062,-0.741,  38.0, -27.0, 110.0
202539098,032,  18.84,  22.24,  32.80,   -2.75,  185.07,  173.65,-0.037,-0.229,-0.586,  38.0, -27.0, 110.0
202539110,032,  19.77,  23.40,  35.24,   -2.75,  185.07,  173.65,-0.037,-0.229,-0.586,  38.0, -27.0, 110.0
202539119,032,  20.52,  24.20,  38.01,  -37.34,  164.37,  209.51, 0.109,-0.196,-1.006,  38.0, -27.0, 110.0
202539136,032,  21.31,  24.98,  40.79,  -37.34,  164.37,  209.51, 0.109,-0.196,-1.006,  38.0, -27.0, 110.0
202539138,032,  22.98,  25.69,  43.44,   54.37,  158.02,  195.88,-0.029, 0.318,-0.850,  38.0, -27.0, 110.0
202539148,032,  24.70,  26.32,  46.12,   54.37,  158.02,  195.88,-0.029, 0.318,-0.850,  38.0, -27.0, 110.0
202539157,032,  26.93,  27.00,  49.06,   89.73,  176.56,  205.91, 0.003,-0.364,-0.278,   3.0, -20.0, 111.0
202539167,032,  29.21,  27.57,  52.04,   89.73,  176.56,  205.91, 0.003,-0.364,-0.278,   3.0, -20.0, 111.0
202539179,032,  31.07,  27.77,  55.01,   46.18,  149.68,  216.69, 0.188,-0.757,-0.123,   3.0, -20.0, 111.0
202539189,032,  32.95,  27.88,  57.98,   46.18,  149.68,  216.69, 0.188,-0.757,-0.123,   3.0, -20.0, 111.0
202539200,032,  34.93,  27.73,  60.50,   79.83,  113.02,  193.45, 0.188,-0.457,-0.407,   3.0, -20.0, 111.0
202539213,032,  36.91,  27.50,  63.01,   79.83,  113.02,  193.45, 0.188,-0.457,-0.407,   3.0, -20.0, 111.0
202539215,032,  39.14,  27.16,  65.44,  109.77,  107.88,  190.34, 0.166,-0.674,-0.431,   3.0, -20.0, 111.0
202539230,032,  41.34,  26.74,  67.85,  109.77,  107.88,  190.34, 0.166,-0.674,-0.431, -21.0,   3.0, 108.0
202539237,032,  43.06,  26.18,  70.34,   59.34,  108.55,  202.66, 0.162,-0.875,-0.133, -21.0,   3.0, 108.0
202539250,032,  44.75,  25.54,  72.80,   59.34,  108.55,  202.66, 0.162,-0.875,-0.133, -21.0,   3.0, 108.0
202539261,032,  46.12,  24.75,  75.02,   40.84,   88.64,  197.28, 0.138,-0.769,-0.240, -21.0,   3.0, 108.0
202539268,032,  47.44,  23.91,  77.21,   40.84,   88.64,  197.28, 0.138,-0.769,-0.240, -21.0,   3.0, 108.0
202539279,032,  48.48,  23.00,  79.06,   28.93,   65.98,  181.08, 0.203,-0.889,-0.622, -21.0,   3.0, 108.0
202539291,032,  49.48,  22.05,  80.88,   28.93,   65.98,  181.08, 0.203,-0.889,-0.622, -33.0,  19.0, 104.0
202539299,032,  49.75,  21.27,  82.32,  -27.28,   51.74,  146.06, 0.114,-0.974,-0.568, -33.0,  19.0, 104.0
202539315,032,  49.99,  20.47,  83.75,  -27.28,   51.74,  146.06, 0.114,-0.974,-0.568, -33.0,  19.0, 104.0
202539319,032,  49.59,  19.79,  85.00,  -84.15,   46.14,  127.51, 0.151,-1.026,-0.426, -33.0,  19.0, 104.0
202539327,032,  49.18,  19.11,  86.25,  -84.15,   46.14,  127.51, 0.151,-1.026,-0.426, -33.0,  19.0, 104.0
202539339,032,  49.28,  18.44,  87.38,  -27.83,   37.40,  120.27, 0.238,-1.144,-0.761, -33.0,  19.0, 104.0
202539353,032,  49.36,  17.76,  88.50,  -27.83,   37.40,  120.27, 0.238,-1.144,-0.761, -33.0,  19.0, 104.0
202539360,032,  49.72,  17.12,  89.46,    7.98,   28.14,  108.14, 0.247,-0.694,-0.931, -38.0,  25.0, 102.0
202539370,032,  50.08,  16.46,  90.41,    7.98,   28.14,  108.14, 0.247,-0.694,-0.931, -38.0,  25.0, 102.0
202539380,032,  49.80,  15.93,  91.18,  -49.82,   23.59,   88.29, 0.264,-0.622,-0.923, -38.0,  25.0, 102.0
202539391,032,  49.51,  15.41,  91.96,  -49.82,   23.59,   88.29, 0.264,-0.622,-0.923, -38.0,  25.0, 102.0
202539394,032,  48.85,  14.82,  92.76,  -87.37,   19.94,   94.92, 0.284,-0.650,-0.979, -38.0,  25.0, 102.0
202539408,032,  48.18,  14.23,  93.56,  -87.37,   19.94,   94.92, 0.284,-0.650,-0.979, -38.0,  25.0, 102.0
202539425,032,  48.02,  13.63,  94.47,  -37.50,   26.02,  103.47, 0.350,-0.747,-1.011, -41.0,  25.0, 102.0
202539429,032,  47.86,  13.03,  95.39,  -37.50,   26.02,  103.47, 0.350,-0.747,-1.011, -41.0,  25.0, 102.0
202539439,032,  47.88,  12.49,  96.39,  -20.58,   35.82,  105.57, 0.332,-0.807,-0.854, -41.0,  25.0, 102.0
202539449,032,  47.89,  11.94,  97.38,  -20.58,   35.82,  105.57, 0.332,-0.807,-0.854, -41.0,  25.0, 102.0
202539459,032,  47.24,  11.53,  98.31,  -84.32,   39.37,   90.64, 0.304,-0.645,-1.009, -41.0,  25.0, 102.0
202539469,032,  46.58,  11.14,  99.23,  -84.32,   39.37,   90.64, 0.304,-0.645,-1.009, -41.0,  25.0, 102.0
202539479,032,  45.77,  10.80, 100.15,  -98.08,   41.42,   86.44, 0.231,-0.615,-1.068, -41.0,  25.0, 102.0
202539496,032,  44.96,  10.47, 101.07,  -98.08,   41.42,   86.44, 0.231,-0.615,-1.068, -47.0,  23.0, 101.0
202539498,032,  44.29,  10.17, 102.19,  -88.35,   56.49,   98.67, 0.154,-0.767,-0.702, -47.0,  23.0, 101.0
202539506,032,  43.61,   9.89, 103.32,  -88.35,   56.49,   98.67, 0.154,-0.767,-0.702, -47.0,  23.0, 101.0
202539517,032,  43.30,   9.58, 104.57,  -53.05,   62.37,  109.02, 0.123,-1.050,-0.558, -47.0,  23.0, 101.0
202539527,032,  42.99,   9.28, 105.81,  -53.05,   62.37,  109.02, 0.123,-1.050,-0.558, -47.0,  23.0, 101.0
202539541,032,  42.68,   8.97, 106.96,  -50.55,   54.05,  103.33, 0.104,-0.981,-0.449, -47.0,  23.0, 101.0
202539549,032,  42.37,   8.66, 108.10,  -50.55,   54.05,  103.33, 0.104,-0.981,-0.449, -47.0,  23.0, 101.0
202539559,032,  41.77,   8.33, 109.05,  -75.10,   37.56,   90.50, 0.116,-0.982,-0.642, -53.0,  26.0,  99.0
202539570,032,  41.16,   8.01, 109.99,  -75.10,   37.56,   90.50, 0.116,-0.982,-0.642, -53.0,  26.0,  99.0
202539575,032,  40.73,   7.69, 110.81,  -55.69,   28.78,   80.44,-0.000,-0.802,-0.318, -53.0,  26.0,  99.0
202539587,032,  40.30,   7.37, 111.62,  -55.69,   28.78,   80.44,-0.000,-0.802,-0.318, -53.0,  26.0,  99.0
202539599,032,  40.00,   7.06, 112.28,  -39.97,   17.27,   68.79, 0.030,-0.850,-0.327, -53.0,  26.0,  99.0
202539607,032,  39.70,   6.74, 112.93,  -39.97,   17.27,   68.79, 0.030,-0.850,-0.327, -53.0,  26.0,  99.0
202539623,032,  39.38,   6.37, 113.35,  -38.44,   -2.43,   54.52, 0.056,-0.958,-0.593, -53.0,  28.0,  99.0
202539628,032,  39.05,   5.99, 113.77,  -38.44,   -2.43,   54.52, 0.056,-0.958,-0.593, -53.0,  28.0,  99.0
202539638,032,  38.56,   5.61, 114.05,  -53.16,  -12.87,   44.56, 0.079,-0.948,-0.723, -53.0,  28.0,  99.0
202539650,032,  38.07,   5.22, 114.34,  -53.16,  -12.87,   44.56, 0.079,-0.948,-0.723, -53.0,  28.0,  99.0
202539662,032,  37.61,   4.90, 114.55,  -49.15,  -12.58,   35.18, 0.112,-0.933,-0.705, -53.0,  28.0,  99.0
202539675,032,  37.15,   4.58, 114.77,  -49.15,  -12.58,   35.18, 0.112,-0.933,-0.705, -53.0,  28.0,  99.0
202539678,032,  36.63,   4.25, 114.86,  -53.56,  -21.47,   25.18, 0.151,-0.798,-0.904, -53.0,  28.0,  99.0
202539690,032,  36.11,   3.93, 114.95,  -53.56,  -21.47,   25.18, 0.151,-0.798,-0.904, -50.0,  24.0, 101.0
202539700,032,  35.67,   3.64, 115.02,  -45.13,  -19.04,   21.45, 0.171,-0.757,-0.849, -50.0,  24.0, 101.0
202539710,032,  35.24,   3.36, 115.10,  -45.13,  -19.04,   21.45, 0.171,-0.757,-0.849, -50.0,  24.0, 101.0
202539720,032,  35.20,   3.15, 115.21,   -5.11,  -10.95,   19.21, 0.150,-0.815,-0.725, -50.0,  24.0, 101.0
202539732,032,  35.17,   2.95, 115.32,   -5.11,  -10.95,   19.21, 0.150,-0.815,-0.725, -50.0,  24.0, 101.0
202539739,032,  35.32,   2.72, 115.37,   13.10,  -16.05,   15.65, 0.171,-0.798,-0.772, -50.0,  24.0, 101.0
202539749,032,  35.46,   2.50, 115.42,   13.10,  -16.05,   15.65, 0.171,-0.798,-0.772, -50.0,  24.0, 101.0
202539766,032,  35.42,   2.25, 115.38,   -4.98,  -22.95,   10.53, 0.260,-0.812,-1.044, -47.0,  27.0, 102.0
202539771,032,  35.38,   1.99, 115.35,   -4.98,  -22.95,   10.53, 0.260,-0.812,-1.044, -47.0,  27.0, 102.0
202539779,032,  35.15,   1.82, 115.32,  -23.71,  -16.75,    6.61, 0.250,-0.837,-1.074, -47.0,  27.0, 102.0
202539787,032,  34.92,   1.64, 115.29,  -23.71,  -16.75,    6.61, 0.250,-0.837,-1.074, -47.0,  27.0, 102.0
202539797,032,  34.92,   1.65, 115.27,   -0.98,   -0.79,   -4.05, 0.125,-0.674,-1.035, -47.0,  27.0, 102.0
202539808,032,  34.92,   1.66, 115.25,   -0.98,   -0.79,   -4.05, 0.125,-0.674,-1.035, -47.0,  27.0, 102.0
202539821,032,  35.46,   1.83, 115.29,   53.22,   16.20,   -8.14, 0.091,-0.576,-0.966, -48.0,  29.0, 101.0
202539832,032,  36.00,   2.01, 115.34,   53.22,   16.20,   -8.14, 0.091,-0.576,-0.966, -48.0,  29.0, 101.0
202539839,032,  36.68,   2.28, 115.45,   67.37,   28.40,   -9.37,-0.117,-0.494,-0.844, -48.0,  29.0, 101.0
202539841,032,  37.36,   2.55, 115.56,   67.37,   28.40,   -9.37,-0.117,-0.494,-0.844, -48.0,  29.0, 101.0
202539859,032,  37.57,   2.79, 115.69,   19.24,   26.69,   -6.11,-0.031,-0.581,-0.661, -48.0,  29.0, 101.0
202539868,032,  37.78,   3.03, 115.81,   19.24,   26.69,   -6.11,-0.031,-0.581,-0.661, -48.0,  29.0, 101.0
202539876,032,  37.47,   3.13, 115.92,  -32.50,   14.08,    0.84, 0.111,-0.721,-0.678, -48.0,  29.0, 101.0
202539887,032,  37.16,   3.23, 116.03,  -32.50,   14.08,    0.84, 0.111,-0.721,-0.678, -51.0,  30.0, 100.0
202539898,032,  37.02,   3.29, 116.12,  -15.31,    9.25,    2.99, 0.195,-0.610,-0.961, -51.0,  30.0, 100.0
202539909,032,  36.88,   3.34, 116.21,  -15.31,    9.25,    2.99, 0.195,-0.610,-0.961, -51.0,  30.0, 100.0
202539921,032,  37.16,   3.43, 116.34,   26.89,   14.26,    3.47, 0.215,-0.517,-1.239, -51.0,  30.0, 100.0
202539931,032,  37.44,   3.51, 116.47,   26.89,   14.26,    3.47, 0.215,-0.517,-1.239, -51.0,  30.0, 100.0
202539949,032,  37.56,   3.65, 116.71,   10.27,   24.78,    9.21, 0.119,-0.556,-0.946, -51.0,  30.0, 100.0
202539952,032,  37.68,   3.78, 116.95,   10.27,   24.78,    9.21, 0.119,-0.556,-0.946, -51.0,  30.0, 100.0
202539957,032,  37.67,   3.91, 117.34,   -5.51,   33.53,   21.25, 0.014,-0.816,-0.483, -54.0,  34.0,  97.0
202539967,032,  37.66,   4.04, 117.73,   -5.51,   33.53,   21.25, 0.014,-0.816,-0.483, -54.0,  34.0,  97.0
202539979,016,  37.79,   4.02, 118.03,   -4.84,   18.96,   22.40,-0.081,-0.954,-0.234, -54.0,  34.0,  97.0
202539991,016,  37.92,   3.99, 118.34,   -4.84,   18.96,   22.40,-0.081,-0.954,-0.234, -54.0,  34.0,  97.0
202539999,032,  37.62,   3.68, 118.33,  -29.73,  -25.39,   16.35,-0.022,-0.776,-1.207, -54.0,  34.0,  97.0
202540010,032,  37.33,   3.37, 118.32,  -29.73,  -25.39,   16.35,-0.022,-0.776,-1.207, -54.0,  34.0,  97.0
202540020,032,  37.44,   3.11, 118.29,    9.77,  -23.04,   11.22,-0.034,-0.760,-0.854, -52.0,  36.0,  98.0
202540022,032,  37.54,   2.85, 118.25,    9.77,  -23.04,   11.22,-0.034,-0.760,-0.854, -52.0,  36.0,  98.0
202540041,032,  38.03,   2.68, 118.23,   48.31,  -15.11,    6.82,-0.010,-0.743,-0.797, -52.0,  36.0,  98.0
202540047,032,  38.52,   2.51, 118.21,   48.31,  -15.11,    6.82,-0.010,-0.743,-0.797, -52.0,  36.0,  98.0
202540057,032,  38.83,   2.19, 118.03,   31.02,  -36.78,    4.73, 0.016,-0.582,-0.849, -52.0,  36.0,  98.0
202540068,032,  39.14,   1.87, 117.86,   31.02,  -36.78,    4.73, 0.016,-0.582,-0.849, -52.0,  36.0,  98.0
202540078,032,  39.08,   1.69, 117.62,   -3.68,  -28.38,   -9.36,-0.232, 0.524,-0.825, -52.0,  36.0,  98.0
202540089,032,  39.02,   1.52, 117.38,   -3.68,  -28.38,   -9.36,-0.232, 0.524,-0.825, -47.0,  41.0,  99.0
202540101,032,  39.60,   1.06, 117.04,   57.60,  -56.58,    1.33, 0.021,-0.517,-1.127, -47.0,  41.0,  99.0
202540109,032,  40.17,   0.61, 116.71,   57.60,  -56.58,    1.33, 0.021,-0.517,-1.127, -47.0,  41.0,  99.0
202540126,032,  40.44,  -0.04, 116.77,   26.06,  -46.41,   45.36, 0.168,-0.881,-1.034, -47.0,  41.0,  99.0
202540130,032,  40.71,  -0.69, 116.83,   26.06,  -46.41,   45.36, 0.168,-0.881,-1.034, -47.0,  41.0,  99.0
202540137,032,  40.38,  -1.29, 117.19,  -32.95,  -24.24,   65.27, 1.234,-1.710,-1.721, -47.0,  41.0,  99.0
202540151,032,  40.06,  -1.89, 117.54,  -32.95,  -24.24,   65.27, 1.234,-1.710,-1.721, -41.0,  44.0, 101.0
202540158,032,  39.75,  -2.31, 118.02,  -29.97,   -2.64,   62.32, 0.016,-0.739,-1.133, -41.0,  44.0, 101.0
202540168,032,  39.43,  -2.74, 118.50,  -29.97,   -2.64,   62.32, 0.016,-0.739,-1.133, -41.0,  44.0, 101.0
202540179,032,  40.11,  -3.10, 118.59,   67.28,  -22.60,   28.67, 0.055,-0.816,-0.851, -41.0,  44.0, 101.0
202540189,032,  40.79,  -3.46, 118.68,   67.28,  -22.60,   28.67, 0.055,-0.816,-0.851, -41.0,  44.0, 101.0
202540199,032,  41.21,  -3.68, 118.90,   40.56,   -2.96,   29.68, 0.044,-0.722,-0.164, -41.0,  44.0, 101.0
202540203,032,  41.63,  -3.90, 119.12,   40.56,   -2.96,   29.68, 0.044,-0.722,-0.164, -41.0,  44.0, 101.0
202540219,032,  41.61,  -4.09, 119.32,   -1.83,   -1.82,   26.87, 0.052,-1.131,-0.906, -38.0,  52.0, 100.0
202540231,032,  41.59,  -4.29, 119.53,   -1.83,   -1.82,   26.87, 0.052,-1.131,-0.906, -38.0,  52.0, 100.0
202540238,032,  41.93,  -4.27, 119.73,   34.35,   13.74,   12.49, 0.018,-1.011,-0.851, -38.0,  52.0, 100.0
202540248,032,  42.28,  -4.26, 119.94,   34.35,   13.74,   12.49, 0.018,-1.011,-0.851, -38.0,  52.0, 100.0
202540257,032,  42.49,  -4.21, 120.03,   20.82,    9.69,    1.98, 0.003,-0.890,-0.902, -38.0,  52.0, 100.0
202540270,032,  42.70,  -4.15, 120.13,   20.82,    9.69,    1.98, 0.003,-0.890,-0.902, -38.0,  52.0, 100.0
202540282,032,  42.28,  -4.07, 120.18,  -42.85,    8.67,   -3.69, 0.011,-0.756,-0.932, -38.0,  52.0, 100.0
202540289,032,  41.86,  -3.98, 120.22,  -42.85,    8.67,   -3.69, 0.011,-0.756,-0.932, -40.0,  50.0, 100.0
202540305,032,  41.09,  -3.89, 120.34,  -76.63,   13.80,    0.79, 0.030,-0.740,-1.058, -40.0,  50.0, 100.0
202540309,032,  40.32,  -3.79, 120.45,  -76.63,   13.80,    0.79, 0.030,-0.740,-1.058, -40.0,  50.0, 100.0
202540317,016,  40.44,  -3.59, 120.61,   13.18,   24.23,   -2.72,-0.042,-0.536,-0.733, -40.0,  50.0, 100.0
202540328,016,  40.55,  -3.39, 120.77,   13.18,   24.23,   -2.72,-0.042,-0.536,-0.733, -40.0,  50.0, 100.0
202540337,032,  41.09,  -3.33, 120.97,   53.76,   17.34,    9.01,-0.049,-0.679,-0.687, -40.0,  50.0, 100.0
202540349,032,  41.63,  -3.26, 121.17,   53.76,   17.34,    9.01,-0.049,-0.679,-0.687, -41.0,  54.0,  98.0
202540359,016,  41.61,  -3.29, 121.38,   -3.85,   10.29,   17.02,-0.008,-0.766,-0.723, -41.0,  54.0,  98.0
202540370,016,  41.59,  -3.32, 121.59,   -3.85,   10.29,   17.02,-0.008,-0.766,-0.723, -41.0,  54.0,  98.0
202540379,032,  40.91,  -3.34, 121.75,  -68.35,    7.54,   11.74,-0.010,-0.659,-0.810, -41.0,  54.0,  98.0
202540386,032,  40.23,  -3.37, 121.91,  -68.35,    7.54,   11.74,-0.010,-0.659,-0.810, -41.0,  54.0,  98.0
202540396,032,  39.78,  -3.35, 122.04,  -44.78,    8.63,    6.53,-0.047,-0.574,-0.682, -41.0,  54.0,  98.0
202540407,032,  39.34,  -3.33, 122.17,  -44.78,    8.63,    6.53,-0.047,-0.574,-0.682, -41.0,  54.0,  98.0
202540418,016,  39.18,  -3.49, 122.32,  -16.05,   -3.56,   20.63,-0.040,-0.610,-0.744, -40.0,  49.0, 101.0
202540432,016,  39.02,  -3.65, 122.48,  -16.05,   -3.56,   20.63,-0.040,-0.610,-0.744, -40.0,  49.0, 101.0
202540438,032,  38.33,  -3.89, 122.68,  -69.22,   -6.50,   29.19,-0.056,-0.658,-0.799, -40.0,  49.0, 101.0
202540448,032,  37.63,  -4.13, 122.89,  -69.22,   -6.50,   29.19,-0.056,-0.658,-0.799, -40.0,  49.0, 101.0
202540459,032,  36.58,  -4.42, 123.13, -105.07,   -9.31,   34.89,-0.070,-0.755,-0.683, -40.0,  49.0, 101.0
202540470,032,  35.53,  -4.71, 123.38, -105.07,   -9.31,   34.89,-0.070,-0.755,-0.683, -40.0,  49.0, 101.0
202540485,032,  34.60,  -5.06, 123.54,  -92.17,  -21.36,   30.78,-0.057,-0.728,-0.930, -40.0,  49.0, 101.0
202540488,032,  33.68,  -5.42, 123.68,  -92.17,  -21.36,   30.78,-0.057,-0.728,-0.930, -35.0,  37.0, 106.0
202540496,032,  32.76,  -5.78, 123.78,  -92.79,  -25.39,   26.35,-0.038,-0.732,-0.920, -35.0,  37.0, 106.0
202540507,032,  31.83,  -6.14, 123.88,  -92.79,  -25.39,   26.35,-0.038,-0.732,-0.920, -35.0,  37.0, 106.0
202540519,032,  30.87,  -6.43, 124.01,  -96.66,  -18.26,   24.00, 0.010,-0.698,-1.114, -35.0,  37.0, 106.0
202540529,032,  29.90,  -6.71, 124.15,  -96.66,  -18.26,   24.00, 0.010,-0.698,-1.114, -35.0,  37.0, 106.0
202540538,032,  29.98,  -6.76, 124.26,    7.94,    0.40,    9.76,-0.004,-0.664,-0.966, -35.0,  37.0, 106.0
202540550,032,  30.06,  -6.81, 124.36,    7.94,    0.40,    9.76,-0.004,-0.664,-0.966, -34.0,  34.0, 107.0
202540559,032,  30.42,  -6.77, 124.41,   35.40,    5.82,    0.35, 0.021,-0.700,-1.105, -34.0,  34.0, 107.0
202540562,032,  30.78,  -6.72, 124.46,   35.40,    5.82,    0.35, 0.021,-0.700,-1.105, -34.0,  34.0, 107.0
202540576,032,  30.92,  -6.64, 124.46,   12.70,    6.85,   -6.32, 0.027,-0.644,-1.149, -34.0,  34.0, 107.0
202540587,032,  31.06,  -6.55, 124.46,   12.70,    6.85,   -6.32, 0.027,-0.644,-1.149, -34.0,  34.0, 107.0
202540597,032,  31.23,  -6.37, 124.51,   16.09,   17.45,   -6.78,-0.007,-0.776,-1.104, -34.0,  34.0, 107.0
202540608,032,  31.40,  -6.19, 124.56,   16.09,   17.45,   -6.78,-0.007,-0.776,-1.104, -34.0,  34.0, 107.0
202540619,032,  31.85,  -5.97, 124.64,   44.31,   22.53,   -6.55,-0.036,-0.929,-1.183, -37.0,  38.0, 105.0
202540628,032,  32.29,  -5.75, 124.72,   44.31,   22.53,   -6.55,-0.036,-0.929,-1.183, -37.0,  38.0, 105.0
202540640,032,  32.39,  -5.61, 124.77,    9.16,   13.77,   -5.71, 0.028,-1.075,-1.562, -37.0,  38.0, 105.0
202540649,032,  32.49,  -5.46, 124.81,    9.16,   13.77,   -5.71, 0.028,-1.075,-1.562, -37.0,  38.0, 105.0
202540664,032,  32.21,  -5.18, 124.82,  -29.53,   23.59,  -16.12, 0.173,-0.915,-1.808, -37.0,  38.0, 105.0
202540666,032,  31.92,  -4.90, 124.83,  -29.53,   23.59,  -16.12, 0.173,-0.915,-1.808, -37.0,  38.0, 105.0
202540677,032,  31.67,  -4.05, 124.81,  -27.31,   70.14,  -47.16, 0.434,-0.832,-0.868, -44.0,  30.0, 105.0
202540687,032,  31.41,  -3.20, 124.79,  -27.31,   70.14,  -47.16, 0.434,-0.832,-0.868, -44.0,  30.0, 105.0
202540698,032,  30.44,  -2.41, 125.07,  -98.21,   81.47,  -17.53, 1.033,-2.081,-0.494, -44.0,  30.0, 105.0
202540711,032,  29.48,  -1.61, 125.34,  -98.21,   81.47,  -17.53, 1.033,-2.081,-0.494, -44.0,  30.0, 105.0
202540720,032,  27.32,  -1.29, 126.15, -216.70,   66.40,   55.60, 0.521,-7.933,-0.493, -44.0,  30.0, 105.0
202540729,032,  25.17,  -0.95, 126.96, -216.70,   66.40,   55.60, 0.521,-7.933,-0.493, -44.0,  30.0, 105.0
202540739,032,  22.80,  -0.01, 127.18, -240.02,   95.34,  -20.44,-1.414,-8.000, 0.887, -44.0,  30.0, 105.0
202540744,032,  20.44,   0.94, 127.34, -240.02,   95.34,  -20.44,-1.414,-8.000, 0.887, -55.0,  -9.0, 100.0
202540756,032,  20.27,   3.11, 124.51,   -9.34,  106.73, -341.80,-4.809,-8.000,-0.502, -55.0,  -9.0, 100.0
202540767,032,  20.00,   5.27, 121.67,   -9.34,  106.73, -341.80,-4.809,-8.000,-0.502, -55.0,  -9.0, 100.0
202540778,032,  22.21,   7.42, 117.13,  269.79,   41.30, -500.27,-8.000,-7.976,-5.503, -55.0,  -9.0, 100.0
202540791,032,  24.26,   9.75, 112.66,  269.79,   41.30, -500.27,-8.000,-7.976,-5.503, -55.0,  -9.0, 100.0
202540798,032,  26.07,  11.52, 107.91,  268.98,  -35.97, -500.27,-8.000,-1.672,-8.000, -55.0,  -9.0, 100.0
202540808,032,  27.74,  13.43, 103.18,  268.98,  -35.97, -500.27,-8.000,-1.672,-8.000, -55.0,  -9.0, 100.0
202540819,032,  28.64,  16.83,  99.17,  194.84,  120.87, -500.27,-8.000, 2.293,-6.285,   2.0, -55.0, 103.0
202540829,032,  29.31,  20.28,  95.13,  194.84,  120.87, -500.27,-8.000, 2.293,-6.285,   2.0, -55.0, 103.0
202540844,032,  30.46,  24.85,  91.71,  246.26,  243.01, -500.27,-7.701, 8.000,-3.948,   2.0, -55.0, 103.0
202540847,032,  31.34,  29.49,  88.24,  246.26,  243.01, -500.27,-7.701, 8.000,-3.948,   2.0, -55.0, 103.0
202540857,032,  31.26,  34.28,  84.74,  176.17,  258.84, -500.27,-4.519, 4.550,-0.999,   2.0, -55.0, 103.0
202540870,032,  30.80,  39.06,  81.01,  176.17,  258.84, -500.27,-4.519, 4.550,-0.999,   2.0, -55.0, 103.0
202540878,032,  30.18,  42.82,  78.59,   95.28,  235.07, -346.43,-3.535, 1.881,-0.121,   7.0, -40.0, 112.0
202540890,032,  29.30,  46.56,  75.94,   95.28,  235.07, -346.43,-3.535, 1.881,-0.121,   7.0, -40.0, 112.0
202540898,032,  28.39,  49.40,  74.00,   51.50,  189.59, -248.12,-2.667, 2.041, 0.104,   7.0, -40.0, 112.0
202540909,032,  27.27,  52.22,  71.86,   51.50,  189.59, -248.12,-2.667, 2.041, 0.104,   7.0, -40.0, 112.0
202540920,032,  26.18,  54.33,  69.83,   50.56,  135.44, -199.19,-1.631, 2.698, 0.683,   7.0, -40.0, 112.0
202540936,032,  24.89,  56.41,  67.62,   50.56,  135.44, -199.19,-1.631, 2.698, 0.683,   7.0, -40.0, 112.0
202540939,032,  24.94,  57.56,  66.72,   78.23,   85.59,  -89.34,-0.644, 1.955, 0.948,   7.0, -40.0, 112.0
202540949,032,  24.96,  58.72,  65.79,   78.23,   85.59,  -89.34,-0.644, 1.955, 0.948,  -2.0, -34.0, 113.0
202540959,032,  25.20,  58.92,  65.64,   33.33,   14.98,  -10.95, 0.107, 0.539, 0.269,  -2.0, -34.0, 113.0
202540970,032,  25.43,  59.12,  65.50,   33.33,   14.98,  -10.95, 0.107, 0.539, 0.269,  -2.0, -34.0, 113.0
202540979,032,  25.14,  58.67,  65.06,    5.98,  -48.14,   -0.09, 0.671,-0.113,-0.714,  -2.0, -34.0, 113.0
202540993,032,  24.85,  58.22,  64.62,    5.98,  -48.14,   -0.09, 0.671,-0.113,-0.714,  -2.0, -34.0, 113.0
202541000,032,  24.55,  57.77,  63.76,   41.15,  -57.53,  -21.18, 0.833, 0.027,-1.142,  -2.0, -34.0, 113.0
202541011,032,  24.26,  57.31,  62.91,   41.15,  -57.53,  -21.18, 0.833, 0.027,-1.142,  -2.0, -34.0, 113.0
202541025,032,  23.69,  57.05,  61.70,   42.84,  -48.56,  -46.50, 0.873, 0.438,-1.060,   8.0, -30.0, 113.0
202541027,032,  23.14,  56.78,  60.51,   42.84,  -48.56,  -46.50, 0.873, 0.438,-1.060,   8.0, -30.0, 113.0
202541038,032,  22.40,  56.74,  59.40,   17.54,  -25.05,  -51.18, 0.835, 1.011,-0.913,   8.0, -30.0, 113.0
202541047,032,  21.67,  56.69,  58.29,   17.54,  -25.05,  -51.18, 0.835, 1.011,-0.913,   8.0, -30.0, 113.0
202541058,032,  20.95,  56.81,  57.53,  -10.46,   -3.44,  -38.81, 0.770, 1.052,-0.190,   8.0, -30.0, 113.0
202541068,032,  20.22,  56.92,  56.77,  -10.46,   -3.44,  -38.81, 0.770, 1.052,-0.190,   8.0, -30.0, 113.0
202541079,032,  19.36,  56.65,  56.40,  -56.24,  -31.71,   -6.90, 0.771, 0.617,-0.292,  13.0, -37.0, 111.0
202541089,032,  18.50,  56.37,  56.03,  -56.24,  -31.71,   -6.90, 0.771, 0.617,-0.292,  13.0, -37.0, 111.0
202541102,032,  17.35,  55.76,  55.84, -101.11,  -58.93,   10.76, 0.938, 0.418,-1.342,  13.0, -37.0, 111.0
202541115,032,  16.22,  55.15,  55.67, -101.11,  -58.93,   10.76, 0.938, 0.418,-1.342,  13.0, -37.0, 111.0
202541120,032,  15.83,  54.79,  55.76,  -47.86,  -31.60,   17.10, 0.919, 0.297,-0.916,  13.0, -37.0, 111.0
202541130,032,  15.44,  54.43,  55.85,  -47.86,  -31.60,   17.10, 0.919, 0.297,-0.916,  13.0, -37.0, 111.0
202541138,032,  15.75,  54.24,  56.28,   -6.84,  -10.18,   31.05, 0.908,-0.082,-0.585,  13.0, -37.0, 111.0
202541153,032,  16.05,  54.05,  56.71,   -6.84,  -10.18,   31.05, 0.908,-0.082,-0.585,  18.0, -41.0, 110.0
202541158,032,  16.19,  53.78,  56.94,   -7.53,  -20.31,   22.75, 0.876, 0.135,-0.764,  18.0, -41.0, 110.0
202541170,032,  16.32,  53.51,  57.17,   -7.53,  -20.31,   22.75, 0.876, 0.135,-0.764,  18.0, -41.0, 110.0
202541180,032,  16.29,  53.18,  57.28,  -13.54,  -27.86,   18.18, 0.827, 0.326,-0.918,  18.0, -41.0, 110.0
202541190,032,  16.26,  52.85,  57.40,  -13.54,  -27.86,   18.18, 0.827, 0.326,-0.918,  18.0, -41.0, 110.0
202541205,032,  16.66,  52.73,  57.96,   -8.56,   -1.89,   37.80, 1.478,-0.407,-0.151,  18.0, -41.0, 110.0
202541207,032,  17.05,  52.61,  58.53,   -8.56,   -1.89,   37.80, 1.478,-0.407,-0.151,  18.0, -41.0, 110.0
202541222,016,  16.83,  52.85,  58.32,    0.02,    6.84,    2.58, 0.774, 0.490,-0.039,  19.0, -42.0, 110.0
202541230,016,  16.62,  53.08,  58.10,    0.02,    6.84,    2.58, 0.774, 0.490,-0.039,  19.0, -42.0, 110.0
202541237,016,  16.64,  53.19,  57.95,   18.37,    9.37,   -0.15, 0.814, 0.250,-0.609,  19.0, -42.0, 110.0
202541249,016,  16.67,  53.30,  57.79,   18.37,    9.37,   -0.15, 0.814, 0.250,-0.609,  19.0, -42.0, 110.0
202541258,016,  16.45,  53.30,  57.61,   -2.82,    0.64,    1.19, 0.770, 0.277,-0.681,  19.0, -42.0, 110.0
202541269,016,  16.23,  53.30,  57.42,   -2.82,    0.64,    1.19, 0.770, 0.277,-0.681,  19.0, -42.0, 110.0
202541280,032,  16.08,  53.20,  57.38,  -13.85,   -8.98,    2.61, 0.780, 0.138,-0.770,  19.0, -41.0, 110.0
202541295,032,  15.92,  53.09,  57.34,  -13.85,   -8.98,    2.61, 0.780, 0.138,-0.770,  19.0, -41.0, 110.0
202541297,032,  15.98,  53.03,  57.32,    4.67,   -4.08,    3.13, 0.750, 0.216,-0.830,  19.0, -41.0, 110.0
202541309,032,  16.03,  52.97,  57.31,    4.67,   -4.08,    3.13, 0.750, 0.216,-0.830,  19.0, -41.0, 110.0
202541318,016,  16.09,  52.99,  57.28,   11.34,    4.38,    8.27, 0.745, 0.204,-0.623,  19.0, -41.0, 110.0
202541329,016,  16.14,  53.01,  57.25,   11.34,    4.38,    8.27, 0.745, 0.204,-0.623,  19.0, -41.0, 110.0
202541337,032,  16.20,  53.07,  57.39,   -8.95,    8.18,    8.24, 0.786,-0.198,-0.290,  19.0, -41.0, 110.0
202541349,032,  16.25,  53.12,  57.53,   -8.95,    8.18,    8.24, 0.786,-0.198,-0.290,  19.0, -41.0, 110.0
202541360,032,  16.21,  53.16,  57.46,    0.38,    3.97,   -3.31, 0.703, 0.158,-0.482,  19.0, -41.0, 110.0
202541370,032,  16.17,  53.20,  57.38,    0.38,    3.97,   -3.31, 0.703, 0.158,-0.482,  19.0, -41.0, 110.0
202541385,016,  16.19,  53.20,  57.10,   26.53,    0.82,   -8.34, 0.741, 0.099,-0.747,  19.0, -41.0, 110.0
202541387,016,  16.22,  53.20,  56.83,   26.53,    0.82,   -8.34, 0.741, 0.099,-0.747,  19.0, -41.0, 110.0
202541397,032,  16.44,  53.20,  56.64,   35.50,   -0.92,   -8.95, 0.775, 0.177,-0.638,  19.0, -41.0, 110.0
202541408,032,  16.66,  53.21,  56.44,   35.50,   -0.92,   -8.95, 0.775, 0.177,-0.638,  19.0, -38.0, 110.0
202541418,000,  15.01,  53.33,  54.97,    0.02,   -0.34,   -6.87, 0.764, 0.167,-0.609,  19.0, -38.0, 110.0
202541431,000,  13.50,  53.41,  53.61,    0.02,   -0.34,   -6.87, 0.764, 0.167,-0.609,  19.0, -38.0, 110.0
202541440,016,  13.06,  53.37,  53.35,  -20.41,   -3.18,   -5.68, 0.775, 0.208,-0.709,  19.0, -38.0, 110.0
202541449,016,  12.63,  53.34,  53.09,  -20.41,   -3.18,   -5.68, 0.775, 0.208,-0.709,  19.0, -38.0, 110.0
202541462,016,  12.30,  53.30,  52.84,  -11.39,   -3.80,   -6.14, 0.743, 0.153,-0.629,  19.0, -38.0, 110.0
202541478,016,  11.97,  53.26,  52.59,  -11.39,   -3.80,   -6.14, 0.743, 0.153,-0.629,  19.0, -38.0, 110.0
202541481,032,  11.95,  53.23,  52.42,    9.36,   -3.73,   -7.31, 0.784, 0.155,-0.803,  20.0, -38.0, 110.0
202541490,032,  11.92,  53.20,  52.25,    9.36,   -3.73,   -7.31, 0.784, 0.155,-0.803,  20.0, -38.0, 110.0
202541498,016,  11.82,  53.20,  51.95,   15.36,    1.11,  -10.00, 0.745, 0.173,-0.694,  20.0, -38.0, 110.0
202541512,016,  11.72,  53.21,  51.65,   15.36,    1.11,  -10.00, 0.745, 0.173,-0.694,  20.0, -38.0, 110.0
202541519,016,  11.41,  53.29,  51.34,   -3.51,    6.82,   -9.95, 0.730, 0.250,-0.616,  20.0, -38.0, 110.0
202541531,000,  10.06,  53.45,  50.19,   -5.62,    4.08,   -4.18, 0.756, 0.177,-0.564,  20.0, -38.0, 110.0
202541540,000,   8.82,  53.57,  49.13,   -5.62,    4.08,   -4.18, 0.756, 0.177,-0.564,  20.0, -38.0, 110.0
202541549,000,   7.74,  53.45,  48.22,   -4.41,   -5.24,    3.62, 0.791, 0.193,-0.662,  20.0, -38.0, 110.0
202541565,000,   6.75,  53.32,  47.39,   -4.41,   -5.24,    3.62, 0.791, 0.193,-0.662,  20.0, -38.0, 110.0
202541568,032,   6.85,  53.19,  47.45,    3.36,  -11.47,    7.15, 0.797, 0.238,-0.791,  20.0, -38.0, 110.0
202541582,032,   6.95,  53.05,  47.51,    3.36,  -11.47,    7.15, 0.797, 0.238,-0.791,  20.0, -38.0, 110.0
202541587,032,   7.07,  52.97,  47.60,    1.97,   -6.23,    8.56, 0.783, 0.156,-0.788,  20.0, -38.0, 110.0
202541597,032,   7.19,  52.88,  47.70,    1.97,   -6.23,    8.56, 0.783, 0.156,-0.788,  20.0, -38.0, 110.0
202541608,016,   7.22,  52.88,  47.76,   -1.05,    3.31,   10.03, 0.764, 0.174,-0.701,  21.0, -38.0, 110.0
202541620,016,   7.26,  52.88,  47.83,   -1.05,    3.31,   10.03, 0.764, 0.174,-0.701,  21.0, -38.0, 110.0
202541628,016,   7.32,  52.94,  47.85,    4.03,    7.73,    6.37, 0.751, 0.138,-0.564,  21.0, -38.0, 110.0
202541639,016,   7.38,  53.00,  47.87,    4.03,    7.73,    6.37, 0.751, 0.138,-0.564,  21.0, -38.0, 110.0
202541655,016,   7.48,  53.03,  47.82,   15.47,    3.21,    2.79, 0.741, 0.165,-0.562,  21.0, -38.0, 110.0
202541657,016,   7.59,  53.05,  47.76,   15.47,    3.21,    2.79, 0.741, 0.165,-0.562,  21.0, -38.0, 110.0
202541667,032,   7.67,  52.97,  47.72,    9.51,   -6.92,    0.67, 0.761, 0.243,-0.849,  21.0, -38.0, 110.0
202541677,032,   7.75,  52.89,  47.68,    9.51,   -6.92,    0.67, 0.761, 0.243,-0.849,  21.0, -37.0, 110.0
202541688,032,   7.68,  52.83,  47.68,   -9.48,   -4.06,    2.85, 0.753, 0.229,-0.817,  21.0, -37.0, 110.0
202541699,032,   7.61,  52.77,  47.68,   -9.48,   -4.06,    2.85, 0.753, 0.229,-0.817,  21.0, -37.0, 110.0
202541709,016,   7.48,  52.80,  47.69,  -13.51,    5.34,    5.86, 0.754, 0.138,-0.649,  21.0, -37.0, 110.0
