204931265,016,   1.13,  -0.23,  18.75,   -1.16,    1.28,    0.37,-0.006,-0.016,-1.076, 127.0, -23.0,  95.0
204931274,016,   1.13,  -0.23,  18.74,   -1.22,    1.16,    0.30,-0.004,-0.019,-1.077, 127.0, -23.0,  95.0
204931285,016,   1.13,  -0.23,  18.74,   -1.22,    1.16,    0.30,-0.004,-0.019,-1.077, 127.0, -23.0,  95.0
204931295,016,   1.13,  -0.23,  18.73,   -1.16,    1.16,    0.30, 0.002,-0.014,-1.098, 127.0, -23.0,  95.0
204931308,016,   1.13,  -0.23,  18.73,   -1.16,    1.16,    0.30, 0.002,-0.014,-1.098, 127.0, -23.0,  95.0
204931317,016,   1.13,  -0.23,  18.72,   -1.16,    1.22,    0.30,-0.012,-0.013,-1.077, 127.0, -23.0,  95.0
204931328,016,   1.12,  -0.23,  18.72,   -1.16,    1.22,    0.30,-0.012,-0.013,-1.077, 127.0, -23.0,  95.0
204931344,016,   1.13,  -0.23,  18.71,   -1.10,    1.28,    0.18,-0.010,-0.033,-1.083, 127.0, -23.0,  95.0
204931345,016,   1.13,  -0.23,  18.71,   -1.10,    1.28,    0.18,-0.010,-0.033,-1.083, 127.0, -23.0,  95.0
204931357,016,   1.13,  -0.23,  18.70,   -1.10,    1.28,   -0.12,-0.004,-0.027,-1.081, 127.0, -23.0,  95.0
204931370,016,   1.13,  -0.23,  18.69,   -1.10,    1.28,   -0.12,-0.004,-0.027,-1.081, 127.0, -23.0,  95.0
204931375,032,   1.13,  -0.23,  18.67,   -1.10,    1.22,   -1.28,-0.032,-0.008,-1.108, 127.0, -23.0,  95.0
204931386,032,   1.13,  -0.23,  18.64,   -1.10,    1.22,   -1.28,-0.032,-0.008,-1.108, 127.0, -23.0,  95.0
204931398,032,   1.13,  -0.23,  18.60,   -1.40,    1.22,   -3.17, 0.009,-0.023,-1.103, 127.0, -24.0,  95.0
204931408,032,   1.12,  -0.22,  18.57,   -1.40,    1.22,   -3.17, 0.009,-0.023,-1.103, 127.0, -24.0,  95.0
204931417,016,   1.12,  -0.22,  18.54,   -1.34,    1.34,   -1.52,-0.002,-0.018,-1.072, 127.0, -24.0,  95.0
204931433,016,   1.12,  -0.22,  18.52,   -1.34,    1.34,   -1.52,-0.002,-0.018,-1.072, 127.0, -24.0,  95.0
204931435,032,   1.12,  -0.22,  18.50,   -1.40,    1.22,   -0.98,-0.001,-0.027,-1.100, 127.0, -24.0,  95.0
204931448,032,   1.11,  -0.22,  18.48,   -1.40,    1.22,   -0.98,-0.001,-0.027,-1.100, 127.0, -24.0,  95.0
204931455,016,   1.11,  -0.21,  18.47,   -1.59,    1.28,   -0.24, 0.001,-0.019,-1.074, 127.0, -23.0,  95.0
204931465,016,   1.10,  -0.21,  18.46,   -1.59,    1.28,   -0.24, 0.001,-0.019,-1.074, 127.0, -23.0,  95.0
204931479,016,   1.10,  -0.21,  18.46,   -1.59,    1.22,    0.06,-0.008,-0.021,-1.091, 127.0, -23.0,  95.0
204931486,016,   1.09,  -0.21,  18.45,   -1.59,    1.22,    0.06,-0.008,-0.021,-1.091, 127.0, -23.0,  95.0
204931497,016,   1.09,  -0.21,  18.44,   -1.40,    1.16,    0.12, 0.006,-0.025,-1.088, 127.0, -23.0,  95.0
204931508,016,   1.09,  -0.21,  18.44,   -1.40,    1.16,    0.12, 0.006,-0.025,-1.088, 127.0, -23.0,  95.0
204931518,016,   1.09,  -0.21,  18.43,   -1.22,    1.28,    0.30, 0.003,-0.016,-1.085, 127.0, -23.0,  95.0
204931521,016,   1.09,  -0.20,  18.43,   -1.22,    1.28,    0.30, 0.003,-0.016,-1.085, 127.0, -23.0,  95.0
204931535,016,   1.08,  -0.20,  18.42,   -1.22,    1.28,    0.37,-0.008,-0.018,-1.084, 127.0, -23.0,  95.0
204931547,016,   1.08,  -0.20,  18.42,   -1.22,    1.28,    0.37,-0.008,-0.018,-1.084, 127.0, -23.0,  95.0
204931556,016,   1.08,  -0.20,  18.41,   -1.34,    1.40,    0.37,-0.001,-0.021,-1.097, 127.0, -23.0,  95.0
204931567,016,   1.08,  -0.20,  18.41,   -1.34,    1.40,    0.37,-0.001,-0.021,-1.097, 127.0, -23.0,  95.0
204931576,016,   1.07,  -0.19,  18.40,   -1.34,    1.34,    0.24, 0.001,-0.019,-1.083, 127.0, -23.0,  95.0
204931591,016,   1.07,  -0.19,  18.40,   -1.34,    1.34,    0.24, 0.001,-0.019,-1.083, 127.0, -23.0,  95.0
204931597,016,   1.07,  -0.19,  18.39,   -1.22,    1.34,    0.12,-0.004,-0.025,-1.085, 127.0, -23.0,  95.0
204931612,016,   1.07,  -0.19,  18.38,   -1.22,    1.34,    0.12,-0.004,-0.025,-1.085, 127.0, -23.0,  95.0
204931624,016,   1.07,  -0.18,  18.38,   -1.28,    1.34,    0.12, 0.002,-0.016,-1.078, 127.0, -23.0,  95.0
204931626,016,   1.07,  -0.18,  18.37,   -1.28,    1.34,    0.12, 0.002,-0.016,-1.078, 127.0, -23.0,  95.0
204931637,016,   1.06,  -0.18,  18.36,   -1.34,    1.34,    0.06,-0.003,-0.014,-1.087, 127.0, -23.0,  95.0
204931646,016,   1.06,  -0.18,  18.35,   -1.34,    1.34,    0.06,-0.003,-0.014,-1.087, 127.0, -23.0,  95.0
204931658,016,   1.05,  -0.17,  18.35,   -1.59,    1.52,    0.12,-0.005,-0.018,-1.095, 127.0, -23.0,  95.0
204931667,016,   1.05,  -0.17,  18.34,   -1.59,    1.52,    0.12,-0.005,-0.018,-1.095, 127.0, -23.0,  95.0
204931677,016,   1.04,  -0.17,  18.33,   -1.71,    1.52,   -0.06,-0.002,-0.024,-1.085, 127.0, -23.0,  95.0
204931687,016,   1.04,  -0.16,  18.32,   -1.71,    1.52,   -0.06,-0.002,-0.024,-1.085, 127.0, -23.0,  95.0
204931698,016,   1.04,  -0.16,  18.31,   -1.65,    1.46,   -0.24,-0.001,-0.037,-1.072, 127.0, -23.0,  95.0
204931713,016,   1.03,  -0.16,  18.30,   -1.65,    1.46,   -0.24,-0.001,-0.037,-1.072, 127.0, -23.0,  95.0
204931715,016,   1.03,  -0.15,  18.29,   -1.10,    1.65,   -0.12,-0.004,-0.025,-1.095, 127.0, -23.0,  95.0
204931725,016,   1.04,  -0.15,  18.29,   -1.10,    1.65,   -0.12,-0.004,-0.025,-1.095, 127.0, -23.0,  95.0
204931735,016,   1.04,  -0.14,  18.28,   -0.98,    1.65,   -0.12,-0.007,-0.021,-1.085, 127.0, -23.0,  95.0
204931745,016,   1.04,  -0.14,  18.27,   -0.98,    1.65,   -0.12,-0.007,-0.021,-1.085, 127.0, -23.0,  95.0
204931764,016,   1.04,  -0.14,  18.26,   -1.04,    1.59,   -0.12,-0.022,-0.008,-1.089, 127.0, -23.0,  95.0
204931766,016,   1.04,  -0.13,  18.25,   -1.04,    1.59,   -0.12,-0.022,-0.008,-1.089, 127.0, -23.0,  95.0
204931781,016,   1.04,  -0.13,  18.24,   -1.10,    1.52,   -0.12,-0.010,-0.018,-1.089, 127.0, -23.0,  95.0
204931787,016,   1.04,  -0.13,  18.23,   -1.10,    1.52,   -0.12,-0.010,-0.018,-1.089, 127.0, -23.0,  94.0
204931797,016,   1.04,  -0.12,  18.22,   -1.04,    1.52,   -0.18, 0.004,-0.019,-1.086, 127.0, -23.0,  94.0
204931799,016,   1.04,  -0.12,  18.21,   -1.04,    1.52,   -0.18, 0.004,-0.019,-1.086, 127.0, -23.0,  94.0
204931814,016,   1.04,  -0.11,  18.20,   -1.04,    1.59,   -0.24, 0.000,-0.027,-1.083, 127.0, -23.0,  94.0
204931826,016,   1.04,  -0.11,  18.19,   -1.04,    1.59,   -0.24, 0.000,-0.027,-1.083, 127.0, -23.0,  94.0
204931834,016,   1.04,  -0.11,  18.18,   -1.04,    1.59,   -0.30,-0.003,-0.028,-1.096, 127.0, -23.0,  94.0
204931845,016,   1.04,  -0.10,  18.17,   -1.04,    1.59,   -0.30,-0.003,-0.028,-1.096, 127.0, -23.0,  94.0
204931857,016,   1.05,  -0.10,  18.16,   -0.98,    1.59,   -0.24, 0.000,-0.024,-1.079, 127.0, -23.0,  95.0
204931867,016,   1.05,  -0.09,  18.15,   -0.98,    1.59,   -0.24, 0.000,-0.024,-1.079, 127.0, -23.0,  95.0
204931877,016,   1.05,  -0.09,  18.14,   -0.91,    1.52,   -0.24, 0.000,-0.021,-1.083, 127.0, -23.0,  95.0
204931888,016,   1.05,  -0.08,  18.13,   -0.91,    1.52,   -0.24, 0.000,-0.021,-1.083, 127.0, -23.0,  95.0
204931903,016,   1.06,  -0.08,  18.12,   -0.85,    1.52,   -0.24,-0.009,-0.022,-1.092, 127.0, -23.0,  95.0
204931904,016,   1.06,  -0.08,  18.11,   -0.85,    1.52,   -0.24,-0.009,-0.022,-1.092, 127.0, -23.0,  95.0
204931916,016,   1.06,  -0.07,  18.10,   -0.73,    1.46,   -0.12,-0.002,-0.022,-1.072, 127.0, -23.0,  95.0
204931926,016,   1.07,  -0.07,  18.09,   -0.73,    1.46,   -0.12,-0.002,-0.022,-1.072, 127.0, -23.0,  95.0
204931936,016,   1.07,  -0.07,  18.08,   -0.98,    1.34,    0.06,-0.003,-0.015,-1.088, 127.0, -23.0,  95.0
204931947,016,   1.07,  -0.07,  18.08,   -0.98,    1.34,    0.06,-0.003,-0.015,-1.088, 127.0, -23.0,  95.0
204931958,016,   1.07,  -0.07,  18.07,   -1.04,    1.34,    0.12,-0.002,-0.014,-1.100, 127.0, -23.0,  95.0
204931967,016,   1.07,  -0.06,  18.06,   -1.04,    1.34,    0.12,-0.002,-0.014,-1.100, 127.0, -23.0,  95.0
204931978,016,   1.07,  -0.06,  18.06,   -0.91,    1.40,    0.12,-0.004,-0.028,-1.080, 127.0, -23.0,  95.0
204931993,016,   1.07,  -0.06,  18.05,   -0.91,    1.40,    0.12,-0.004,-0.028,-1.080, 127.0, -23.0,  94.0
204931994,016,   1.08,  -0.06,  18.04,   -0.98,    1.46,    0.12,-0.007,-0.020,-1.084, 127.0, -23.0,  94.0
204932004,016,   1.08,  -0.06,  18.04,   -0.98,    1.46,    0.12,-0.007,-0.020,-1.084, 127.0, -23.0,  94.0
204932015,016,   1.08,  -0.05,  18.03,   -1.16,    1.46,    0.12,-0.002,-0.029,-1.081, 127.0, -23.0,  94.0
204932026,016,   1.08,  -0.05,  18.02,   -1.16,    1.46,    0.12,-0.002,-0.029,-1.081, 127.0, -23.0,  94.0
204932036,016,   1.08,  -0.05,  18.02,   -1.16,    1.46,    0.18, 0.000,-0.035,-1.083, 127.0, -23.0,  94.0
204932046,016,   1.08,  -0.04,  18.01,   -1.16,    1.46,    0.18, 0.000,-0.035,-1.083, 127.0, -23.0,  94.0
204932058,016,   1.08,  -0.04,  18.01,   -1.04,    1.52,    0.06,-0.002,-0.021,-1.095, 127.0, -23.0,  94.0
204932067,016,   1.08,  -0.04,  18.00,   -1.04,    1.52,    0.06,-0.002,-0.021,-1.095, 127.0, -23.0,  94.0
204932077,016,   1.09,  -0.03,  17.99,   -0.79,    1.46,    0.18,-0.010,-0.021,-1.090, 127.0, -23.0,  94.0
204932080,016,   1.09,  -0.03,  17.99,   -0.79,    1.46,    0.18,-0.010,-0.021,-1.090, 127.0, -23.0,  94.0
204932095,016,   1.09,  -0.03,  17.98,   -1.04,    1.40,    0.18,-0.012,-0.026,-1.076, 127.0, -23.0,  94.0
204932104,016,   1.09,  -0.03,  17.98,   -1.04,    1.40,    0.18,-0.012,-0.026,-1.076, 127.0, -23.0,  94.0
204932116,016,   1.09,  -0.03,  17.97,   -1.16,    1.34,    0.18,-0.006,-0.025,-1.095, 127.0, -23.0,  94.0
204932126,016,   1.09,  -0.03,  17.96,   -1.16,    1.34,    0.18,-0.006,-0.025,-1.095, 127.0, -23.0,  95.0
204932136,016,   1.10,  -0.02,  17.96,   -1.04,    1.46,    0.18, 0.003,-0.023,-1.078, 127.0, -23.0,  95.0
204932147,016,   1.10,  -0.02,  17.95,   -1.04,    1.46,    0.18, 0.003,-0.023,-1.078, 127.0, -23.0,  95.0
204932158,016,   1.10,  -0.02,  17.95,   -1.04,    1.40,    0.18,-0.002,-0.026,-1.069, 127.0, -23.0,  95.0
204932168,016,   1.10,  -0.02,  17.94,   -1.04,    1.40,    0.18,-0.002,-0.026,-1.069, 127.0, -23.0,  95.0
204932183,016,   1.10,  -0.01,  17.94,   -1.04,    1.34,    0.18, 0.006,-0.024,-1.093, 127.0, -23.0,  95.0
204932185,016,   1.10,  -0.01,  17.93,   -1.04,    1.34,    0.18, 0.006,-0.024,-1.093, 127.0, -22.0,  94.0
204932196,016,   1.10,  -0.01,  17.92,   -1.10,    1.34,    0.18,-0.004,-0.022,-1.099, 127.0, -22.0,  94.0
204932206,016,   1.10,  -0.01,  17.92,   -1.10,    1.34,    0.18,-0.004,-0.022,-1.099, 127.0, -22.0,  94.0
204932216,016,   1.10,  -0.01,  17.91,   -1.16,    1.28,    0.24, 0.003,-0.017,-1.098, 127.0, -22.0,  94.0
204932227,016,   1.10,  -0.00,  17.91,   -1.16,    1.28,    0.24, 0.003,-0.017,-1.098, 127.0, -22.0,  94.0
204932238,016,   1.10,  -0.00,  17.90,   -1.10,    1.28,    0.30,-0.004,-0.023,-1.087, 127.0, -22.0,  94.0
204932249,016,   1.10,  -0.00,  17.90,   -1.10,    1.28,    0.30,-0.004,-0.023,-1.087, 127.0, -22.0,  94.0
204932259,016,   1.10,   0.00,  17.89,   -1.04,    1.40,    0.24, 0.003,-0.028,-1.079, 126.0, -23.0,  94.0
204932275,016,   1.10,   0.00,  17.89,   -1.04,    1.40,    0.24, 0.003,-0.028,-1.079, 126.0, -23.0,  94.0
204932283,016,   1.10,   0.00,  17.88,   -1.10,    1.34,    0.24,-0.004,-0.021,-1.082, 126.0, -23.0,  94.0
204932288,016,   1.10,   0.01,  17.88,   -1.10,    1.34,    0.24,-0.004,-0.021,-1.082, 126.0, -23.0,  94.0
204932295,016,   1.10,   0.01,  17.87,   -1.16,    1.52,    0.43,-0.005,-0.021,-1.088, 126.0, -23.0,  94.0
204932307,016,   1.10,   0.01,  17.87,   -1.16,    1.52,    0.43,-0.005,-0.021,-1.088, 126.0, -23.0,  94.0
204932316,016,   1.10,   0.02,  17.87,   -1.04,    1.52,    0.49, 0.006,-0.021,-1.081, 126.0, -23.0,  94.0
204932327,016,   1.11,   0.02,  17.87,   -1.04,    1.52,    0.49, 0.006,-0.021,-1.081, 126.0, -23.0,  94.0
204932337,016,   1.11,   0.02,  17.86,   -0.85,    1.22,    0.43,-0.007,-0.018,-1.084, 126.0, -23.0,  94.0
204932347,016,   1.11,   0.02,  17.86,   -0.85,    1.22,    0.43,-0.007,-0.018,-1.084, 126.0, -23.0,  94.0
204932363,016,   1.11,   0.02,  17.86,   -0.73,    1.10,    0.49,-0.014,-0.025,-1.072, 126.0, -23.0,  94.0
204932365,016,   1.12,   0.01,  17.85,   -0.73,    1.10,    0.49,-0.014,-0.025,-1.072, 126.0, -23.0,  94.0
204932376,016,   1.12,   0.01,  17.85,   -0.98,    1.34,    0.43,-0.009,-0.019,-1.077, 126.0, -23.0,  94.0
204932388,016,   1.12,   0.02,  17.85,   -0.98,    1.34,    0.43,-0.009,-0.019,-1.077, 126.0, -23.0,  94.0
204932396,016,   1.12,   0.02,  17.84,   -1.22,    1.71,    0.37, 0.005,-0.018,-1.086, 126.0, -23.0,  94.0
204932406,016,   1.12,   0.03,  17.84,   -1.22,    1.71,    0.37, 0.005,-0.018,-1.086, 126.0, -23.0,  94.0
204932417,016,   1.12,   0.03,  17.84,   -1.22,    1.65,    0.49, 0.002,-0.021,-1.074, 126.0, -23.0,  94.0
204932428,016,   1.11,   0.04,  17.84,   -1.22,    1.65,    0.49, 0.002,-0.021,-1.074, 126.0, -23.0,  94.0
204932438,016,   1.12,   0.04,  17.83,   -1.04,    1.16,    0.49,-0.007,-0.023,-1.096, 126.0, -23.0,  94.0
204932448,016,   1.12,   0.04,  17.83,   -1.04,    1.16,    0.49,-0.007,-0.023,-1.096, 126.0, -23.0,  94.0
204932450,016,   1.12,   0.04,  17.83,   -0.91,    1.28,    0.49,-0.008,-0.020,-1.086, 127.0, -23.0,  94.0
204932464,016,   1.12,   0.04,  17.83,   -0.91,    1.28,    0.49,-0.008,-0.020,-1.086, 127.0, -23.0,  94.0
204932479,016,   1.12,   0.04,  17.82,   -1.10,    1.28,    0.43,-0.001,-0.025,-1.082, 127.0, -23.0,  94.0
204932485,016,   1.12,   0.04,  17.82,   -1.10,    1.28,    0.43,-0.001,-0.025,-1.082, 127.0, -23.0,  94.0
204932496,016,   1.12,   0.04,  17.82,   -0.98,    1.22,    0.43,-0.003,-0.025,-1.095, 127.0, -23.0,  94.0
204932512,016,   1.12,   0.04,  17.81,   -0.98,    1.22,    0.43,-0.003,-0.025,-1.095, 127.0, -23.0,  94.0
204932516,016,   1.13,   0.04,  17.81,   -0.91,    1.22,    0.43,-0.003,-0.022,-1.082, 127.0, -24.0,  95.0
204932530,016,   1.13,   0.04,  17.81,   -0.91,    1.22,    0.43,-0.003,-0.022,-1.082, 127.0, -24.0,  95.0
204932540,016,   1.13,   0.04,  17.80,   -1.04,    1.16,    0.43,-0.006,-0.033,-1.093, 127.0, -24.0,  95.0
204932554,016,   1.13,   0.04,  17.80,   -1.04,    1.16,    0.43,-0.006,-0.033,-1.093, 127.0, -24.0,  95.0
204932556,016,   1.13,   0.03,  17.80,   -1.22,    1.04,    0.37, 0.001,-0.015,-1.085, 127.0, -24.0,  95.0
204932565,016,   1.13,   0.03,  17.79,   -1.22,    1.04,    0.37, 0.001,-0.015,-1.085, 127.0, -24.0,  95.0
204932575,016,   1.13,   0.03,  17.79,   -1.16,    1.04,    0.43,-0.004,-0.031,-1.084, 127.0, -24.0,  95.0
204932586,016,   1.13,   0.03,  17.79,   -1.16,    1.04,    0.43,-0.004,-0.031,-1.084, 127.0, -22.0,  95.0
204932596,016,   1.13,   0.03,  17.78,   -0.98,    1.04,    0.43,-0.004,-0.025,-1.078, 127.0, -22.0,  95.0
204932608,016,   1.14,   0.03,  17.78,   -0.98,    1.04,    0.43,-0.004,-0.025,-1.078, 127.0, -22.0,  95.0
204932620,016,   1.13,   0.02,  17.78,   -1.04,    1.04,    0.37,-0.003,-0.011,-1.088, 127.0, -22.0,  95.0
204932628,016,   1.13,   0.02,  17.77,   -1.04,    1.04,    0.37,-0.003,-0.011,-1.088, 127.0, -22.0,  95.0
204932643,016,   1.13,   0.02,  17.77,   -0.98,    0.85,    0.43, 0.004,-0.017,-1.078, 127.0, -22.0,  95.0
204932644,016,   1.13,   0.02,  17.77,   -0.98,    0.85,    0.43, 0.004,-0.017,-1.078, 127.0, -22.0,  95.0
204932654,016,   1.14,   0.01,  17.76,   -0.85,    0.67,    0.43,-0.016,-0.017,-1.095, 127.0, -24.0,  94.0
204932667,016,   1.14,   0.00,  17.76,   -0.85,    0.67,    0.43,-0.016,-0.017,-1.095, 127.0, -24.0,  94.0
204932676,032,   1.14,  -0.00,  17.76,   -0.85,    0.67,    0.55, 0.009,-0.023,-1.111, 127.0, -24.0,  94.0
204932686,032,   1.14,  -0.01,  17.76,   -0.85,    0.67,    0.55, 0.009,-0.023,-1.111, 127.0, -24.0,  94.0
204932697,016,   1.15,  -0.01,  17.76,   -0.91,    0.73,    0.61,-0.001,-0.028,-1.072, 127.0, -24.0,  94.0
204932708,016,   1.15,  -0.01,  17.75,   -0.91,    0.73,    0.61,-0.001,-0.028,-1.072, 127.0, -24.0,  94.0
204932718,016,   1.15,  -0.02,  17.75,   -0.73,    0.49,    0.55, 0.002,-0.021,-1.094, 127.0, -23.0,  95.0
204932729,016,   1.16,  -0.03,  17.75,   -0.73,    0.49,    0.55, 0.002,-0.021,-1.094, 127.0, -23.0,  95.0
204932731,016,   1.16,  -0.04,  17.75,   -0.61,    0.37,    0.49,-0.008,-0.026,-1.088, 127.0, -23.0,  95.0
204932745,016,   1.17,  -0.05,  17.75,   -0.61,    0.37,    0.49,-0.008,-0.026,-1.088, 127.0, -23.0,  95.0
204932755,016,   1.17,  -0.05,  17.74,   -0.73,    0.37,    0.67,-0.003,-0.019,-1.099, 127.0, -23.0,  95.0
204932769,016,   1.17,  -0.06,  17.74,   -0.73,    0.37,    0.67,-0.003,-0.019,-1.099, 127.0, -23.0,  95.0
204932777,016,   1.17,  -0.07,  17.75,   -1.22,    0.73,    1.52,-0.006,-0.019,-1.086, 127.0, -23.0,  95.0
204932788,016,   1.17,  -0.07,  17.76,   -1.22,    0.73,    1.52,-0.006,-0.019,-1.086, 127.0, -23.0,  94.0
204932798,016,   1.16,  -0.08,  17.81,   -1.71,    0.79,    5.73,-0.020,-0.010,-1.086, 127.0, -23.0,  94.0
204932806,016,   1.15,  -0.09,  17.86,   -1.71,    0.79,    5.73,-0.020,-0.010,-1.086, 127.0, -23.0,  94.0
204932818,016,   1.15,  -0.10,  18.02,   -1.40,    0.55,   16.34, 0.003,-0.036,-1.083, 127.0, -23.0,  94.0
204932835,016,   1.15,  -0.10,  18.17,   -1.40,    0.55,   16.34, 0.003,-0.036,-1.083, 127.0, -23.0,  94.0
204932836,016,   1.15,  -0.11,  18.31,   -0.91,    0.49,   14.82,-0.001,-0.022,-1.083, 127.0, -23.0,  94.0
204932845,016,   1.16,  -0.12,  18.45,   -0.91,    0.49,   14.82,-0.001,-0.022,-1.083, 127.0, -23.0,  94.0
204932855,016,   1.15,  -0.13,  18.71,   -1.10,    0.73,   26.71,-0.003,-0.017,-1.095, 126.0, -25.0,  94.0
204932865,016,   1.15,  -0.14,  18.97,   -1.10,    0.73,   26.71,-0.003,-0.017,-1.095, 126.0, -25.0,  94.0
204932876,032,   1.15,  -0.15,  19.27,   -1.40,    0.98,   30.43, 0.016,-0.078,-1.085, 126.0, -25.0,  94.0
204932886,032,   1.15,  -0.16,  19.56,   -1.40,    0.98,   30.43, 0.016,-0.078,-1.085, 126.0, -25.0,  94.0
204932897,016,   1.14,  -0.16,  19.68,   -1.95,    1.16,   13.11,-0.004,-0.035,-1.081, 126.0, -25.0,  94.0
204932907,016,   1.13,  -0.16,  19.81,   -1.95,    1.16,   13.11,-0.004,-0.035,-1.081, 126.0, -25.0,  94.0
204932924,016,   1.13,  -0.16,  19.84,   -1.65,    1.04,    4.15,-0.000,-0.022,-1.086, 126.0, -27.0,  94.0
204932925,016,   1.12,  -0.16,  19.87,   -1.65,    1.04,    4.15,-0.000,-0.022,-1.086, 126.0, -27.0,  94.0
204932934,016,   1.12,  -0.17,  19.88,   -0.98,    0.91,    1.65,-0.024, 0.005,-1.090, 126.0, -27.0,  94.0
204932945,016,   1.12,  -0.18,  19.89,   -0.98,    0.91,    1.65,-0.024, 0.005,-1.090, 126.0, -27.0,  94.0
204932956,016,   1.11,  -0.18,  19.99,   -1.59,    1.10,   10.61,-0.029,-0.008,-1.097, 126.0, -27.0,  94.0
204932966,016,   1.10,  -0.19,  20.09,   -1.59,    1.10,   10.61,-0.029,-0.008,-1.097, 126.0, -27.0,  94.0
204932976,016,   1.12,  -0.19,  20.33,   -2.26,    0.91,   25.18, 0.019,-0.169,-1.037, 126.0, -27.0,  94.0
204932986,016,   1.13,  -0.20,  20.58,   -2.26,    0.91,   25.18, 0.019,-0.169,-1.037, 126.0, -30.0,  94.0
204932999,032,   1.11,  -0.21,  20.94,   -3.23,    1.10,   37.13,-0.238, 0.085,-1.088, 126.0, -30.0,  94.0
204933008,032,   1.08,  -0.22,  21.30,   -3.23,    1.10,   37.13,-0.238, 0.085,-1.088, 126.0, -30.0,  94.0
204933009,032,   0.81,  -0.31,  21.83,  -27.20,   -6.46,   53.17,-0.206, 0.477,-0.720, 126.0, -30.0,  94.0
204933026,032,   0.53,  -0.39,  22.35,  -27.20,   -6.46,   53.17,-0.206, 0.477,-0.720, 126.0, -30.0,  94.0
204933035,032,  -0.77,  -0.60,  22.64, -130.73,  -19.51,   29.82,-0.007, 0.151,-1.200, 126.0, -30.0,  94.0
204933045,032,  -2.07,  -0.80,  22.94, -130.73,  -19.51,   29.82,-0.007, 0.151,-1.200, 128.0, -47.0,  86.0
204933057,032,  -3.48,  -1.62,  23.22, -141.83,  -82.44,   24.33, 0.005, 0.060,-0.536, 128.0, -47.0,  86.0
204933066,032,  -4.90,  -2.44,  23.51, -141.83,  -82.44,   24.33, 0.005, 0.060,-0.536, 128.0, -47.0,  86.0
204933077,032,  -6.99,  -3.92,  24.09, -206.34, -152.80,   42.38, 0.321, 0.268,-1.475, 128.0, -47.0,  86.0
204933088,032,  -9.09,  -5.38,  24.72, -206.34, -152.80,   42.38, 0.321, 0.268,-1.475, 128.0, -47.0,  86.0
204933098,032, -12.97,  -7.96,  25.80, -376.77, -273.29,   56.77,-0.384, 0.282,-2.259, 128.0, -47.0,  86.0
204933113,032, -16.93, -10.47,  27.05, -376.77, -273.29,   56.77,-0.384, 0.282,-2.259, 128.0, -47.0,  86.0
204933116,032, -19.81, -11.74,  28.31, -264.21, -157.68,   77.32,-0.443, 0.292,-0.215, 138.0, -84.0,  55.0
204933127,032, -22.73, -12.96,  29.64, -264.21, -157.68,   77.32,-0.443, 0.292,-0.215, 138.0, -84.0,  55.0
204933135,032, -24.63, -11.41,  29.93, -184.51,  130.61,   88.78,-0.295, 0.294,-1.205, 138.0, -84.0,  55.0
204933146,032, -26.50,  -9.86,  30.17, -184.51,  130.61,   88.78,-0.295, 0.294,-1.205, 138.0, -84.0,  55.0
204933157,032, -28.39,  -7.84,  30.32, -186.77,  172.56,  106.65, 0.347, 0.598,-0.557, 138.0, -84.0,  55.0
204933169,032, -30.26,  -5.82,  30.40, -186.77,  172.56,  106.65, 0.347, 0.598,-0.557, 138.0, -84.0,  55.0
204933177,032, -32.07,  -3.69,  30.90, -178.11,  157.50,  154.21,-0.812, 0.250,-0.918, 138.0, -84.0,  55.0
204933188,032, -33.85,  -1.55,  31.35, -178.11,  157.50,  154.21,-0.812, 0.250,-0.918, 104.0,-107.0,  56.0
204933203,032, -34.84,   0.27,  30.85,  -98.60,  179.82,   62.20,-0.061, 1.188, 1.706, 104.0,-107.0,  56.0
204933205,032, -35.85,   2.09,  30.33,  -98.60,  179.82,   62.20,-0.061, 1.188, 1.706, 104.0,-107.0,  56.0
204933215,032, -38.06,   1.62,  30.15, -222.99,  -26.16,  -42.01,-0.036, 0.501,-3.075, 104.0,-107.0,  56.0
204933226,032, -40.27,   1.14,  29.99, -222.99,  -26.16,  -42.01,-0.036, 0.501,-3.075, 104.0,-107.0,  56.0
204933235,032, -41.85,   2.50,  28.92, -155.37,  174.57,    8.90,-0.070, 0.659,-1.368, 104.0,-107.0,  56.0
204933247,032, -43.44,   3.84,  27.80, -155.37,  174.57,    8.90,-0.070, 0.659,-1.368,  98.0,-114.0,  45.0
204933258,032, -44.65,   4.53,  26.91, -113.96,  113.29,  -15.73, 0.094, 0.971,-0.355,  98.0,-114.0,  45.0
204933268,032, -45.86,   5.21,  26.00, -113.96,  113.29,  -15.73, 0.094, 0.971,-0.355,  98.0,-114.0,  45.0
204933280,032, -46.93,   5.60,  25.17,  -99.33,   86.83,  -28.11, 0.129, 0.778,-0.135,  98.0,-114.0,  45.0
204933294,032, -48.01,   5.97,  24.35,  -99.33,   86.83,  -28.11, 0.129, 0.778,-0.135,  98.0,-114.0,  45.0
204933295,032, -48.66,   6.54,  23.49,  -56.59,  101.89,  -14.15, 0.103, 0.763,-0.390,  98.0,-114.0,  45.0
204933304,032, -49.32,   7.09,  22.63,  -56.59,  101.89,  -14.15, 0.103, 0.763,-0.390,  98.0,-114.0,  45.0
204933315,032, -49.73,   7.39,  22.02,  -34.15,   66.65,  -16.52, 0.143, 0.931,-0.637,  95.0,-115.0,  43.0
204933325,032, -50.14,   7.68,  21.40,  -34.15,   66.65,  -16.52, 0.143, 0.931,-0.637,  95.0,-115.0,  43.0
204933336,032, -50.54,   7.90,  20.93,  -36.10,   51.22,  -13.35, 0.229, 0.062,-0.875,  95.0,-115.0,  43.0
204933346,032, -50.94,   8.12,  20.45,  -36.10,   51.22,  -13.35, 0.229, 0.062,-0.875,  95.0,-115.0,  43.0
204933358,032, -51.45,   8.49,  19.85,  -43.29,   70.79,   -7.87, 0.274, 0.806,-0.609,  95.0,-115.0,  43.0
204933369,032, -51.97,   8.87,  19.25,  -43.29,   70.79,   -7.87, 0.274, 0.806,-0.609,  95.0,-115.0,  43.0
204933383,032, -52.64,   9.53,  18.41,  -55.12,  107.80,    1.65, 0.166, 0.701,-0.473,  95.0,-115.0,  43.0
204933384,032, -53.33,  10.19,  17.55,  -55.12,  107.80,    1.65, 0.166, 0.701,-0.473,  90.0,-117.0,  43.0
204933394,032, -54.15,  10.88,  16.43,  -62.26,  130.61,   -9.39, 0.315, 1.078,-0.581,  90.0,-117.0,  43.0
204933405,032, -54.98,  11.55,  15.30,  -62.26,  130.61,   -9.39, 0.315, 1.078,-0.581,  90.0,-117.0,  43.0
204933418,032, -55.63,  12.11,  14.26,  -44.33,  117.68,  -12.13, 0.173, 0.862,-0.369,  90.0,-117.0,  43.0
204933426,032, -56.30,  12.67,  13.20,  -44.33,  117.68,  -12.13, 0.173, 0.862,-0.369,  90.0,-117.0,  43.0
204933436,032, -56.71,  13.23,  12.42,  -24.33,   96.04,    5.06, 0.222, 0.801,-0.432,  90.0,-117.0,  43.0
204933447,032, -57.13,  13.79,  11.63,  -24.33,   96.04,    5.06, 0.222, 0.801,-0.432,  83.0,-119.0,  45.0
204933463,032, -57.68,  14.51,  10.72,  -34.39,  114.70,   12.99, 0.451, 0.818,-0.812,  83.0,-119.0,  45.0
204933469,032, -58.24,  15.23,   9.80,  -34.39,  114.70,   12.99, 0.451, 0.818,-0.812,  83.0,-119.0,  45.0
204933483,032, -58.78,  16.10,   8.55,  -21.10,  149.39,   11.22, 0.323, 0.725,-0.709,  83.0,-119.0,  45.0
204933485,032, -59.33,  16.96,   7.29,  -21.10,  149.39,   11.22, 0.323, 0.725,-0.709,  83.0,-119.0,  45.0
204933496,032, -59.55,  17.71,   6.24,    8.78,  126.22,   13.60, 0.286, 0.868,-0.199,  83.0,-119.0,  45.0
204933506,032, -59.79,  18.46,   5.18,    8.78,  126.22,   13.60, 0.286, 0.868,-0.199,  83.0,-119.0,  45.0
204933516,032, -60.33,  19.03,   4.15,  -21.46,  113.78,    1.52, 0.274, 0.812,-0.129,  75.0,-120.0,  50.0
204933528,032, -60.88,  19.60,   3.13,  -21.46,  113.78,    1.52, 0.274, 0.812,-0.129,  75.0,-120.0,  50.0
204933537,032, -61.34,  20.06,   2.64,  -29.51,   63.54,   17.99, 0.142, 0.448,-0.155,  75.0,-120.0,  50.0
204933548,032, -61.80,  20.51,   2.15,  -29.51,   63.54,   17.99, 0.142, 0.448,-0.155,  75.0,-120.0,  50.0
204933558,032, -61.70,  20.45,   2.48,   -3.84,  -27.56,   10.12,-0.229, 0.781,-0.864,  75.0,-120.0,  50.0
204933573,032, -61.61,  20.39,   2.80,   -3.84,  -27.56,   10.12,-0.229, 0.781,-0.864,  75.0,-120.0,  50.0
204933576,032, -61.23,  20.12,   2.77,   38.29,   -9.27,  -26.22, 0.376, 0.660,-0.302,  78.0,-118.0,  52.0
204933589,032, -60.85,  19.84,   2.73,   38.29,   -9.27,  -26.22, 0.376, 0.660,-0.302,  78.0,-118.0,  52.0
204933595,032, -60.83,  19.22,   2.25,   19.51,   10.24,  -75.98, 0.756, 1.184, 1.383,  78.0,-118.0,  52.0
204933611,032, -60.80,  18.61,   1.78,   19.51,   10.24,  -75.98, 0.756, 1.184, 1.383,  78.0,-118.0,  52.0
204933618,032, -60.89,  17.83,   1.85,  -11.71,  -43.78,  -66.16, 1.134,-0.276, 1.039,  78.0,-118.0,  52.0
204933626,032, -60.98,  17.05,   1.93,  -11.71,  -43.78,  -66.16, 1.134,-0.276, 1.039,  78.0,-118.0,  52.0
204933638,032, -60.16,  15.82,   3.16,   44.57, -161.10,  -49.27, 0.071,-0.031,-0.891,  78.0,-118.0,  52.0
204933649,032, -59.37,  14.58,   4.36,   44.57, -161.10,  -49.27, 0.071,-0.031,-0.891,  91.0,-112.0,  51.0
204933663,032, -59.12,  14.08,   3.86,   36.52,   17.50,  -67.62, 0.178, 0.803,-0.521,  91.0,-112.0,  51.0
204933664,032, -58.86,  13.58,   3.36,   36.52,   17.50,  -67.62, 0.178, 0.803,-0.521,  91.0,-112.0,  51.0
204933677,032, -58.78,  13.40,   2.08,   36.71,   98.84,  -80.37, 0.097, 0.703,-0.685,  91.0,-112.0,  51.0
204933684,032, -58.69,  13.21,   0.80,   36.71,   98.84,  -80.37, 0.097, 0.703,-0.685,  91.0,-112.0,  51.0
204933698,032, -58.72,  13.25,  -1.01,   37.62,  154.51,  -88.17, 0.013, 0.715,-0.418,  91.0,-112.0,  51.0
204933706,032, -58.75,  13.29,  -2.81,   37.62,  154.51,  -88.17, 0.013, 0.715,-0.418,  91.0,-112.0,  51.0
204933719,032, -58.54,  13.34,  -4.99,   70.55,  185.12, -105.37, 0.090, 0.633,-0.470,  90.0,-101.0,  65.0
204933729,032, -58.32,  13.41,  -7.16,   70.55,  185.12, -105.37, 0.090, 0.633,-0.470,  90.0,-101.0,  65.0
204933740,032, -58.64,  13.11,  -9.77,   27.32,  203.35, -158.41, 0.062, 0.663,-0.518,  90.0,-101.0,  65.0
204933748,032, -58.94,  12.80, -12.38,   27.32,  203.35, -158.41, 0.062, 0.663,-0.518,  90.0,-101.0,  65.0
204933763,032, -60.11,  12.91, -15.52,  -47.38,  272.32, -146.46, 0.080, 0.818,-0.266,  90.0,-101.0,  65.0
204933765,032, -61.28,  12.96, -18.67,  -47.38,  272.32, -146.46, 0.080, 0.818,-0.266,  90.0,-101.0,  65.0
204933775,032, -63.03,  13.38, -21.49, -111.71,  265.18,  -90.79, 0.131, 0.732,-0.477,  77.0,-102.0,  73.0
204933785,032, -64.38,  13.94, -24.16,  -71.16,  260.06,  -64.09,-0.238, 0.527, 0.003,  77.0,-102.0,  73.0
204933796,032, -65.75,  14.44, -26.85,  -71.16,  260.06,  -64.09,-0.238, 0.527, 0.003,  77.0,-102.0,  73.0
204933808,032, -65.49,  14.71, -29.37,   88.11,  236.22,  -76.65, 0.379, 1.251,-0.810,  77.0,-102.0,  73.0
204933817,032, -65.25,  14.99, -31.89,   88.11,  236.22,  -76.65, 0.379, 1.251,-0.810,  77.0,-102.0,  73.0
204933828,032, -63.85,  15.32, -33.81,  188.96,  184.27,  -51.10, 0.233, 0.718,-0.365,  77.0,-102.0,  73.0
204933839,032, -62.47,  15.69, -35.72,  188.96,  184.27,  -51.10, 0.233, 0.718,-0.365,  77.0,-102.0,  73.0
204933853,032, -61.95,  15.86, -37.47,   99.45,  158.96,  -64.33, 0.372, 1.056,-0.503,  61.0, -86.0,  91.0
204933855,032, -61.43,  16.04, -39.22,   99.45,  158.96,  -64.33, 0.372, 1.056,-0.503,  61.0, -86.0,  91.0
204933865,032, -62.47,  16.04, -40.45,  -70.91,  107.74,  -56.40, 0.203, 1.045,-0.665,  61.0, -86.0,  91.0
204933875,032, -63.51,  16.02, -41.69,  -70.91,  107.74,  -56.40, 0.203, 1.045,-0.665,  61.0, -86.0,  91.0
204933885,032, -65.11,  16.15, -43.20, -119.70,  139.33,  -51.46, 0.390, 0.731,-0.996,  61.0, -86.0,  91.0
204933897,032, -66.71,  16.25, -44.71, -119.70,  139.33,  -51.46, 0.390, 0.731,-0.996,  61.0, -86.0,  91.0
204933908,032, -67.45,  16.46, -46.05,  -37.56,  130.55,  -31.28, 0.197, 0.617,-0.854,  61.0, -86.0,  91.0
204933917,032, -68.19,  16.66, -47.41,  -37.56,  130.55,  -31.28, 0.197, 0.617,-0.854,  51.0, -93.0,  88.0
204933930,032, -68.03,  16.66, -48.37,   44.27,   88.72,  -34.63, 0.186, 1.190, 0.077,  51.0, -93.0,  88.0
204933945,032, -67.87,  16.67, -49.34,   44.27,   88.72,  -34.63, 0.186, 1.190, 0.077,  51.0, -93.0,  88.0
204933949,032, -67.65,  16.55, -49.86,   34.45,   44.88,  -31.04, 0.429, 0.546,-1.665,  51.0, -93.0,  88.0
204933955,032, -67.44,  16.43, -50.37,   34.45,   44.88,  -31.04, 0.429, 0.546,-1.665,  51.0, -93.0,  88.0
204933968,032, -67.48,  16.28, -51.03,   11.89,   55.43,  -39.39, 0.388, 0.319,-1.069,  51.0, -93.0,  88.0
204933977,032, -67.52,  16.12, -51.68,   11.89,   55.43,  -39.39, 0.388, 0.319,-1.069,  45.0, -90.0,  92.0
204933986,032, -67.69,  16.24, -53.19,   24.27,  141.52,  -45.55, 0.271, 0.683,-0.397,  45.0, -90.0,  92.0
204933996,032, -67.87,  16.35, -54.71,   24.27,  141.52,  -45.55, 0.271, 0.683,-0.397,  45.0, -90.0,  92.0
204934009,032, -67.98,  16.50, -56.58,   42.13,  175.12,  -54.15, 0.126, 0.835, 0.134,  45.0, -90.0,  92.0
204934018,032, -68.10,  16.64, -58.45,   42.13,  175.12,  -54.15, 0.126, 0.835, 0.134,  45.0, -90.0,  92.0
204934033,032, -68.02,  16.64, -59.88,   49.27,  130.18,  -51.34, 0.150, 0.870, 0.063,  45.0, -90.0,  92.0
204934035,032, -67.94,  16.65, -61.30,   49.27,  130.18,  -51.34, 0.150, 0.870, 0.063,  45.0, -90.0,  92.0
204934045,032, -67.56,  16.48, -61.92,   54.27,   51.40,  -39.21, 0.278, 0.498,-0.590,  34.0, -83.0,  98.0
204934058,032, -67.18,  16.31, -62.54,   54.27,   51.40,  -39.21, 0.278, 0.498,-0.590,  34.0, -83.0,  98.0
204934066,032, -66.79,  15.92, -63.07,   53.29,   34.63,  -56.65, 0.368, 1.000,-0.480,  34.0, -83.0,  98.0
204934076,032, -66.39,  15.53, -63.60,   53.29,   34.63,  -56.65, 0.368, 1.000,-0.480,  34.0, -83.0,  98.0
204934088,032, -65.96,  15.27, -64.29,   61.34,   53.48,  -51.65, 0.380, 1.389,-0.220,  34.0, -83.0,  98.0
204934098,032, -65.53,  15.02, -64.98,   61.34,   53.48,  -51.65, 0.380, 1.389,-0.220,  34.0, -83.0,  98.0
204934108,032, -64.93,  15.08, -65.31,   68.84,   33.96,   -8.17, 0.378, 1.188,-0.201,  31.0, -83.0, 101.0
204934124,032, -64.32,  15.15, -65.63,   68.84,   33.96,   -8.17, 0.378, 1.188,-0.201,  31.0, -75.0, 101.0
204934126,032, -63.54,  15.50, -65.38,   71.04,   -2.93,   41.52, 0.296, 0.706,-0.483,  31.0, -75.0, 101.0
204934138,032, -62.75,  15.86, -65.13,   71.04,   -2.93,   41.52, 0.296, 0.706,-0.483,  31.0, -75.0, 101.0
204934145,032, -61.83,  16.30, -64.75,   80.12,   -8.29,   53.90, 0.401, 0.210,-0.699,  31.0, -75.0, 101.0
204934155,032, -60.90,  16.73, -64.37,   80.12,   -8.29,   53.90, 0.401, 0.210,-0.699,  31.0, -75.0, 101.0
204934166,032, -60.33,  17.07, -64.58,   62.32,   36.52,   17.68, 0.439, 0.522,-0.431,  31.0, -75.0, 101.0
204934177,032, -59.76,  17.40, -64.78,   62.32,   36.52,   17.68, 0.439, 0.522,-0.431,  26.0, -65.0, 106.0
204934187,032, -59.21,  17.55, -65.08,   63.41,   34.63,   -3.29, 0.438, 0.647,-0.581,  26.0, -65.0, 106.0
204934197,032, -58.66,  17.69, -65.38,   63.41,   34.63,   -3.29, 0.438, 0.647,-0.581,  26.0, -65.0, 106.0
204934208,032, -58.11,  17.97, -65.57,   60.00,   32.50,   12.62, 0.469, 0.831,-0.463,  26.0, -65.0, 106.0
204934224,032, -57.57,  18.25, -65.76,   60.00,   32.50,   12.62, 0.469, 0.831,-0.463,  26.0, -65.0, 106.0
204934226,032, -56.84,  18.75, -65.77,   72.07,   31.22,   40.06, 0.445, 0.292,-0.453,  26.0, -65.0, 106.0
204934236,032, -56.11,  19.26, -65.77,   72.07,   31.22,   40.06, 0.445, 0.292,-0.453,  26.0, -65.0, 106.0
204934246,032, -54.85,  19.42, -65.46,  113.78,  -12.62,   28.29, 0.466, 0.321,-0.879,  22.0, -53.0, 110.0
204934258,032, -53.59,  19.58, -65.14,  113.78,  -12.62,   28.29, 0.466, 0.321,-0.879,  22.0, -53.0, 110.0
204934267,032, -52.78,  19.48, -65.52,   92.87,   25.61,  -30.12, 0.515, 0.900,-0.881,  22.0, -53.0, 110.0
204934277,032, -51.97,  19.39, -65.90,   92.87,   25.61,  -30.12, 0.515, 0.900,-0.881,  22.0, -53.0, 110.0
204934290,032, -51.62,  19.23, -66.64,   59.63,   47.93,  -57.44, 0.347, 1.094,-0.860,  22.0, -53.0, 110.0
204934298,032, -51.26,  19.07, -67.38,   59.63,   47.93,  -57.44, 0.347, 1.094,-0.860,  22.0, -53.0, 110.0
204934314,032, -50.96,  19.01, -68.13,   53.60,   53.66,  -50.12, 0.349, 0.974,-0.962,  17.0, -44.0, 113.0
204934316,032, -50.66,  18.95, -68.88,   53.60,   53.66,  -50.12, 0.349, 0.974,-0.962,  17.0, -44.0, 113.0
204934325,032, -50.12,  19.08, -69.56,   75.30,   60.73,  -31.89, 0.283, 0.557,-0.944,  17.0, -44.0, 113.0
204934336,032, -49.58,  19.22, -70.23,   75.30,   60.73,  -31.89, 0.283, 0.557,-0.944,  17.0, -44.0, 113.0
204934347,032, -48.84,  19.39, -71.03,   98.48,   72.07,  -37.50, 0.170, 0.256,-0.769,  17.0, -44.0, 113.0
204934357,032, -48.11,  19.58, -71.83,   98.48,   72.07,  -37.50, 0.170, 0.256,-0.769,  17.0, -44.0, 113.0
204934368,032, -47.55,  19.51, -72.92,   91.95,   74.76,  -75.12, 0.120, 0.705,-0.679,  17.0, -44.0, 113.0
204934377,032, -47.00,  19.45, -74.02,   91.95,   74.76,  -75.12, 0.120, 0.705,-0.679,   8.0, -31.0, 115.0
204934389,032, -46.70,  19.18, -75.19,   67.87,   65.06,  -96.52, 0.095, 0.915,-0.659,   8.0, -31.0, 115.0
204934404,032, -46.41,  18.91, -76.37,   67.87,   65.06,  -96.52, 0.095, 0.915,-0.659,   8.0, -31.0, 115.0
204934406,032, -46.00,  18.71, -77.31,   70.43,   53.48,  -77.50, 0.067, 0.800,-0.708,   8.0, -31.0, 115.0
204934417,032, -45.60,  18.51, -78.26,   70.43,   53.48,  -77.50, 0.067, 0.800,-0.708,   8.0, -31.0, 115.0
204934426,032, -44.94,  18.41, -79.02,   89.63,   47.99,  -59.21, 0.105, 0.408,-0.741,   8.0, -31.0, 115.0
204934436,032, -44.27,  18.33, -79.79,   89.63,   47.99,  -59.21, 0.105, 0.408,-0.741,   8.0, -31.0, 115.0
204934448,032, -43.60,  18.09, -80.63,   92.62,   41.40,  -74.88, 0.144, 0.613,-0.673,   2.0, -20.0, 115.0
204934458,032, -42.93,  17.87, -81.48,   92.62,   41.40,  -74.88, 0.144, 0.613,-0.673,   2.0, -20.0, 115.0
204934468,032, -42.46,  17.42, -82.40,   75.18,   29.33,  -95.55, 0.220, 1.056,-0.771,   2.0, -20.0, 115.0
204934477,032, -41.98,  16.99, -83.32,   75.18,   29.33,  -95.55, 0.220, 1.056,-0.771,   2.0, -20.0, 115.0
204934493,032, -41.71,  16.60, -84.15,   50.37,   26.34,  -85.98, 0.223, 1.053,-0.849,   2.0, -20.0, 115.0
204934495,032, -41.44,  16.21, -84.97,   50.37,   26.34,  -85.98, 0.223, 1.053,-0.849,   2.0, -20.0, 115.0
204934505,032, -41.17,  16.07, -85.59,   43.05,   31.71,  -55.24, 0.224, 0.551,-1.003,  -1.0, -15.0, 116.0
204934515,032, -40.90,  15.94, -86.22,   43.05,   31.71,  -55.24, 0.224, 0.551,-1.003,  -1.0, -15.0, 116.0
204934527,032, -40.42,  15.98, -86.84,   64.15,   45.12,  -44.45, 0.252, 0.465,-0.993,  -1.0, -15.0, 116.0
204934536,032, -39.94,  16.03, -87.47,   64.15,   45.12,  -44.45, 0.252, 0.465,-0.993,  -1.0, -15.0, 116.0
204934547,032, -39.38,  16.13, -88.22,   76.22,   56.10,  -50.30, 0.182, 0.712,-0.812,  -1.0, -15.0, 116.0
204934558,032, -38.82,  16.23, -88.97,   76.22,   56.10,  -50.30, 0.182, 0.712,-0.812,  -1.0, -15.0, 116.0
204934567,032, -38.50,  16.28, -89.71,   53.05,   51.77,  -54.21, 0.086, 0.721,-0.760,  -1.0, -15.0, 116.0
204934578,032, -38.18,  16.34, -90.47,   53.05,   51.77,  -54.21, 0.086, 0.721,-0.760,  -9.0,  -7.0, 115.0
204934594,032, -37.99,  16.34, -91.11,   36.40,   40.37,  -49.09, 0.034, 0.587,-0.813,  -9.0,  -7.0, 115.0
204934595,032, -37.80,  16.34, -91.74,   36.40,   40.37,  -49.09, 0.034, 0.587,-0.813,  -9.0,  -7.0, 115.0
204934605,032, -37.53,  16.29, -92.30,   40.73,   31.22,  -46.65, 0.054, 0.401,-0.856,  -9.0,  -7.0, 115.0
204934618,032, -37.27,  16.24, -92.86,   40.73,   31.22,  -46.65, 0.054, 0.401,-0.856,  -9.0,  -7.0, 115.0
204934626,032, -36.90,  16.14, -93.47,   53.23,   30.55,  -54.33, 0.143, 0.622,-0.940,  -9.0,  -7.0, 115.0
204934636,032, -36.54,  16.05, -94.09,   53.23,   30.55,  -54.33, 0.143, 0.622,-0.940,  -9.0,  -7.0, 115.0
204934647,032, -36.28,  15.93, -94.76,   43.90,   31.52,  -59.82, 0.157, 0.688,-0.887, -13.0,  -2.0, 115.0
204934658,032, -36.01,  15.82, -95.43,   43.90,   31.52,  -59.82, 0.157, 0.688,-0.887, -13.0,  -2.0, 115.0
204934668,032, -35.75,  15.77, -95.98,   40.30,   29.51,  -46.71, 0.157, 0.619,-0.877, -13.0,  -2.0, 115.0
204934683,032, -35.49,  15.73, -96.53,   40.30,   29.51,  -46.71, 0.157, 0.619,-0.877, -13.0,  -2.0, 115.0
204934686,032, -35.10,  15.77, -96.93,   49.63,   28.29,  -30.61, 0.159, 0.382,-0.879, -13.0,  -2.0, 115.0
204934695,032, -34.70,  15.81, -97.34,   49.63,   28.29,  -30.61, 0.159, 0.382,-0.879, -13.0,  -2.0, 115.0
204934706,032, -34.15,  15.85, -97.73,   64.70,   26.40,  -30.06, 0.200, 0.318,-0.832, -18.0,   5.0, 114.0
204934716,032, -33.59,  15.89, -98.12,   64.70,   26.40,  -30.06, 0.200, 0.318,-0.832, -18.0,   5.0, 114.0
204934727,032, -33.04,  15.78, -98.59,   67.74,   18.17,  -45.24, 0.204, 0.496,-0.832, -18.0,   5.0, 114.0
204934737,032, -32.48,  15.68, -99.07,   67.74,   18.17,  -45.24, 0.204, 0.496,-0.832, -18.0,   5.0, 114.0
204934748,032, -32.17,  15.43, -99.59,   44.09,    8.48,  -56.77, 0.212, 0.571,-0.967, -18.0,   5.0, 114.0
204934761,032, -31.86,  15.19,-100.11,   44.09,    8.48,  -56.77, 0.212, 0.571,-0.967, -18.0,   5.0, 114.0
204934773,032, -31.73,  14.96,-100.62,   25.43,    9.09,  -55.24, 0.213, 0.563,-1.141, -18.0,   5.0, 114.0
204934775,032, -31.60,  14.74,-101.14,   25.43,    9.09,  -55.24, 0.213, 0.563,-1.141, -19.0,   8.0, 113.0
204934787,032, -31.38,  14.65,-101.62,   33.90,   19.27,  -45.73, 0.182, 0.478,-1.071, -19.0,   8.0, 113.0
204934795,032, -31.15,  14.57,-102.10,   33.90,   19.27,  -45.73, 0.182, 0.478,-1.071, -19.0,   8.0, 113.0
204934811,032, -30.70,  14.61,-102.56,   55.61,   28.23,  -36.89, 0.186, 0.384,-0.891, -19.0,   8.0, 113.0
204934816,032, -30.25,  14.65,-103.01,   55.61,   28.23,  -36.89, 0.186, 0.384,-0.891, -19.0,   8.0, 113.0
204934829,032, -29.75,  14.67,-103.46,   60.12,   25.98,  -38.41, 0.170, 0.381,-0.837, -19.0,   8.0, 113.0
204934837,032, -29.26,  14.70,-103.92,   60.12,   25.98,  -38.41, 0.170, 0.381,-0.837, -24.0,  14.0, 111.0
204934847,032, -28.93,  14.61,-104.41,   44.09,   17.20,  -46.83, 0.176, 0.404,-0.984, -24.0,  14.0, 111.0
204934858,032, -28.60,  14.52,-104.90,   44.09,   17.20,  -46.83, 0.176, 0.404,-0.984, -24.0,  14.0, 111.0
204934873,032, -28.33,  14.42,-105.41,   39.21,   16.77,  -49.33, 0.222, 0.442,-1.069, -24.0,  14.0, 111.0
204934874,032, -28.05,  14.32,-105.92,   39.21,   16.77,  -49.33, 0.222, 0.442,-1.069, -24.0,  14.0, 111.0
204934884,032, -27.67,  14.35,-106.43,   50.37,   27.80,  -43.72, 0.255, 0.442,-1.052, -24.0,  14.0, 111.0
204934896,032, -27.28,  14.39,-106.94,   50.37,   27.80,  -43.72, 0.255, 0.442,-1.052, -24.0,  14.0, 111.0
204934907,032, -26.74,  14.56,-107.43,   65.00,   38.29,  -35.43, 0.248, 0.359,-0.955, -30.0,  21.0, 110.0
204934916,032, -26.20,  14.73,-107.91,   65.00,   38.29,  -35.43, 0.248, 0.359,-0.955, -30.0,  21.0, 110.0
204934928,032, -25.67,  14.92,-108.39,   64.33,   39.02,  -34.70, 0.268, 0.227,-1.015, -30.0,  21.0, 110.0
204934938,032, -25.14,  15.11,-108.87,   64.33,   39.02,  -34.70, 0.268, 0.227,-1.015, -30.0,  21.0, 110.0
204934948,032, -24.60,  15.28,-109.39,   65.73,   38.23,  -40.00, 0.284, 0.135,-1.073, -30.0,  21.0, 110.0
204934963,032, -24.07,  15.45,-109.91,   65.73,   38.23,  -40.00, 0.284, 0.135,-1.073, -30.0,  21.0, 110.0
204934965,032, -23.50,  15.63,-110.56,   73.60,   44.33,  -51.52, 0.172, 0.110,-0.985, -30.0,  21.0, 110.0
204934979,032, -22.92,  15.83,-111.22,   73.60,   44.33,  -51.52, 0.172, 0.110,-0.985, -38.0,  31.0, 107.0
204934986,032, -22.29,  15.99,-112.03,   82.38,   47.38,  -66.40, 0.121,-0.303,-0.838, -38.0,  31.0, 107.0
204934999,032, -21.67,  16.17,-112.83,   82.38,   47.38,  -66.40, 0.121,-0.303,-0.838, -38.0,  31.0, 107.0
204935007,032, -21.05,  16.31,-113.68,   85.85,   45.12,  -71.83, 0.050, 0.760,-1.247, -38.0,  31.0, 107.0
204935017,032, -20.43,  16.46,-114.53,   85.85,   45.12,  -71.83, 0.050, 0.760,-1.247, -38.0,  31.0, 107.0
204935028,032, -19.73,  16.60,-115.36,   92.80,   43.35,  -71.16,-0.120, 0.292,-0.922, -38.0,  31.0, 107.0
204935042,032, -19.03,  16.75,-116.20,   92.80,   43.35,  -71.16,-0.120, 0.292,-0.922, -48.0,  40.0, 103.0
204935053,032, -18.22,  16.88,-117.12,  107.13,   42.32,  -80.00,-0.218, 0.770,-1.696, -48.0,  40.0, 103.0
204935057,032, -17.41,  17.01,-118.04,  107.13,   42.32,  -80.00,-0.218, 0.770,-1.696, -48.0,  40.0, 103.0
204935065,032, -16.69,  16.87,-119.08,  100.98,   18.17, -100.61,-0.367, 0.166,-1.167, -48.0,  40.0, 103.0
204935075,032, -15.97,  16.73,-120.13,  100.98,   18.17, -100.61,-0.367, 0.166,-1.167, -48.0,  40.0, 103.0
204935087,032, -15.49,  16.24,-121.35,   83.23,  -12.87, -127.38,-0.261, 0.869,-1.116, -48.0,  40.0, 103.0
204935096,032, -15.00,  15.76,-122.58,   83.23,  -12.87, -127.38,-0.261, 0.869,-1.116, -48.0,  40.0, 103.0
204935108,032, -14.61,  15.44,-123.57,   65.79,   -4.15, -100.24,-0.305, 1.009,-1.095, -53.0,  42.0, 101.0
204935119,032, -14.22,  15.13,-124.55,   65.79,   -4.15, -100.24,-0.305, 1.009,-1.095, -53.0,  42.0, 101.0
204935128,032, -13.88,  14.85,-125.03,   45.24,  -12.38,  -51.77,-0.484, 0.469,-1.023, -53.0,  42.0, 101.0
204935143,032, -13.55,  14.58,-125.50,   45.24,  -12.38,  -51.77,-0.484, 0.469,-1.023, -53.0,  42.0, 101.0
204935144,032, -12.99,  14.14,-125.60,   56.52,  -37.80,  -20.55,-0.561,-0.011,-1.147, -53.0,  42.0, 101.0
204935154,032, -12.44,  13.69,-125.71,   56.52,  -37.80,  -20.55,-0.561,-0.011,-1.147, -53.0,  42.0, 101.0
204935165,032, -11.68,  13.10,-125.77,   75.98,  -54.09,  -19.21,-0.416,-0.124,-2.074, -53.0,  42.0, 101.0
204935175,032, -10.92,  12.51,-125.84,   75.98,  -54.09,  -19.21,-0.416,-0.124,-2.074, -46.0,  51.0,  98.0
204935187,032,  -9.93,  11.61,-125.83,   98.72,  -85.30,  -15.98,-1.231, 1.201,-1.049, -46.0,  51.0,  98.0
204935196,032,  -8.95,  10.71,-125.83,   98.72,  -85.30,  -15.98,-1.231, 1.201,-1.049, -46.0,  51.0,  98.0
204935208,032,  -8.78,   9.51,-125.19,    6.59, -125.67,   43.23,-1.980, 3.689,-2.157, -46.0,  51.0,  98.0
204935218,032,  -8.63,   8.31,-124.56,    6.59, -125.67,   43.23,-1.980, 3.689,-2.157, -46.0,  51.0,  98.0
204935229,032, -10.36,   7.39,-121.41, -215.91, -139.51,  292.56,-5.811, 8.000,-5.212, -46.0,  51.0,  98.0
204935244,032, -12.14,   6.57,-118.21, -215.91, -139.51,  292.56,-5.811, 8.000,-5.212, -12.0,  38.0, 108.0
204935245,032, -16.60,   7.54,-109.59, -550.85, -114.70,  852.01,-8.000, 8.000,-6.139, -12.0,  38.0, 108.0
204935255,032, -20.88,   9.16,-101.06, -550.85, -114.70,  852.01,-8.000, 8.000,-6.139, -12.0,  38.0, 108.0
204935267,032, -29.46,  11.07, -86.82,-1104.09, -421.52, 1352.20,-8.000, 8.000,-8.000, -12.0,  38.0, 108.0
204935276,032, -37.38,  14.98, -72.89,-1104.09, -421.52, 1352.20,-8.000, 8.000,-8.000, -12.0,  38.0, 108.0
204935286,032, -44.46,  21.77, -55.16,-1264.76, -593.11, 1720.61,-8.000, 2.978,-8.000, -12.0,  38.0, 108.0
204935297,032, -49.27,  30.30, -37.32,-1264.76, -593.11, 1720.61,-8.000, 2.978,-8.000, -12.0,  38.0, 108.0
204935308,032, -47.48,  41.82, -19.74, -862.44, -301.52, 1798.54,-8.000,-8.000,-8.000, -11.0, -87.0,  87.0
204935319,032, -39.74,  52.18,   2.47, -862.44, -301.52, 1798.54,-8.000,-8.000,-8.000, -11.0, -87.0,  87.0
204935334,032, -36.41,  57.35,  18.04, -945.18, -147.01, 1022.01,-3.404,-8.000,-5.578, -11.0, -87.0,  87.0
204935340,032, -29.80,  61.74,  36.59, -945.18, -147.01, 1022.01,-3.404,-8.000,-5.578, -11.0, -87.0,  87.0
204935344,032, -30.56,  61.21,  43.05, -649.63, -198.84,  239.15,-1.811,-8.000,-3.051, -11.0, -87.0,  87.0
204935358,032, -31.43,  60.73,  49.42, -649.63, -198.84,  239.15,-1.811,-8.000,-3.051, -11.0, -87.0,  87.0
204935367,032, -30.78,  58.22,  52.76, -227.32, -299.70,   14.63, 2.468,-4.086,-6.990, -13.0,-125.0,  50.0
204935376,032, -30.44,  55.69,  55.83, -227.32, -299.70,   14.63, 2.468,-4.086,-6.990, -13.0,-125.0,  50.0
204935387,032, -33.08,  54.27,  53.74,  -95.12,  -55.18, -177.68, 1.444,-0.654,-2.263, -13.0,-125.0,  50.0
204935402,032, -35.54,  52.80,  51.82,  -95.12,  -55.18, -177.68, 1.444,-0.654,-2.263, -13.0,-125.0,  50.0
204935408,032, -39.64,  53.01,  47.36,  -54.82,  178.41, -198.84, 0.140, 0.771, 1.912, -13.0,-125.0,  50.0
204935424,032, -43.77,  53.02,  42.88,  -54.82,  178.41, -198.84, 0.140, 0.771, 1.912, -13.0,-125.0,  50.0
204935425,032, -44.83,  52.89,  40.81,   59.76,   75.18,  -96.95, 0.495, 1.014, 1.077, -13.0,-125.0,  50.0
204935435,032, -45.87,  52.73,  38.76,   59.76,   75.18,  -96.95, 0.495, 1.014, 1.077,  -1.0,-128.0,  49.0
204935445,032, -44.94,  52.22,  39.00,   72.01,  -45.73,  -24.70, 0.742, 0.665,-0.444,  -1.0,-128.0,  49.0
204935456,032, -44.02,  51.70,  39.22,   72.01,  -45.73,  -24.70, 0.742, 0.665,-0.444,  -1.0,-128.0,  49.0
204935467,032, -43.09,  51.34,  39.73,   51.71,  -46.22,   -1.95, 0.947, 0.530,-1.157,  -1.0,-128.0,  49.0
204935478,032, -42.16,  50.97,  40.21,   51.71,  -46.22,   -1.95, 0.947, 0.530,-1.157,  -1.0,-128.0,  49.0
204935489,032, -41.65,  51.00,  40.11,   57.99,    7.99,   -2.50, 0.933, 0.494,-0.646,  -1.0,-128.0,  49.0
204935498,032, -41.13,  51.03,  40.00,   57.99,    7.99,   -2.50, 0.933, 0.494,-0.646,  -1.0,-128.0,  49.0
204935513,032, -40.85,  51.17,  39.52,   64.57,   30.49,  -12.44, 0.762, 0.599,-0.362,   0.0,-123.0,  56.0
204935515,032, -40.56,  51.31,  39.04,   64.57,   30.49,  -12.44, 0.762, 0.599,-0.362,   0.0,-123.0,  56.0
204935529,032, -40.47,  51.35,  38.55,   47.01,   21.10,  -20.00, 0.841, 0.610, 0.359,   0.0,-123.0,  56.0
204935535,032, -40.38,  51.39,  38.06,   47.01,   21.10,  -20.00, 0.841, 0.610, 0.359,   0.0,-123.0,  56.0
204935546,032, -40.15,  51.15,  37.94,   30.18,  -13.05,  -20.24, 1.125, 0.521,-0.352,   0.0,-123.0,  56.0
204935557,032, -39.93,  50.92,  37.82,   30.18,  -13.05,  -20.24, 1.125, 0.521,-0.352,   0.0,-123.0,  56.0
204935566,032, -39.71,  50.66,  37.78,   22.50,  -17.32,  -18.54, 1.130, 0.417,-1.019,   3.0,-121.0,  58.0
204935577,032, -39.49,  50.39,  37.74,   22.50,  -17.32,  -18.54, 1.130, 0.417,-1.019,   3.0,-121.0,  58.0
204935588,032, -39.31,  50.46,  37.52,   32.80,   15.73,   -7.13, 0.969,-0.067,-0.783,   3.0,-121.0,  58.0
204935604,032, -39.12,  50.54,  37.30,   32.80,   15.73,   -7.13, 0.969,-0.067,-0.783,   3.0,-121.0,  58.0
204935605,032, -39.26,  50.72,  36.61,   38.29,   42.62,  -21.16, 0.796, 0.565,-0.404,   3.0,-121.0,  58.0
204935614,032, -39.40,  50.91,  35.92,   38.29,   42.62,  -21.16, 0.796, 0.565,-0.404,   3.0,-121.0,  58.0
204935625,032, -39.89,  50.92,  35.21,    4.39,   31.59,  -33.66, 0.841, 0.354,-0.871,   3.0,-121.0,  58.0
204935636,032, -40.38,  50.93,  34.49,    4.39,   31.59,  -33.66, 0.841, 0.354,-0.871,   3.0,-120.0,  60.0
204935647,016, -40.54,  50.87,  34.09,   12.20,   10.61,  -24.57, 0.867, 0.372,-0.469,   3.0,-120.0,  60.0
204935658,016, -40.70,  50.81,  33.70,   12.20,   10.61,  -24.57, 0.867, 0.372,-0.469,   3.0,-120.0,  60.0
204935668,032, -40.68,  50.68,  33.19,   40.18,   12.56,  -33.23, 0.855, 0.287,-0.709,   3.0,-120.0,  60.0
204935679,032, -40.65,  50.55,  32.68,   40.18,   12.56,  -33.23, 0.855, 0.287,-0.709,   3.0,-120.0,  60.0
204935695,032, -40.66,  50.45,  32.03,   47.62,   20.30,  -37.07, 0.791, 0.524,-0.633,   3.0,-120.0,  60.0
204935698,032, -40.66,  50.35,  31.39,   47.62,   20.30,  -37.07, 0.791, 0.524,-0.633,   3.0,-120.0,  60.0
204935705,032, -40.58,  50.33,  30.74,   57.32,   26.83,  -32.13, 0.685, 0.566,-0.534,   6.0,-116.0,  65.0
204935715,032, -40.49,  50.31,  30.08,   57.32,   26.83,  -32.13, 0.685, 0.566,-0.534,   6.0,-116.0,  65.0
204935727,032, -40.63,  50.38,  29.45,   33.54,   32.44,  -25.79, 0.677, 0.357,-0.407,   6.0,-116.0,  65.0
204935736,032, -40.77,  50.45,  28.81,   33.54,   32.44,  -25.79, 0.677, 0.357,-0.407,   6.0,-116.0,  65.0
204935746,032, -40.89,  50.38,  28.42,   16.46,   11.40,  -23.23, 0.760, 0.450,-0.452,   6.0,-116.0,  65.0
204935757,032, -41.01,  50.30,  28.04,   16.46,   11.40,  -23.23, 0.760, 0.450,-0.452,   6.0,-116.0,  65.0
204935769,032, -40.86,  50.20,  27.83,   28.84,    1.89,  -15.98, 0.712, 0.339,-0.384,   7.0,-114.0,  67.0
204935778,032, -40.71,  50.11,  27.63,   28.84,    1.89,  -15.98, 0.712, 0.339,-0.384,   7.0,-114.0,  67.0
204935794,032, -40.29,  49.97,  27.60,   42.62,   -9.15,   -9.57, 0.850, 0.510,-0.341,   7.0,-114.0,  67.0
204935795,032, -39.87,  49.83,  27.58,   42.62,   -9.15,   -9.57, 0.850, 0.510,-0.341,   7.0,-114.0,  67.0
204935808,032, -39.52,  49.75,  27.58,   34.88,   -6.04,   -5.00, 0.738, 0.454,-0.329,   7.0,-114.0,  67.0
204935816,032, -39.16,  49.66,  27.58,   34.88,   -6.04,   -5.00, 0.738, 0.454,-0.329,   7.0,-114.0,  67.0
204935826,016, -38.93,  49.60,  27.56,   23.11,   -2.44,   -4.15, 0.757, 0.412,-0.513,   7.0,-114.0,  67.0
204935837,016, -38.70,  49.55,  27.54,   23.11,   -2.44,   -4.15, 0.757, 0.412,-0.513,   9.0,-111.0,  70.0
204935847,016, -38.42,  49.48,  27.57,   23.54,   -5.49,   -2.13, 0.763, 0.392,-0.507,   9.0,-111.0,  70.0
204935857,016, -38.14,  49.42,  27.61,   23.54,   -5.49,   -2.13, 0.763, 0.392,-0.507,   9.0,-111.0,  70.0
204935868,032, -37.87,  49.34,  27.69,   18.90,   -7.99,   -0.24, 0.786, 0.415,-0.683,   9.0,-111.0,  70.0
204935885,032, -37.61,  49.27,  27.77,   18.90,   -7.99,   -0.24, 0.786, 0.415,-0.683,   9.0,-111.0,  70.0
204935886,032, -37.32,  49.19,  27.86,   19.09,   -8.35,    0.24, 0.805, 0.338,-0.820,   9.0,-111.0,  70.0
204935895,032, -37.04,  49.11,  27.96,   19.09,   -8.35,    0.24, 0.805, 0.338,-0.820,  10.0,-109.0,  72.0
204935909,016, -36.90,  49.03,  27.90,   15.18,   -0.49,   -7.38, 0.785, 0.402,-0.642,  10.0,-109.0,  72.0
204935916,016, -36.76,  48.96,  27.84,   15.18,   -0.49,   -7.38, 0.785, 0.402,-0.642,  10.0,-109.0,  72.0
204935930,016, -36.93,  48.92,  27.57,    5.73,    7.68,  -13.41, 0.688, 0.484,-0.458,  10.0,-109.0,  72.0
204935937,016, -37.09,  48.88,  27.29,    5.73,    7.68,  -13.41, 0.688, 0.484,-0.458,  10.0,-109.0,  72.0
204935950,016, -37.29,  48.87,  26.99,    6.65,    9.57,  -10.55, 0.716, 0.580,-0.404,  10.0,-109.0,  72.0
204935958,016, -37.48,  48.86,  26.69,    6.65,    9.57,  -10.55, 0.716, 0.580,-0.404,  10.0,-109.0,  72.0
204935974,016, -37.26,  48.82,  26.78,   13.54,   -3.60,    2.62, 0.751, 0.413,-0.607,  11.0,-108.0,  72.0
204935979,016, -37.03,  48.78,  26.86,   13.54,   -3.60,    2.62, 0.751, 0.413,-0.607,  11.0,-108.0,  72.0
204935985,032, -36.80,  48.77,  27.05,    7.80,   -7.56,    9.02, 0.805, 0.332,-0.710,  11.0,-108.0,  72.0
204935995,032, -36.56,  48.75,  27.24,    7.80,   -7.56,    9.02, 0.805, 0.332,-0.710,  11.0,-108.0,  72.0
204936006,016, -36.37,  48.71,  27.38,    3.60,   -5.12,    2.38, 0.801, 0.302,-0.657,  11.0,-108.0,  72.0
204936016,016, -36.19,  48.67,  27.51,    3.60,   -5.12,    2.38, 0.801, 0.302,-0.657,  11.0,-108.0,  72.0
204936027,000, -36.26,  48.68,  27.41,    0.55,    3.29,   -6.10, 0.750, 0.384,-0.521,  11.0,-108.0,  72.0
204936037,000, -36.32,  48.69,  27.30,    0.55,    3.29,   -6.10, 0.750, 0.384,-0.521,  11.0,-107.0,  73.0
204936048,016, -36.51,  48.63,  27.10,   -1.71,    2.62,   -9.82, 0.748, 0.578,-0.476,  11.0,-107.0,  73.0
204936064,016, -36.69,  48.57,  26.90,   -1.71,    2.62,   -9.82, 0.748, 0.578,-0.476,  11.0,-107.0,  73.0
204936065,016, -36.79,  48.49,  26.88,   -9.21,   -4.02,   -4.02, 0.772, 0.488,-0.583,  11.0,-107.0,  73.0
204936074,016, -36.89,  48.41,  26.86,   -9.21,   -4.02,   -4.02, 0.772, 0.488,-0.583,  11.0,-107.0,  73.0
204936085,032, -36.89,  48.36,  26.99,  -11.52,   -7.93,    3.90, 0.829, 0.339,-0.724,  11.0,-107.0,  73.0
204936095,032, -36.90,  48.31,  27.12,  -11.52,   -7.93,    3.90, 0.829, 0.339,-0.724,  12.0,-108.0,  72.0
204936107,032, -36.85,  48.29,  27.19,   -2.20,   -2.74,    2.74, 0.805, 0.345,-0.691,  12.0,-108.0,  72.0
204936120,032, -36.81,  48.28,  27.25,   -2.20,   -2.74,    2.74, 0.805, 0.345,-0.691,  12.0,-108.0,  72.0
204936128,016, -36.73,  48.32,  27.23,    7.07,    4.76,    0.06, 0.708, 0.319,-0.473,  12.0,-108.0,  72.0
204936138,016, -36.66,  48.36,  27.20,    7.07,    4.76,    0.06, 0.708, 0.319,-0.473,  12.0,-108.0,  72.0
204936153,000, -36.91,  48.26,  26.96,    2.01,    3.29,   -3.90, 0.753, 0.473,-0.545,  12.0,-108.0,  72.0
204936156,000, -37.12,  48.17,  26.74,    2.01,    3.29,   -3.90, 0.753, 0.473,-0.545,  12.0,-108.0,  72.0
204936167,016, -37.16,  48.11,  26.77,   -7.99,   -3.48,   -2.87, 0.778, 0.363,-0.613,  12.0,-108.0,  72.0
204936177,016, -37.19,  48.06,  26.79,   -7.99,   -3.48,   -2.87, 0.778, 0.363,-0.613,  12.0,-108.0,  72.0
204936186,016, -37.25,  48.01,  26.85,  -13.90,   -3.41,   -1.04, 0.797, 0.357,-0.645,  12.0,-108.0,  72.0
204936200,016, -37.32,  47.97,  26.90,  -13.90,   -3.41,   -1.04, 0.797, 0.357,-0.645,  12.0,-108.0,  72.0
204936208,000, -36.93,  48.01,  27.23,   -5.12,   -0.06,    1.04, 0.777, 0.321,-0.599,  12.0,-108.0,  72.0
204936217,000, -36.57,  48.04,  27.53,   -5.12,   -0.06,    1.04, 0.777, 0.321,-0.599,  12.0,-108.0,  72.0
204936228,016, -36.52,  48.07,  27.54,    2.20,    2.13,    1.16, 0.722, 0.303,-0.496,  12.0,-108.0,  72.0
204936238,016, -36.46,  48.10,  27.56,    2.20,    2.13,    1.16, 0.722, 0.303,-0.496,  12.0,-108.0,  72.0
204936254,000, -36.52,  48.04,  27.48,    2.93,    0.30,   -0.85, 0.733, 0.429,-0.536,  12.0,-108.0,  72.0
204936260,000, -36.57,  47.98,  27.40,    2.93,    0.30,   -0.85, 0.733, 0.429,-0.536,  12.0,-108.0,  72.0
204936266,000, -36.24,  47.97,  27.68,   -3.84,   -2.26,    1.65, 0.750, 0.322,-0.593,  12.0,-108.0,  72.0
204936277,000, -35.94,  47.96,  27.95,   -3.84,   -2.26,    1.65, 0.750, 0.322,-0.593,  12.0,-108.0,  72.0
204936287,016, -35.91,  47.94,  28.02,   -5.91,   -2.99,    1.65, 0.782, 0.316,-0.626,  12.0,-108.0,  72.0
204936297,016, -35.89,  47.91,  28.10,   -5.91,   -2.99,    1.65, 0.782, 0.316,-0.626,  12.0,-108.0,  71.0
204936308,000, -35.69,  48.02,  28.24,   -0.06,    0.61,    1.46, 0.742, 0.308,-0.519,  12.0,-108.0,  71.0
204936317,000, -35.50,  48.12,  28.38,   -0.06,    0.61,    1.46, 0.742, 0.308,-0.519,  12.0,-108.0,  71.0
204936328,000, -35.31,  48.16,  28.50,    2.07,    1.16,   -0.18, 0.746, 0.326,-0.553,  12.0,-108.0,  71.0
204936344,000, -35.38,  48.10,  28.43,   -0.12,   -1.46,   -1.83, 0.745, 0.423,-0.546,  12.0,-108.0,  71.0
204936346,000, -35.45,  48.04,  28.37,   -0.12,   -1.46,   -1.83, 0.745, 0.423,-0.546,  12.0,-108.0,  71.0
204936355,016, -35.49,  47.99,  28.42,   -9.21,   -4.15,   -0.79, 0.769, 0.362,-0.621,  12.0,-108.0,  71.0
204936365,016, -35.52,  47.94,  28.46,   -9.21,   -4.15,   -0.79, 0.769, 0.362,-0.621,  13.0,-109.0,  71.0
204936375,016, -35.59,  47.87,  28.50,  -11.71,   -5.37,   -2.01, 0.797, 0.385,-0.646,  13.0,-109.0,  71.0
204936387,016, -35.66,  47.80,  28.54,  -11.71,   -5.37,   -2.01, 0.797, 0.385,-0.646,  13.0,-109.0,  71.0
204936397,000, -35.40,  47.84,  28.76,   -2.68,   -0.98,    1.59, 0.763, 0.302,-0.583,  13.0,-109.0,  71.0
204936407,000, -35.16,  47.88,  28.96,   -2.68,   -0.98,    1.59, 0.763, 0.302,-0.583,  13.0,-109.0,  71.0
204936418,000, -35.02,  47.84,  29.04,    1.89,   -0.30,   -0.61, 0.740, 0.361,-0.587,  13.0,-109.0,  71.0
204936434,000, -34.88,  47.80,  29.12,    1.89,   -0.30,   -0.61, 0.740, 0.361,-0.587,  13.0,-109.0,  71.0
204936436,000, -34.76,  47.74,  29.18,    2.26,   -3.05,   -1.89, 0.750, 0.370,-0.588,  13.0,-109.0,  71.0
204936448,000, -34.65,  47.68,  29.24,    2.26,   -3.05,   -1.89, 0.750, 0.370,-0.588,  13.0,-109.0,  71.0
204936457,016, -34.69,  47.65,  29.23,   -4.63,   -0.55,   -2.32, 0.787, 0.379,-0.595,  13.0,-109.0,  71.0
204936466,016, -34.73,  47.62,  29.22,   -4.63,   -0.55,   -2.32, 0.787, 0.379,-0.595,  13.0,-109.0,  71.0
204936477,016, -34.75,  47.60,  29.20,   -1.95,   -0.85,   -2.26, 0.776, 0.394,-0.590,  13.0,-109.0,  71.0
204936487,016, -34.76,  47.57,  29.19,   -1.95,   -0.85,   -2.26, 0.776, 0.394,-0.590,  13.0,-109.0,  71.0
204936497,000, -34.64,  47.57,  29.27,    1.77,   -2.56,   -0.49, 0.764, 0.349,-0.565,  14.0,-109.0,  71.0
204936508,000, -34.52,  47.57,  29.34,    1.77,   -2.56,   -0.49, 0.764, 0.349,-0.565,  14.0,-109.0,  71.0
204936526,000, -34.31,  47.49,  29.48,    3.78,   -7.74,   -0.91, 0.759, 0.352,-0.605,  14.0,-109.0,  71.0
204936527,000, -34.12,  47.41,  29.62,    3.78,   -7.74,   -0.91, 0.759, 0.352,-0.605,  14.0,-109.0,  71.0