202353166,016,   5.91,  -2.51,   9.43,   -0.96,    1.82,   -0.67, 0.000,-0.022,-1.092, 125.0, -49.0,  89.0
202353180,016,   5.89,  -2.49,   9.45,   -0.96,    1.82,   -0.67, 0.000,-0.022,-1.092, 125.0, -49.0,  89.0
202353192,016,   5.88,  -2.47,   9.46,   -0.99,    1.83,   -0.72, 0.001,-0.017,-1.084, 125.0, -49.0,  89.0
202353193,016,   5.86,  -2.45,   9.48,   -0.99,    1.83,   -0.72, 0.001,-0.017,-1.084, 125.0, -49.0,  89.0
202353204,016,   5.84,  -2.44,   9.49,   -0.99,    1.88,   -0.72,-0.009,-0.009,-1.089, 125.0, -49.0,  89.0
202353215,016,   5.82,  -2.42,   9.51,   -0.99,    1.88,   -0.72,-0.009,-0.009,-1.089, 125.0, -48.0,  89.0
202353230,016,   5.80,  -2.40,   9.52,   -0.95,    1.86,   -0.70,-0.001,-0.018,-1.078, 125.0, -48.0,  89.0
202353238,016,   5.78,  -2.38,   9.54,   -0.95,    1.86,   -0.70,-0.001,-0.018,-1.078, 125.0, -48.0,  89.0
202353246,016,   5.77,  -2.37,   9.55,   -1.04,    1.85,   -0.69,-0.004,-0.018,-1.081, 125.0, -48.0,  89.0
202353258,016,   5.75,  -2.35,   9.56,   -1.04,    1.85,   -0.69,-0.004,-0.018,-1.081, 125.0, -48.0,  89.0
202353268,016,   5.73,  -2.33,   9.58,   -1.08,    1.86,   -0.73, 0.002,-0.021,-1.090, 125.0, -48.0,  89.0
202353283,016,   5.71,  -2.31,   9.59,   -1.08,    1.86,   -0.73, 0.002,-0.021,-1.090, 125.0, -48.0,  89.0
202353287,016,   5.70,  -2.30,   9.61,   -1.02,    1.86,   -0.72,-0.007,-0.023,-1.071, 125.0, -49.0,  89.0
202353294,016,   5.68,  -2.28,   9.62,   -1.02,    1.86,   -0.72,-0.007,-0.023,-1.071, 125.0, -49.0,  89.0
202353305,016,   5.66,  -2.27,   9.63,   -0.99,    1.85,   -0.69, 0.001,-0.012,-1.087, 125.0, -49.0,  89.0
202353316,016,   5.65,  -2.25,   9.65,   -0.99,    1.85,   -0.69, 0.001,-0.012,-1.087, 125.0, -49.0,  89.0
202353327,016,   5.63,  -2.23,   9.66,   -0.98,    1.82,   -0.72,-0.007,-0.019,-1.081, 125.0, -49.0,  89.0
202353338,016,   5.61,  -2.22,   9.68,   -0.98,    1.82,   -0.72,-0.007,-0.019,-1.081, 125.0, -49.0,  89.0
202353347,016,   5.59,  -2.20,   9.69,   -1.04,    1.82,   -0.73,-0.001,-0.003,-1.079, 124.0, -49.0,  88.0
202353357,016,   5.57,  -2.18,   9.70,   -1.04,    1.82,   -0.73,-0.001,-0.003,-1.079, 124.0, -49.0,  88.0
202353372,016,   5.56,  -2.17,   9.72,   -0.98,    1.80,   -0.72,-0.003,-0.020,-1.083, 124.0, -49.0,  88.0
202353376,016,   5.54,  -2.15,   9.73,   -0.98,    1.80,   -0.72,-0.003,-0.020,-1.083, 124.0, -49.0,  88.0
202353387,016,   5.53,  -2.14,   9.75,   -0.99,    1.77,   -0.69,-0.006,-0.022,-1.092, 124.0, -49.0,  88.0
202353395,016,   5.51,  -2.12,   9.76,   -0.99,    1.77,   -0.69,-0.006,-0.022,-1.092, 124.0, -49.0,  88.0
202353405,016,   5.49,  -2.11,   9.77,   -1.01,    1.77,   -0.69,-0.013,-0.012,-1.081, 124.0, -49.0,  88.0
202353417,016,   5.48,  -2.10,   9.79,   -1.01,    1.77,   -0.69,-0.013,-0.012,-1.081, 125.0, -49.0,  89.0
202353427,016,   5.46,  -2.08,   9.80,   -1.19,    1.80,   -0.66,-0.009,-0.021,-1.078, 125.0, -49.0,  89.0
202353436,016,   5.44,  -2.07,   9.82,   -1.19,    1.80,   -0.66,-0.009,-0.021,-1.078, 125.0, -49.0,  89.0
202353448,016,   5.43,  -2.05,   9.83,   -0.95,    1.85,   -0.67,-0.007,-0.018,-1.087, 125.0, -49.0,  89.0
202353462,016,   5.41,  -2.04,   9.84,   -0.95,    1.85,   -0.67,-0.007,-0.018,-1.087, 125.0, -49.0,  89.0
202353464,016,   5.40,  -2.02,   9.86,   -0.79,    1.89,   -0.70,-0.002,-0.016,-1.085, 125.0, -49.0,  89.0
202353478,016,   5.38,  -2.01,   9.87,   -0.79,    1.89,   -0.70,-0.002,-0.016,-1.085, 125.0, -48.0,  88.0
202353486,016,   5.37,  -1.99,   9.88,   -0.95,    1.85,   -0.73,-0.004,-0.022,-1.096, 125.0, -48.0,  88.0
202353495,016,   5.36,  -1.98,   9.90,   -0.95,    1.85,   -0.73,-0.004,-0.022,-1.096, 125.0, -48.0,  88.0
202353507,016,   5.34,  -1.96,   9.91,   -1.04,    1.80,   -0.73,-0.004,-0.014,-1.085, 125.0, -48.0,  88.0
202353516,016,   5.32,  -1.95,   9.92,   -1.04,    1.80,   -0.73,-0.004,-0.014,-1.085, 125.0, -48.0,  88.0
202353529,016,   5.31,  -1.93,   9.93,   -0.99,    1.86,   -0.72,-0.002,-0.018,-1.079, 125.0, -48.0,  88.0
202353538,016,   5.29,  -1.92,   9.95,   -0.99,    1.86,   -0.72,-0.002,-0.018,-1.079, 125.0, -48.0,  88.0
202353554,016,   5.28,  -1.90,   9.96,   -0.96,    1.89,   -0.70,-0.001,-0.016,-1.088, 124.0, -48.0,  88.0
202353559,016,   5.26,  -1.88,   9.97,   -0.96,    1.89,   -0.70,-0.001,-0.016,-1.088, 124.0, -48.0,  88.0
202353565,016,   5.25,  -1.87,   9.99,   -0.99,    1.85,   -0.72,-0.011,-0.014,-1.087, 124.0, -48.0,  88.0
202353575,016,   5.23,  -1.86,  10.00,   -0.99,    1.85,   -0.72,-0.011,-0.014,-1.087, 124.0, -48.0,  88.0
202353587,016,   5.21,  -1.84,  10.01,   -0.93,    1.86,   -0.70,-0.001,-0.013,-1.081, 124.0, -48.0,  88.0
202353596,016,   5.20,  -1.83,  10.02,   -0.93,    1.86,   -0.70,-0.001,-0.013,-1.081, 124.0, -48.0,  88.0
202353607,016,   5.19,  -1.81,  10.04,   -0.93,    1.86,   -0.69,-0.007,-0.021,-1.090, 124.0, -48.0,  88.0
202353621,016,   5.17,  -1.80,  10.05,   -0.93,    1.86,   -0.69,-0.007,-0.021,-1.090, 124.0, -48.0,  89.0
202353627,016,   5.16,  -1.78,  10.06,   -0.99,    1.83,   -0.73,-0.007,-0.020,-1.081, 124.0, -48.0,  89.0
202353643,016,   5.14,  -1.77,  10.07,   -0.99,    1.83,   -0.73,-0.007,-0.020,-1.081, 124.0, -48.0,  89.0
202353645,016,   5.13,  -1.76,  10.09,   -1.05,    1.82,   -0.75,-0.008,-0.021,-1.079, 124.0, -48.0,  89.0
202353654,016,   5.12,  -1.74,  10.10,   -1.05,    1.82,   -0.75,-0.008,-0.021,-1.079, 124.0, -48.0,  89.0
202353669,016,   5.10,  -1.73,  10.11,   -1.02,    1.83,   -0.72,-0.003,-0.017,-1.079, 124.0, -48.0,  89.0
202353676,016,   5.09,  -1.72,  10.12,   -1.02,    1.83,   -0.72,-0.003,-0.017,-1.079, 125.0, -49.0,  88.0
202353687,016,   5.07,  -1.70,  10.14,   -0.98,    1.83,   -0.67,-0.009,-0.021,-1.078, 125.0, -49.0,  88.0
202353699,016,   5.06,  -1.69,  10.15,   -0.98,    1.83,   -0.67,-0.009,-0.021,-1.078, 125.0, -49.0,  88.0
202353707,016,   5.05,  -1.68,  10.16,   -0.96,    1.80,   -0.73,-0.012,-0.021,-1.086, 125.0, -49.0,  88.0
202353717,016,   5.03,  -1.67,  10.17,   -0.96,    1.80,   -0.73,-0.012,-0.021,-1.086, 125.0, -49.0,  88.0
202353733,016,   5.02,  -1.65,  10.18,   -0.95,    1.86,   -0.76,-0.014,-0.014,-1.091, 125.0, -49.0,  88.0
202353736,016,   5.00,  -1.64,  10.20,   -0.95,    1.86,   -0.76,-0.014,-0.014,-1.091, 125.0, -49.0,  88.0
202353744,016,   4.99,  -1.63,  10.21,   -0.98,    1.86,   -0.73,-0.004,-0.014,-1.087, 125.0, -49.0,  88.0
202353755,016,   4.97,  -1.61,  10.22,   -0.98,    1.86,   -0.73,-0.004,-0.014,-1.087, 125.0, -49.0,  88.0
202353766,016,   4.96,  -1.60,  10.23,   -0.90,    1.85,   -0.75,-0.002,-0.021,-1.098, 125.0, -49.0,  88.0
202353776,016,   4.95,  -1.58,  10.24,   -0.90,    1.85,   -0.75,-0.002,-0.021,-1.098, 125.0, -49.0,  88.0
202353787,016,   4.94,  -1.57,  10.26,   -0.92,    1.83,   -0.75,-0.000,-0.026,-1.089, 125.0, -49.0,  88.0
202353797,016,   4.93,  -1.56,  10.27,   -0.92,    1.83,   -0.75,-0.000,-0.026,-1.089, 125.0, -49.0,  88.0
202353807,016,   4.91,  -1.54,  10.28,   -0.90,    1.83,   -0.72,-0.002,-0.016,-1.082, 125.0, -49.0,  88.0
202353822,016,   4.90,  -1.53,  10.29,   -0.90,    1.83,   -0.72,-0.002,-0.016,-1.082, 125.0, -49.0,  88.0
202353825,016,   4.89,  -1.52,  10.30,   -0.90,    1.83,   -0.75,-0.002,-0.021,-1.079, 125.0, -49.0,  88.0
202353835,016,   4.88,  -1.50,  10.32,   -0.90,    1.83,   -0.75,-0.002,-0.021,-1.079, 125.0, -49.0,  88.0
202353848,016,   4.86,  -1.49,  10.33,   -0.99,    1.79,   -0.75,-0.007,-0.021,-1.085, 125.0, -49.0,  88.0
202353857,016,   4.85,  -1.48,  10.34,   -0.99,    1.79,   -0.75,-0.007,-0.021,-1.085, 125.0, -49.0,  88.0
202353865,016,   4.84,  -1.47,  10.35,   -1.04,    1.79,   -0.75,-0.010,-0.025,-1.081, 125.0, -49.0,  88.0
202353876,016,   4.83,  -1.45,  10.36,   -1.04,    1.79,   -0.75,-0.010,-0.025,-1.081, 125.0, -49.0,  88.0
202353887,016,   4.81,  -1.44,  10.37,   -0.98,    1.82,   -0.72, 0.003,-0.021,-1.081, 125.0, -49.0,  88.0
202353897,016,   4.80,  -1.43,  10.39,   -0.98,    1.82,   -0.72, 0.003,-0.021,-1.081, 125.0, -49.0,  88.0
202353915,016,   4.79,  -1.41,  10.40,   -1.02,    1.80,   -0.72, 0.001,-0.018,-1.087, 125.0, -49.0,  88.0
202353918,016,   4.77,  -1.40,  10.41,   -1.02,    1.80,   -0.72, 0.001,-0.018,-1.087, 125.0, -49.0,  88.0
202353926,016,   4.76,  -1.39,  10.42,   -0.93,    1.80,   -0.72,-0.020,-0.020,-1.095, 125.0, -49.0,  88.0
202353940,016,   4.75,  -1.38,  10.43,   -0.93,    1.80,   -0.72,-0.020,-0.020,-1.095, 125.0, -49.0,  88.0
202353950,016,   4.74,  -1.37,  10.44,   -0.95,    1.80,   -0.70,-0.009,-0.026,-1.083, 125.0, -48.0,  88.0
202353956,016,   4.73,  -1.36,  10.45,   -0.95,    1.80,   -0.70,-0.009,-0.026,-1.083, 125.0, -48.0,  88.0
202353966,016,   4.72,  -1.34,  10.46,   -1.04,    1.82,   -0.73,-0.009,-0.018,-1.096, 125.0, -48.0,  88.0
202353977,016,   4.70,  -1.33,  10.48,   -1.04,    1.82,   -0.73,-0.009,-0.018,-1.096, 125.0, -48.0,  88.0
202353988,016,   4.69,  -1.32,  10.49,   -1.01,    1.77,   -0.73,-0.004,-0.018,-1.088, 125.0, -48.0,  88.0
202354003,016,   4.68,  -1.31,  10.50,   -1.01,    1.77,   -0.73,-0.004,-0.018,-1.088, 125.0, -48.0,  88.0
202354005,016,   4.66,  -1.30,  10.51,   -1.04,    1.77,   -0.76,-0.009,-0.026,-1.089, 124.0, -48.0,  88.0
202354016,016,   4.65,  -1.29,  10.52,   -1.04,    1.77,   -0.76,-0.009,-0.026,-1.089, 124.0, -48.0,  88.0
202354025,016,   4.64,  -1.27,  10.53,   -0.95,    1.83,   -0.73,-0.008,-0.020,-1.086, 124.0, -48.0,  88.0
202354036,016,   4.63,  -1.26,  10.54,   -0.95,    1.83,   -0.73,-0.008,-0.020,-1.086, 124.0, -48.0,  88.0
202354046,016,   4.62,  -1.25,  10.55,   -0.98,    1.80,   -0.73,-0.011,-0.012,-1.076, 124.0, -48.0,  88.0
202354056,016,   4.60,  -1.24,  10.56,   -0.98,    1.80,   -0.73,-0.011,-0.012,-1.076, 124.0, -48.0,  88.0
202354067,016,   4.59,  -1.23,  10.57,   -0.98,    1.83,   -0.72,-0.007,-0.016,-1.091, 124.0, -48.0,  88.0
202354077,016,   4.58,  -1.22,  10.58,   -0.98,    1.83,   -0.72,-0.007,-0.016,-1.091, 125.0, -49.0,  88.0
202354092,016,   4.57,  -1.21,  10.59,   -0.98,    1.83,   -0.72,-0.007,-0.023,-1.082, 125.0, -49.0,  88.0
202354094,016,   4.56,  -1.19,  10.61,   -0.98,    1.83,   -0.72,-0.007,-0.023,-1.082, 125.0, -49.0,  88.0
202354111,016,   4.55,  -1.18,  10.62,   -0.95,    1.80,   -0.72,-0.004,-0.026,-1.083, 125.0, -49.0,  88.0
202354116,016,   4.54,  -1.17,  10.63,   -0.95,    1.80,   -0.72,-0.004,-0.026,-1.083, 125.0, -49.0,  88.0
202354125,016,   4.53,  -1.16,  10.64,   -0.93,    1.82,   -0.76,-0.003,-0.023,-1.085, 125.0, -49.0,  88.0
202354135,016,   4.51,  -1.15,  10.65,   -0.93,    1.82,   -0.76,-0.003,-0.023,-1.085, 125.0, -49.0,  88.0
202354146,016,   4.50,  -1.14,  10.66,   -0.96,    1.80,   -0.78,-0.008,-0.016,-1.083, 124.0, -49.0,  88.0
202354156,016,   4.49,  -1.13,  10.67,   -0.96,    1.80,   -0.78,-0.008,-0.016,-1.083, 124.0, -49.0,  88.0
202354169,016,   4.48,  -1.12,  10.68,   -0.99,    1.80,   -0.70,-0.019,-0.008,-1.085, 124.0, -49.0,  88.0
202354183,016,   4.46,  -1.11,  10.69,   -0.99,    1.80,   -0.70,-0.019,-0.008,-1.085, 124.0, -49.0,  88.0
202354185,016,   4.45,  -1.10,  10.70,   -1.02,    1.82,   -0.66, 0.001,-0.017,-1.092, 124.0, -49.0,  88.0
202354195,016,   4.44,  -1.08,  10.72,   -1.02,    1.82,   -0.66, 0.001,-0.017,-1.092, 124.0, -49.0,  88.0
202354206,016,   4.43,  -1.07,  10.73,   -1.01,    1.82,   -0.72,-0.006,-0.017,-1.081, 125.0, -49.0,  88.0
202354215,016,   4.41,  -1.06,  10.74,   -1.01,    1.82,   -0.72,-0.006,-0.017,-1.081, 125.0, -49.0,  88.0
202354225,016,   4.40,  -1.05,  10.75,   -0.90,    1.83,   -0.70, 0.003,-0.019,-1.084, 125.0, -49.0,  88.0
202354236,016,   4.39,  -1.03,  10.76,   -0.90,    1.83,   -0.70, 0.003,-0.019,-1.084, 125.0, -49.0,  88.0
202354246,016,   4.38,  -1.02,  10.77,   -0.98,    1.82,   -0.72,-0.004,-0.016,-1.078, 125.0, -49.0,  88.0
202354257,016,   4.37,  -1.01,  10.78,   -0.98,    1.82,   -0.72,-0.004,-0.016,-1.078, 125.0, -49.0,  88.0
202354272,016,   4.36,  -1.00,  10.79,   -0.98,    1.82,   -0.75,-0.007,-0.025,-1.090, 125.0, -49.0,  88.0
202354278,016,   4.35,  -0.99,  10.80,   -0.98,    1.82,   -0.75,-0.007,-0.025,-1.090, 124.0, -49.0,  88.0
202354286,016,   4.34,  -0.98,  10.81,   -0.99,    1.77,   -0.78, 0.003,-0.022,-1.084, 124.0, -49.0,  88.0
202354295,016,   4.33,  -0.97,  10.82,   -0.99,    1.77,   -0.78, 0.003,-0.022,-1.084, 124.0, -49.0,  88.0
202354305,016,   4.32,  -0.96,  10.83,   -0.99,    1.82,   -0.78,-0.009,-0.032,-1.093, 124.0, -49.0,  88.0
202354316,016,   4.31,  -0.95,  10.84,   -0.99,    1.82,   -0.78,-0.009,-0.032,-1.093, 124.0, -49.0,  88.0
202354327,016,   4.30,  -0.93,  10.85,   -0.96,    1.80,   -0.70, 0.000,-0.025,-1.084, 124.0, -49.0,  88.0
202354337,016,   4.29,  -0.92,  10.86,   -0.96,    1.80,   -0.70, 0.000,-0.025,-1.084, 124.0, -49.0,  88.0
202354349,016,   4.28,  -0.91,  10.87,   -0.99,    1.82,   -0.70,-0.005,-0.016,-1.086, 124.0, -48.0,  88.0
202354363,016,   4.27,  -0.90,  10.88,   -0.99,    1.82,   -0.70,-0.005,-0.016,-1.086, 124.0, -48.0,  88.0
202354365,016,   4.26,  -0.89,  10.89,   -1.02,    1.79,   -0.76,-0.004,-0.013,-1.091, 124.0, -48.0,  88.0
202354375,016,   4.24,  -0.88,  10.90,   -1.02,    1.79,   -0.76,-0.004,-0.013,-1.091, 124.0, -48.0,  88.0
202354386,016,   4.23,  -0.87,  10.91,   -1.11,    1.77,   -0.70,-0.021,-0.018,-1.083, 124.0, -48.0,  88.0
202354395,016,   4.22,  -0.86,  10.92,   -1.11,    1.77,   -0.70,-0.021,-0.018,-1.083, 124.0, -48.0,  88.0
202354406,016,   4.21,  -0.85,  10.93,   -0.96,    1.79,   -0.72,-0.002,-0.016,-1.082, 124.0, -49.0,  88.0
202354417,016,   4.20,  -0.84,  10.94,   -0.96,    1.79,   -0.72,-0.002,-0.016,-1.082, 124.0, -49.0,  88.0
202354428,016,   4.19,  -0.83,  10.95,   -1.02,    1.83,   -0.70,-0.004,-0.025,-1.076, 124.0, -49.0,  88.0
202354437,016,   4.18,  -0.82,  10.97,   -1.02,    1.83,   -0.70,-0.004,-0.025,-1.076, 124.0, -49.0,  88.0
202354453,016,   4.17,  -0.81,  10.98,   -0.98,    1.83,   -0.69,-0.002,-0.023,-1.084, 124.0, -49.0,  88.0
202354455,016,   4.16,  -0.80,  10.99,   -0.98,    1.83,   -0.69,-0.002,-0.023,-1.084, 124.0, -49.0,  88.0
202354469,016,   4.15,  -0.79,  11.00,   -0.98,    1.83,   -0.70, 0.002,-0.013,-1.071, 124.0, -49.0,  88.0
202354475,016,   4.14,  -0.78,  11.01,   -0.98,    1.83,   -0.70, 0.002,-0.013,-1.071, 124.0, -49.0,  88.0
202354487,016,   4.13,  -0.77,  11.02,   -1.02,    1.82,   -0.70,-0.002,-0.022,-1.077, 124.0, -49.0,  88.0
202354498,016,   4.12,  -0.75,  11.03,   -1.02,    1.82,   -0.70,-0.002,-0.022,-1.077, 124.0, -49.0,  88.0
202354507,016,   4.11,  -0.75,  11.04,   -1.01,    1.79,   -0.66,-0.007,-0.021,-1.082, 124.0, -49.0,  88.0
202354518,016,   4.10,  -0.74,  11.05,   -1.01,    1.79,   -0.66,-0.007,-0.021,-1.082, 124.0, -49.0,  88.0
202354528,016,   4.09,  -0.72,  11.06,   -0.96,    1.83,   -0.69, 0.003,-0.019,-1.095, 124.0, -49.0,  88.0
202354542,016,   4.08,  -0.71,  11.07,   -0.96,    1.83,   -0.69, 0.003,-0.019,-1.095, 124.0, -48.0,  88.0
202354545,016,   4.07,  -0.70,  11.08,   -0.98,    1.88,   -0.76,-0.001,-0.016,-1.095, 124.0, -48.0,  88.0
202354556,016,   4.05,  -0.69,  11.09,   -0.98,    1.88,   -0.76,-0.001,-0.016,-1.095, 124.0, -48.0,  88.0
202354565,016,   4.05,  -0.68,  11.10,   -1.01,    1.80,   -0.73,-0.007,-0.022,-1.086, 124.0, -48.0,  88.0
202354575,016,   4.04,  -0.67,  11.11,   -1.01,    1.80,   -0.73,-0.007,-0.022,-1.086, 124.0, -48.0,  88.0
202354586,016,   4.03,  -0.66,  11.12,   -1.01,    1.77,   -0.63,-0.003,-0.018,-1.086, 124.0, -48.0,  88.0
202354596,016,   4.01,  -0.65,  11.13,   -1.01,    1.77,   -0.63,-0.003,-0.018,-1.086, 124.0, -48.0,  88.0
202354606,016,   4.00,  -0.64,  11.14,   -1.01,    1.79,   -0.67,-0.008,-0.013,-1.082, 125.0, -48.0,  88.0
202354618,016,   3.99,  -0.63,  11.15,   -1.01,    1.79,   -0.67,-0.008,-0.013,-1.082, 125.0, -48.0,  88.0
202354634,016,   3.98,  -0.62,  11.16,   -0.92,    1.83,   -0.73,-0.009,-0.019,-1.076, 125.0, -48.0,  88.0
202354637,016,   3.97,  -0.61,  11.17,   -0.92,    1.83,   -0.73,-0.009,-0.019,-1.076, 125.0, -48.0,  88.0
202354646,016,   3.96,  -0.61,  11.17,   -0.99,    1.82,   -0.75,-0.009,-0.018,-1.092, 125.0, -48.0,  88.0
202354655,016,   3.95,  -0.60,  11.18,   -0.99,    1.82,   -0.75,-0.009,-0.018,-1.092, 125.0, -48.0,  88.0
202354671,016,   3.94,  -0.59,  11.19,   -1.02,    1.85,   -0.70,-0.009,-0.012,-1.077, 125.0, -48.0,  88.0
202354679,016,   3.93,  -0.58,  11.20,   -1.02,    1.85,   -0.70,-0.009,-0.012,-1.077, 125.0, -48.0,  88.0
202354686,016,   3.92,  -0.57,  11.21,   -0.99,    1.79,   -0.64,-0.004,-0.021,-1.081, 125.0, -48.0,  88.0
202354698,016,   3.91,  -0.56,  11.22,   -0.99,    1.79,   -0.64,-0.004,-0.021,-1.081, 125.0, -48.0,  88.0
202354711,016,   3.90,  -0.55,  11.23,   -0.92,    1.85,   -0.67,-0.010,-0.013,-1.090, 125.0, -48.0,  88.0
202354724,016,   3.89,  -0.54,  11.24,   -0.92,    1.85,   -0.67,-0.010,-0.013,-1.090, 125.0, -48.0,  88.0
202354733,016,   3.88,  -0.53,  11.25,   -0.98,    1.82,   -0.67, 0.000,-0.025,-1.090, 125.0, -48.0,  88.0
202354736,016,   3.88,  -0.52,  11.26,   -0.98,    1.82,   -0.67, 0.000,-0.025,-1.090, 124.0, -49.0,  88.0
202354745,016,   3.87,  -0.51,  11.27,   -0.99,    1.80,   -0.70,-0.005,-0.026,-1.081, 124.0, -49.0,  88.0
202354756,016,   3.86,  -0.50,  11.28,   -0.99,    1.80,   -0.70,-0.005,-0.026,-1.081, 124.0, -49.0,  88.0
202354777,016,   3.85,  -0.49,  11.29,   -0.98,    1.86,   -0.72,-0.009,-0.025,-1.094, 124.0, -49.0,  88.0
202354781,016,   3.84,  -0.48,  11.30,   -0.98,    1.86,   -0.72,-0.009,-0.025,-1.094, 124.0, -49.0,  88.0
202354786,016,   3.83,  -0.47,  11.31,   -0.99,    1.86,   -0.70, 0.002,-0.012,-1.090, 124.0, -49.0,  88.0
202354797,016,   3.82,  -0.46,  11.32,   -0.99,    1.86,   -0.70, 0.002,-0.012,-1.090, 124.0, -49.0,  88.0
202354812,016,   3.81,  -0.45,  11.33,   -0.99,    1.80,   -0.69,-0.002,-0.026,-1.081, 125.0, -49.0,  88.0
202354816,016,   3.81,  -0.44,  11.34,   -0.99,    1.80,   -0.69,-0.002,-0.026,-1.081, 125.0, -49.0,  88.0
202354825,016,   3.80,  -0.43,  11.35,   -0.96,    1.83,   -0.69,-0.002,-0.019,-1.096, 125.0, -49.0,  88.0
202354836,016,   3.79,  -0.42,  11.36,   -0.96,    1.83,   -0.69,-0.002,-0.019,-1.096, 125.0, -49.0,  88.0
202354846,016,   3.78,  -0.42,  11.36,   -0.99,    1.83,   -0.75,-0.007,-0.016,-1.095, 125.0, -49.0,  88.0
202354856,016,   3.77,  -0.41,  11.37,   -0.99,    1.83,   -0.75,-0.007,-0.016,-1.095, 125.0, -49.0,  88.0
202354868,016,   3.76,  -0.40,  11.38,   -1.02,    1.85,   -0.75,-0.001,-0.019,-1.098, 125.0, -49.0,  88.0
202354876,016,   3.75,  -0.39,  11.39,   -1.02,    1.85,   -0.75,-0.001,-0.019,-1.098, 124.0, -48.0,  89.0
202354888,016,   3.74,  -0.37,  11.40,   -1.07,    1.85,   -0.73, 0.009,-0.025,-1.083, 124.0, -48.0,  89.0
202354905,016,   3.73,  -0.36,  11.41,   -1.07,    1.85,   -0.73, 0.009,-0.025,-1.083, 124.0, -48.0,  89.0
202354908,016,   3.72,  -0.35,  11.42,   -0.96,    1.85,   -0.72,-0.007,-0.014,-1.090, 124.0, -48.0,  89.0
202354915,016,   3.71,  -0.35,  11.43,   -0.96,    1.85,   -0.72,-0.007,-0.014,-1.090, 124.0, -48.0,  89.0
202354925,016,   3.71,  -0.34,  11.43,   -0.93,    1.80,   -0.78,-0.006,-0.017,-1.071, 124.0, -48.0,  89.0
202354937,016,   3.70,  -0.33,  11.44,   -0.93,    1.80,   -0.78,-0.006,-0.017,-1.071, 124.0, -49.0,  88.0
202354951,016,   3.69,  -0.32,  11.45,   -0.93,    1.83,   -0.72, 0.006,-0.023,-1.086, 124.0, -49.0,  88.0
202354956,016,   3.68,  -0.31,  11.46,   -0.93,    1.83,   -0.72, 0.006,-0.023,-1.086, 124.0, -49.0,  88.0
202354967,016,   3.67,  -0.30,  11.47,   -0.92,    1.79,   -0.69,-0.002,-0.021,-1.079, 124.0, -49.0,  88.0
202354977,016,   3.67,  -0.29,  11.48,   -0.92,    1.79,   -0.69,-0.002,-0.021,-1.079, 124.0, -49.0,  88.0
202354993,016,   3.66,  -0.28,  11.49,   -0.98,    1.77,   -0.69,-0.002,-0.010,-1.078, 124.0, -49.0,  88.0
202354995,016,   3.65,  -0.27,  11.50,   -0.98,    1.77,   -0.69,-0.002,-0.010,-1.078, 124.0, -49.0,  88.0
202355006,016,   3.64,  -0.26,  11.51,   -0.95,    1.82,   -0.75,-0.004,-0.012,-1.063, 124.0, -49.0,  88.0
202355015,016,   3.63,  -0.25,  11.52,   -0.95,    1.82,   -0.75,-0.004,-0.012,-1.063, 124.0, -49.0,  88.0
202355025,032,   3.63,  -0.25,  11.52,   -0.95,    1.80,   -0.72,-0.001,-0.024,-1.100, 124.0, -49.0,  88.0
202355038,032,   3.63,  -0.24,  11.53,   -0.95,    1.80,   -0.72,-0.001,-0.024,-1.100, 124.0, -49.0,  88.0
202355046,016,   3.62,  -0.23,  11.54,   -0.90,    1.77,   -0.75, 0.004,-0.023,-1.090, 124.0, -49.0,  88.0
202355057,016,   3.61,  -0.22,  11.55,   -0.90,    1.77,   -0.75, 0.004,-0.023,-1.090, 124.0, -49.0,  88.0
202355068,016,   3.60,  -0.21,  11.56,   -0.96,    1.76,   -0.67,-0.005,-0.019,-1.076, 124.0, -49.0,  89.0
202355083,016,   3.60,  -0.20,  11.57,   -0.96,    1.76,   -0.67,-0.005,-0.019,-1.076, 124.0, -49.0,  89.0
202355086,016,   3.59,  -0.19,  11.58,   -0.90,    1.80,   -0.67,-0.001,-0.021,-1.083, 124.0, -49.0,  89.0
202355097,016,   3.58,  -0.19,  11.59,   -0.90,    1.80,   -0.67,-0.001,-0.021,-1.083, 124.0, -49.0,  89.0
202355105,016,   3.57,  -0.18,  11.60,   -0.99,    1.80,   -0.66,-0.011,-0.027,-1.082, 124.0, -49.0,  89.0
202355119,016,   3.57,  -0.17,  11.61,   -0.99,    1.80,   -0.66,-0.011,-0.027,-1.082, 124.0, -49.0,  89.0
202355126,016,   3.56,  -0.16,  11.62,   -0.98,    1.79,   -0.67,-0.002,-0.012,-1.081, 124.0, -49.0,  89.0
202355136,016,   3.55,  -0.16,  11.63,   -0.98,    1.79,   -0.67,-0.002,-0.012,-1.081, 124.0, -48.0,  88.0
202355150,032,   3.55,  -0.15,  11.63,   -0.98,    1.79,   -0.69, 0.002,-0.015,-1.100, 124.0, -48.0,  88.0
202355157,032,   3.55,  -0.14,  11.64,   -0.98,    1.79,   -0.69, 0.002,-0.015,-1.100, 124.0, -48.0,  88.0
202355173,016,   3.54,  -0.13,  11.65,   -0.98,    1.79,   -0.67,-0.007,-0.010,-1.083, 124.0, -48.0,  88.0
202355177,016,   3.53,  -0.12,  11.66,   -0.98,    1.79,   -0.67,-0.007,-0.010,-1.083, 124.0, -48.0,  88.0
202355185,016,   3.52,  -0.12,  11.67,   -0.96,    1.73,   -0.67,-0.001,-0.023,-1.096, 124.0, -48.0,  88.0
202355196,016,   3.51,  -0.11,  11.68,   -0.96,    1.73,   -0.67,-0.001,-0.023,-1.096, 124.0, -48.0,  88.0
202355206,016,   3.51,  -0.10,  11.69,   -0.96,    1.77,   -0.69,-0.002,-0.023,-1.081, 124.0, -49.0,  89.0
202355216,016,   3.50,  -0.09,  11.70,   -0.96,    1.77,   -0.69,-0.002,-0.023,-1.081, 124.0, -49.0,  89.0
202355227,016,   3.49,  -0.08,  11.70,   -0.98,    1.77,   -0.69,-0.003,-0.010,-1.090, 124.0, -49.0,  89.0
202355237,016,   3.48,  -0.08,  11.71,   -0.98,    1.77,   -0.69,-0.003,-0.010,-1.090, 124.0, -49.0,  89.0
202355247,016,   3.47,  -0.07,  11.72,   -1.11,    1.71,   -0.67, 0.002,-0.017,-1.077, 124.0, -49.0,  89.0
202355265,016,   3.46,  -0.06,  11.73,   -1.11,    1.71,   -0.67, 0.002,-0.017,-1.077, 124.0, -49.0,  89.0
202355268,016,   3.45,  -0.05,  11.74,   -0.84,    1.74,   -0.64,-0.005,-0.016,-1.081, 125.0, -49.0,  88.0
202355275,016,   3.45,  -0.05,  11.75,   -0.84,    1.74,   -0.64,-0.005,-0.016,-1.081, 125.0, -49.0,  88.0
202355291,016,   3.44,  -0.04,  11.76,   -0.87,    1.76,   -0.66,-0.009,-0.020,-1.083, 125.0, -49.0,  88.0
202355295,016,   3.43,  -0.03,  11.77,   -0.87,    1.76,   -0.66,-0.009,-0.020,-1.083, 125.0, -49.0,  88.0
202355306,016,   3.42,  -0.03,  11.78,   -0.96,    1.74,   -0.66,-0.004,-0.019,-1.086, 125.0, -49.0,  88.0
202355320,016,   3.42,  -0.02,  11.78,   -0.96,    1.74,   -0.66,-0.004,-0.019,-1.086, 125.0, -49.0,  88.0
202355326,016,   3.41,  -0.01,  11.79,   -0.93,    1.76,   -0.70,-0.000,-0.023,-1.083, 125.0, -49.0,  88.0
202355338,016,   3.40,  -0.00,  11.80,   -0.93,    1.76,   -0.70,-0.000,-0.023,-1.083, 124.0, -48.0,  88.0
202355354,016,   3.40,   0.00,  11.81,   -0.85,    1.71,   -0.78,-0.009,-0.021,-1.090, 124.0, -48.0,  88.0
202355358,016,   3.39,   0.01,  11.81,   -0.85,    1.71,   -0.78,-0.009,-0.021,-1.090, 124.0, -48.0,  88.0
202355364,016,   3.38,   0.01,  11.82,   -0.58,    1.57,   -0.78,-0.027, 0.002,-1.072, 124.0, -48.0,  88.0
202355377,016,   3.38,   0.01,  11.83,   -0.58,    1.57,   -0.78,-0.027, 0.002,-1.072, 124.0, -48.0,  88.0
202355387,016,   3.37,   0.02,  11.84,   -1.05,    1.66,   -0.69,-0.001,-0.018,-1.090, 124.0, -48.0,  88.0
202355400,016,   3.36,   0.02,  11.84,   -1.05,    1.66,   -0.69,-0.001,-0.018,-1.090, 124.0, -48.0,  88.0
202355406,016,   3.34,   0.03,  11.85,   -1.48,    1.60,   -0.60, 0.005,-0.012,-1.051, 124.0, -48.0,  88.0
202355420,016,   3.33,   0.04,  11.86,   -1.48,    1.60,   -0.60, 0.005,-0.012,-1.051, 124.0, -48.0,  88.0
202355431,016,   3.32,   0.04,  11.87,   -1.21,    1.47,   -0.49, 0.001,-0.020,-1.095, 124.0, -48.0,  88.0
202355443,016,   3.31,   0.05,  11.88,   -1.21,    1.47,   -0.49, 0.001,-0.020,-1.095, 124.0, -48.0,  88.0
202355446,032,   3.31,   0.05,  11.89,   -1.27,    1.44,   -0.52,-0.003,-0.021,-1.102, 124.0, -48.0,  88.0
202355454,032,   3.31,   0.06,  11.90,   -1.27,    1.44,   -0.52,-0.003,-0.021,-1.102, 124.0, -48.0,  88.0
202355465,016,   3.29,   0.06,  11.91,   -1.24,    1.44,   -0.53,-0.014,-0.018,-1.084, 124.0, -49.0,  89.0
202355479,016,   3.28,   0.06,  11.92,   -1.24,    1.44,   -0.53,-0.014,-0.018,-1.084, 124.0, -49.0,  89.0
202355488,016,   3.28,   0.06,  11.93,   -1.18,    1.37,   -0.47,-0.007,-0.021,-1.078, 124.0, -49.0,  89.0
202355496,016,   3.27,   0.07,  11.94,   -1.18,    1.37,   -0.47,-0.007,-0.021,-1.078, 124.0, -49.0,  89.0
202355510,016,   3.25,   0.07,  11.95,   -1.80,    1.18,   -0.38, 0.017,-0.017,-1.081, 124.0, -49.0,  89.0
202355517,016,   3.23,   0.07,  11.96,   -1.80,    1.18,   -0.38, 0.017,-0.017,-1.081, 124.0, -49.0,  89.0
202355533,016,   3.16,   0.05,  12.02,   -7.08,   -1.45,    4.72,-0.012,-0.005,-1.078, 124.0, -49.0,  89.0
202355536,016,   3.09,   0.02,  12.08,   -7.08,   -1.45,    4.72,-0.012,-0.005,-1.078, 124.0, -50.0,  88.0
202355548,032,   3.06,  -0.02,  12.43,   -4.02,   -0.81,   33.16, 0.000, 0.002,-1.032, 124.0, -50.0,  88.0
202355558,032,   3.03,  -0.06,  12.77,   -4.02,   -0.81,   33.16, 0.000, 0.002,-1.032, 124.0, -50.0,  88.0
202355566,032,   3.07,  -0.05,  12.99,    2.99,    2.49,   20.14,-0.016,-0.010,-1.101, 124.0, -50.0,  88.0
202355575,032,   3.11,  -0.05,  13.21,    2.99,    2.49,   20.14,-0.016,-0.010,-1.101, 124.0, -50.0,  88.0
202355586,016,   3.06,  -0.09,  13.39,   -4.78,   -1.85,   17.07,-0.005, 0.002,-1.080, 124.0, -50.0,  88.0
202355596,016,   3.01,  -0.12,  13.57,   -4.78,   -1.85,   17.07,-0.005, 0.002,-1.080, 123.0, -50.0,  88.0
202355607,032,   2.79,  -0.23,  13.82,  -22.63,   -8.29,   23.60,-0.028, 0.270,-1.467, 123.0, -53.0,  87.0
202355622,032,   2.57,  -0.33,  14.06,  -22.63,   -8.29,   23.60,-0.028, 0.270,-1.467, 123.0, -53.0,  87.0
202355625,032,   1.57,  -0.44,  14.22, -100.12,   -8.52,   15.15,-0.068, 0.633,-2.451, 123.0, -53.0,  87.0
202355639,032,   0.57,  -0.53,  14.39, -100.12,   -8.52,   15.15,-0.068, 0.633,-2.451, 123.0, -53.0,  87.0
202355644,032,  -0.88,  -0.10,  14.53, -145.56,   44.89,   13.48,-0.054, 0.548,-1.370, 123.0, -53.0,  87.0
202355658,032,  -2.33,   0.35,  14.66, -145.56,   44.89,   13.48,-0.054, 0.548,-1.370, 123.0, -53.0,  87.0
202355666,032,  -2.55,   0.50,  15.13,  -22.78,   13.98,   45.53, 0.001, 0.305,-1.296, 118.0, -66.0,  84.0
202355677,032,  -2.77,   0.65,  15.59,  -22.78,   13.98,   45.53, 0.001, 0.305,-1.296, 118.0, -66.0,  84.0
202355686,032,  -2.59,   0.87,  16.02,   17.37,   21.02,   41.68, 0.111, 0.778,-1.347, 118.0, -66.0,  84.0
202355697,032,  -2.41,   1.09,  16.44,   17.37,   21.02,   41.68, 0.111, 0.778,-1.347, 118.0, -66.0,  84.0
202355708,032,  -1.15,   1.41,  16.81,  124.84,   32.50,   36.52,-0.214, 0.408,-1.130, 118.0, -66.0,  84.0
202355713,032,   0.12,   1.72,  17.18,  124.84,   32.50,   36.52,-0.214, 0.408,-1.130, 118.0, -66.0,  84.0
202355726,032,   1.63,   2.14,  17.51,  150.27,   43.40,   31.11,-0.005, 0.341,-1.340, 118.0, -66.0,  84.0
202355734,032,   3.15,   2.55,  17.85,  150.27,   43.40,   31.11,-0.005, 0.341,-1.340, 103.0, -52.0,  91.0
202355744,032,   3.78,   3.25,  18.28,   59.94,   73.59,   37.36,-0.017, 0.507,-1.586, 103.0, -52.0,  91.0
202355755,032,   4.41,   3.95,  18.72,   59.94,   73.59,   37.36,-0.017, 0.507,-1.586, 103.0, -52.0,  91.0
202355766,032,   4.77,   4.84,  19.40,   30.95,   96.02,   59.80,-0.045, 0.482,-1.277, 103.0, -52.0,  91.0
202355777,032,   5.14,   5.74,  20.09,   30.95,   96.02,   59.80,-0.045, 0.482,-1.277, 103.0, -52.0,  91.0
202355790,032,   5.82,   6.75,  21.12,   56.64,  111.92,   90.60,-0.036, 0.160,-0.993, 103.0, -52.0,  91.0
202355797,032,   6.52,   7.75,  22.16,   56.64,  111.92,   90.60,-0.036, 0.160,-0.993,  82.0, -44.0,  96.0
202355813,032,   7.40,   8.76,  23.33,   70.31,  115.01,  101.85, 0.005,-0.000,-1.243,  82.0, -44.0,  96.0
202355815,032,   8.30,   9.74,  24.51,   70.31,  115.01,  101.85, 0.005,-0.000,-1.243,  82.0, -44.0,  96.0
202355827,032,   9.12,  10.80,  25.54,   63.50,  118.61,   83.65, 1.805, 0.748,-0.592,  82.0, -44.0,  96.0
202355840,032,   9.96,  11.83,  26.58,   63.50,  118.61,   83.65, 1.805, 0.748,-0.592,  82.0, -44.0,  96.0
202355845,032,  10.57,  13.04,  27.73,   36.29,  140.90,   88.21,-0.223, 0.304,-1.300,  82.0, -44.0,  96.0
202355856,032,  11.21,  14.24,  28.89,   36.29,  140.90,   88.21,-0.223, 0.304,-1.300,  82.0, -44.0,  96.0
202355867,032,  12.59,  15.62,  30.31,  102.73,  162.99,  105.98, 0.072, 0.279,-0.013,  58.0, -35.0, 105.0
202355878,032,  14.02,  16.95,  31.76,  102.73,  162.99,  105.98, 0.072, 0.279,-0.013,  58.0, -35.0, 105.0
202355887,032,  15.99,  18.25,  33.49,  144.96,  167.04,  126.06, 0.943, 0.414,-0.371,  58.0, -35.0, 105.0
202355903,032,  18.02,  19.48,  35.27,  144.96,  167.04,  126.06, 0.943, 0.414,-0.371,  58.0, -35.0, 105.0
202355905,032,  19.71,  20.46,  37.11,  105.04,  150.49,  130.73,-0.188,-0.210,-0.470,  58.0, -35.0, 105.0
202355916,032,  21.44,  21.38,  38.98,  105.04,  150.49,  130.73,-0.188,-0.210,-0.470,  58.0, -35.0, 105.0
202355928,032,  22.75,  22.16,  40.94,   58.15,  142.72,  140.18,-0.037, 0.116,-0.201,  58.0, -35.0, 105.0
202355937,032,  24.09,  22.89,  42.94,   58.15,  142.72,  140.18,-0.037, 0.116,-0.201,  30.0, -25.0, 111.0
202355946,032,  24.83,  23.12,  45.13,  -12.05,  106.08,  173.65,-0.350,-0.370,-0.889,  30.0, -25.0, 111.0
202355957,032,  25.59,  23.31,  47.33,  -12.05,  106.08,  173.65,-0.350,-0.370,-0.889,  30.0, -25.0, 111.0
202355968,032,  26.75,  23.44,  49.33,   34.87,   94.73,  159.15, 0.077,-0.348,-0.600,  30.0, -25.0, 111.0
202355978,032,  27.91,  23.54,  51.34,   34.87,   94.73,  159.15, 0.077,-0.348,-0.600,  30.0, -25.0, 111.0
202355994,032,  30.11,  23.64,  53.20,  144.60,   93.21,  143.66,-0.031,-0.411,-0.510,  30.0, -25.0, 111.0
202355996,032,  32.32,  23.67,  55.07,  144.60,   93.21,  143.66,-0.031,-0.411,-0.510,  11.0, -12.0, 112.0
202356004,032,  33.75,  23.48,  56.84,   69.91,   73.95,  146.41,-0.010,-0.709,-0.460,  11.0, -12.0, 112.0
202356019,032,  35.17,  23.24,  58.61,   69.91,   73.95,  146.41,-0.010,-0.709,-0.460,  11.0, -12.0, 112.0
202356026,032,  35.26,  22.90,  60.05,  -48.95,   49.76,  127.22, 0.006,-0.734,-0.491,  11.0, -12.0, 112.0
202356042,032,  35.34,  22.55,  61.48,  -48.95,   49.76,  127.22, 0.006,-0.734,-0.491,  11.0, -12.0, 112.0
202356046,032,  35.79,  22.11,  62.75,   -3.63,   34.38,  120.58, 0.055,-0.480,-0.880,  11.0, -12.0, 112.0
202356057,032,  36.23,  21.67,  64.01,   -3.63,   34.38,  120.58, 0.055,-0.480,-0.880,  11.0, -12.0, 112.0
202356068,032,  37.94,  21.21,  65.43,  116.06,   45.48,  132.35,-0.112,-0.750,-0.325,   1.0,  -4.0, 111.0
202356083,032,  39.62,  20.72,  66.84,  116.06,   45.48,  132.35,-0.112,-0.750,-0.325,   1.0,  -4.0, 111.0
202356088,032,  41.13,  19.90,  68.11,  106.38,   16.64,  143.48,-0.020,-0.658,-1.028,   1.0,  -4.0, 111.0
202356095,032,  42.62,  19.05,  69.36,  106.38,   16.64,  143.48,-0.020,-0.658,-1.028,   1.0,  -4.0, 111.0
202356105,032,  43.64,  18.16,  70.57,   61.65,   15.05,  144.56, 0.065,-1.172,-0.696,   1.0,  -4.0, 111.0
202356117,032,  44.63,  17.24,  71.77,   61.65,   15.05,  144.56, 0.065,-1.172,-0.696,   1.0,  -4.0, 111.0
202356126,032,  44.98,  16.41,  72.84,    1.62,   14.20,  130.47, 0.085,-1.092,-0.529,   1.0,  -4.0, 111.0
202356137,032,  45.30,  15.58,  73.90,    1.62,   14.20,  130.47, 0.085,-1.092,-0.529,  -3.0,   7.0, 111.0
202356151,032,  45.37,  14.93,  74.88,  -20.96,   23.68,  112.08, 0.078,-0.887,-0.466,  -3.0,   7.0, 111.0
202356158,032,  45.42,  14.29,  75.86,  -20.96,   23.68,  112.08, 0.078,-0.887,-0.466,  -3.0,   7.0, 111.0
202356172,032,  45.45,  13.68,  76.86,  -22.31,   27.59,  110.56,-0.076,-0.596,-0.631,  -3.0,   7.0, 111.0
202356175,032,  45.46,  13.07,  77.85,  -22.31,   27.59,  110.56,-0.076,-0.596,-0.631,  -3.0,   7.0, 111.0
202356187,032,  45.61,  12.50,  78.84,   -8.76,   30.17,  108.32, 0.195,-0.866,-0.732,  -3.0,   7.0, 111.0
202356195,032,  45.74,  11.93,  79.83,   -8.76,   30.17,  108.32, 0.195,-0.866,-0.732,  -9.0,  10.0, 111.0
202356206,032,  45.85,  11.32,  80.86,  -10.63,   30.37,  112.79, 0.231,-1.083,-0.567,  -9.0,  10.0, 111.0
202356216,032,  45.96,  10.72,  81.88,  -10.63,   30.37,  112.79, 0.231,-1.083,-0.567,  -9.0,  10.0, 111.0
202356230,032,  45.88,  10.26,  82.84,  -26.32,   37.10,   97.89, 0.342,-1.317,-0.802,  -9.0,  10.0, 111.0
202356238,032,  45.80,   9.81,  83.79,  -26.32,   37.10,   97.89, 0.342,-1.317,-0.802,  -9.0,  10.0, 111.0
202356248,032,  45.55,   9.65,  84.68,  -41.08,   51.68,   72.29, 0.390,-1.305,-0.956,  -9.0,  10.0, 111.0
202356263,032,  45.30,   9.49,  85.56,  -41.08,   51.68,   72.29, 0.390,-1.305,-0.956,  -9.0,  10.0, 111.0
202356265,032,  45.58,   9.50,  86.50,   10.98,   66.82,   64.02, 0.315,-1.029,-0.707, -18.0,  12.0, 109.0
202356277,032,  45.86,   9.50,  87.44,   10.98,   66.82,   64.02, 0.315,-1.029,-0.707, -18.0,  12.0, 109.0
202356287,032,  46.13,   9.67,  88.24,   13.69,   69.01,   42.93, 0.312,-0.451,-1.156, -18.0,  12.0, 109.0
202356297,032,  46.40,   9.83,  89.04,   13.69,   69.01,   42.93, 0.312,-0.451,-1.156, -18.0,  12.0, 109.0
202356308,032,  46.31,  10.14,  89.82,  -22.43,   78.11,   29.98, 0.280,-0.519,-0.899, -18.0,  12.0, 109.0
202356321,032,  46.23,  10.46,  90.60,  -22.43,   78.11,   29.98, 0.280,-0.519,-0.899, -18.0,  12.0, 109.0
202356326,032,  45.96,  10.71,  91.62,  -47.21,   88.90,   50.58, 0.226,-0.665,-0.543, -30.0,  13.0, 106.0
202356341,032,  45.69,  10.96,  92.63,  -47.21,   88.90,   50.58, 0.226,-0.665,-0.543, -30.0,  13.0, 106.0
202356352,032,  45.90,  11.06,  93.78,   -2.06,   88.32,   70.82, 0.172,-0.801,-0.400, -30.0,  13.0, 106.0
202356354,032,  46.12,  11.15,  94.93,   -2.06,   88.32,   70.82, 0.172,-0.801,-0.400, -30.0,  13.0, 106.0
202356366,032,  46.79,  11.16,  96.05,   44.52,   80.20,   74.73, 0.180,-0.831,-0.497, -30.0,  13.0, 106.0
202356375,032,  47.46,  11.15,  97.17,   44.52,   80.20,   74.73, 0.180,-0.831,-0.497, -30.0,  13.0, 106.0
202356387,032,  47.85,  11.11,  98.09,   20.17,   65.53,   63.51, 0.247,-0.707,-0.686, -30.0,  13.0, 106.0
202356396,032,  48.24,  11.07,  99.03,   20.17,   65.53,   63.51, 0.247,-0.707,-0.686, -41.0,  22.0, 101.0
202356406,032,  48.30,  11.06,  99.90,  -11.98,   62.84,   56.02, 0.288,-0.778,-0.594, -41.0,  22.0, 101.0
202356418,032,  48.35,  11.06, 100.76,  -11.98,   62.84,   56.02, 0.288,-0.778,-0.594, -41.0,  22.0, 101.0
202356429,032,  48.57,  10.96, 101.63,    4.03,   57.37,   63.33, 0.313,-0.925,-0.510, -41.0,  22.0, 101.0
202356442,032,  48.79,  10.86, 102.50,    4.03,   57.37,   63.33, 0.313,-0.925,-0.510, -41.0,  22.0, 101.0
202356445,032,  49.17,  10.61, 103.27,   22.43,   40.52,   67.76, 0.386,-1.129,-0.603, -41.0,  22.0, 101.0
202356454,032,  49.55,  10.35, 104.04,   22.43,   40.52,   67.76, 0.386,-1.129,-0.603, -41.0,  22.0, 101.0
202356464,032,  49.83,  10.11, 104.63,   17.42,   28.20,   55.18, 0.444,-0.978,-0.862, -47.0,  29.0,  98.0
202356474,032,  50.11,   9.86, 105.22,   17.42,   28.20,   55.18, 0.444,-0.978,-0.862, -47.0,  29.0,  98.0
202356488,032,  50.35,   9.67, 105.72,   14.60,   25.51,   45.76, 0.485,-0.881,-0.904, -47.0,  29.0,  98.0
202356496,032,  50.59,   9.48, 106.22,   14.60,   25.51,   45.76, 0.485,-0.881,-0.904, -47.0,  29.0,  98.0
202356509,032,  50.76,   9.37, 106.73,    7.60,   31.63,   39.68, 0.397,-0.856,-0.547, -47.0,  29.0,  98.0
202356519,032,  50.92,   9.26, 107.24,    7.60,   31.63,   39.68, 0.397,-0.856,-0.547, -47.0,  29.0,  98.0
202356532,032,  51.11,   9.23, 107.70,   10.20,   32.14,   29.54, 0.359,-0.786,-0.480, -49.0,  35.0,  96.0
202356533,032,  51.29,   9.20, 108.15,   10.20,   32.14,   29.54, 0.359,-0.786,-0.480, -49.0,  35.0,  96.0
202356549,032,  51.53,   9.11, 108.47,   17.65,   18.79,   25.98, 0.345,-0.901,-0.635, -49.0,  35.0,  96.0
202356556,032,  51.77,   9.02, 108.80,   17.65,   18.79,   25.98, 0.345,-0.901,-0.635, -49.0,  35.0,  96.0
202356566,032,  52.00,   8.92, 109.00,   19.28,    9.79,   19.19, 0.309,-0.897,-0.804, -49.0,  35.0,  96.0
202356576,032,  52.23,   8.83, 109.21,   19.28,    9.79,   19.19, 0.309,-0.897,-0.804, -49.0,  35.0,  96.0
202356587,032,  52.39,   8.81, 109.37,   12.93,   11.63,   10.02, 0.269,-0.741,-0.827, -49.0,  35.0,  96.0
202356596,032,  52.54,   8.80, 109.54,   12.93,   11.63,   10.02, 0.269,-0.741,-0.827, -51.0,  39.0,  95.0
202356607,016,  52.47,   8.84, 109.72,   -9.63,   16.21,    8.03, 0.211,-0.702,-0.603, -51.0,  39.0,  95.0
202356623,016,  52.40,   8.89, 109.91,   -9.63,   16.21,    8.03, 0.211,-0.702,-0.603, -51.0,  39.0,  95.0
202356626,032,  52.45,   8.86, 110.15,   -0.05,   16.87,   15.02, 0.158,-0.740,-0.438, -51.0,  39.0,  95.0
202356637,032,  52.49,   8.84, 110.39,   -0.05,   16.87,   15.02, 0.158,-0.740,-0.438, -51.0,  39.0,  95.0
202356646,032,  52.71,   8.66, 110.62,   17.25,    6.34,   27.18, 0.144,-0.978,-0.483, -51.0,  39.0,  95.0
202356656,032,  52.93,   8.47, 110.85,   17.25,    6.34,   27.18, 0.144,-0.978,-0.483, -51.0,  39.0,  95.0
202356666,032,  53.04,   8.28, 110.93,    9.30,   -5.36,   18.63, 0.219,-1.016,-0.808, -50.0,  42.0,  94.0
202356677,032,  53.15,   8.09, 111.01,    9.30,   -5.36,   18.63, 0.219,-1.016,-0.808, -50.0,  42.0,  94.0
202356687,032,  53.03,   8.09, 110.99,  -12.31,   -1.76,   -2.02, 0.223,-0.827,-0.775, -50.0,  42.0,  94.0
202356697,032,  52.91,   8.09, 110.98,  -12.31,   -1.76,   -2.02, 0.223,-0.827,-0.775, -50.0,  42.0,  94.0
202356716,016,  52.75,   8.23, 111.02,  -18.26,    9.69,   -7.83, 0.209,-0.730,-0.551, -50.0,  42.0,  94.0
202356721,016,  52.58,   8.36, 111.06,  -18.26,    9.69,   -7.83, 0.209,-0.730,-0.551, -50.0,  42.0,  94.0
202356725,032,  52.52,   8.40, 111.16,   -8.53,    9.88,    1.77, 0.171,-0.679,-0.413, -52.0,  41.0,  94.0
202356737,032,  52.46,   8.44, 111.26,   -8.53,    9.88,    1.77, 0.171,-0.679,-0.413, -52.0,  41.0,  94.0
202356746,016,  52.70,   8.28, 111.41,   17.54,   -0.44,   20.75, 0.187,-0.878,-0.436, -52.0,  41.0,  94.0
202356756,016,  52.95,   8.11, 111.55,   17.54,   -0.44,   20.75, 0.187,-0.878,-0.436, -52.0,  41.0,  94.0
202356768,032,  53.22,   7.87, 111.62,   25.01,   -9.33,   22.47, 0.244,-0.977,-0.667, -52.0,  41.0,  94.0
202356777,032,  53.49,   7.63, 111.69,   25.01,   -9.33,   22.47, 0.244,-0.977,-0.667, -52.0,  41.0,  94.0
202356788,032,  53.41,   7.54, 111.66,   -8.32,   -8.63,    4.78, 0.251,-0.874,-0.625, -52.0,  41.0,  94.0
202356803,032,  53.33,   7.44, 111.63,   -8.32,   -8.63,    4.78, 0.251,-0.874,-0.625, -50.0,  43.0,  94.0
202356807,016,  53.24,   7.43, 111.60,   -9.50,   -5.07,   -0.76, 0.238,-0.837,-0.603, -50.0,  43.0,  94.0
202356815,016,  53.15,   7.43, 111.56,   -9.50,   -5.07,   -0.76, 0.238,-0.837,-0.603, -50.0,  43.0,  94.0
202356829,000,  53.15,   7.57, 111.50,    3.68,   -6.56,    0.40, 0.219,-0.806,-0.632, -50.0,  43.0,  94.0
202356839,000,  53.14,   7.71, 111.44,    3.68,   -6.56,    0.40, 0.219,-0.806,-0.632, -50.0,  43.0,  94.0
202356847,016,  53.25,   7.64, 111.39,   11.97,   -9.11,    2.27, 0.219,-0.798,-0.671, -50.0,  43.0,  94.0
202356859,016,  53.36,   7.58, 111.34,   11.97,   -9.11,    2.27, 0.219,-0.798,-0.671, -48.0,  44.0,  95.0
202356868,032,  53.39,   7.50, 111.28,    3.73,   -9.94,    1.77, 0.226,-0.837,-0.749, -48.0,  44.0,  95.0
202356877,032,  53.43,   7.42, 111.22,    3.73,   -9.94,    1.77, 0.226,-0.837,-0.749, -48.0,  44.0,  95.0
202356893,032,  53.41,   7.35, 111.19,   -1.80,   -6.53,    3.05, 0.222,-0.884,-0.655, -48.0,  44.0,  95.0
202356895,032,  53.40,   7.28, 111.17,   -1.80,   -6.53,    3.05, 0.222,-0.884,-0.655, -48.0,  44.0,  95.0
202356906,032,  53.46,   7.21, 111.18,    5.01,   -3.69,    5.69, 0.217,-0.991,-0.636, -48.0,  44.0,  95.0
202356915,032,  53.52,   7.13, 111.19,    5.01,   -3.69,    5.69, 0.217,-0.991,-0.636, -48.0,  44.0,  95.0
202356925,032,  53.55,   7.09, 111.15,    2.06,   -6.43,    0.31, 0.197,-0.890,-0.691, -47.0,  44.0,  95.0
202356937,032,  53.57,   7.04, 111.11,    2.06,   -6.43,    0.31, 0.197,-0.890,-0.691, -47.0,  44.0,  95.0
202356946,016,  53.50,   7.05, 111.03,   -5.69,   -6.61,   -5.71, 0.197,-0.800,-0.683, -47.0,  44.0,  95.0
202356957,016,  53.42,   7.07, 110.95,   -5.69,   -6.61,   -5.71, 0.197,-0.800,-0.683, -47.0,  44.0,  95.0
202356968,016,  53.40,   7.08, 110.90,   -0.93,   -3.89,   -3.80, 0.188,-0.808,-0.713, -47.0,  44.0,  95.0
202356983,016,  53.37,   7.09, 110.85,   -0.93,   -3.89,   -3.80, 0.188,-0.808,-0.713, -47.0,  44.0,  95.0
202356986,032,  53.43,   7.07, 110.83,    4.85,   -2.78,   -0.55, 0.183,-0.869,-0.733, -47.0,  44.0,  95.0
202356995,032,  53.48,   7.05, 110.82,    4.85,   -2.78,   -0.55, 0.183,-0.869,-0.733, -46.0,  45.0,  95.0
202357006,032,  53.52,   7.06, 110.81,    2.96,   -0.27,   -1.86, 0.163,-0.908,-0.654, -46.0,  45.0,  95.0
202357016,032,  53.55,   7.06, 110.81,    2.96,   -0.27,   -1.86, 0.163,-0.908,-0.654, -46.0,  45.0,  95.0
202357026,016,  53.45,   7.11, 110.74,   -9.28,   -3.07,   -8.69, 0.149,-0.825,-0.654, -46.0,  45.0,  95.0
202357036,016,  53.35,   7.16, 110.67,   -9.28,   -3.07,   -8.69, 0.149,-0.825,-0.654, -46.0,  45.0,  95.0
202357047,016,  53.26,   7.22, 110.58,   -6.06,   -4.38,  -10.09, 0.167,-0.696,-0.663, -46.0,  45.0,  95.0
202357057,016,  53.17,   7.27, 110.48,   -6.06,   -4.38,  -10.09, 0.167,-0.696,-0.663, -46.0,  44.0,  96.0
202357073,016,  53.15,   7.29, 110.43,   -1.74,   -4.03,   -4.35, 0.166,-0.714,-0.594, -46.0,  44.0,  96.0
202357075,016,  53.12,   7.30, 110.38,   -1.74,   -4.03,   -4.35, 0.166,-0.714,-0.594, -46.0,  44.0,  96.0
202357085,000,  53.09,   7.36, 110.34,    1.91,   -6.58,    3.36, 0.188,-0.798,-0.631, -46.0,  44.0,  96.0
202357098,000,  53.06,   7.40, 110.30,    1.91,   -6.58,    3.36, 0.188,-0.798,-0.631, -46.0,  44.0,  96.0
202357106,032,  53.07,   7.30, 110.28,   -0.03,   -8.29,    6.37, 0.199,-0.879,-0.730, -46.0,  44.0,  96.0
202357121,032,  53.07,   7.19, 110.26,   -0.03,   -8.29,    6.37, 0.199,-0.879,-0.730, -46.0,  44.0,  96.0
202357126,032,  53.10,   7.12, 110.27,    1.85,   -3.62,    5.19, 0.181,-0.897,-0.631, -45.0,  44.0,  96.0
202357137,032,  53.13,   7.05, 110.28,    1.85,   -3.62,    5.19, 0.181,-0.897,-0.631, -45.0,  44.0,  96.0
202357147,032,  53.21,   6.99, 110.27,    7.11,   -3.80,    3.24, 0.184,-0.895,-0.710, -45.0,  44.0,  96.0
202357164,032,  53.29,   6.94, 110.27,    7.11,   -3.80,    3.24, 0.184,-0.895,-0.710, -45.0,  44.0,  96.0
202357167,032,  53.39,   6.91, 110.25,    9.66,   -3.30,    0.15, 0.183,-0.844,-0.718, -45.0,  44.0,  96.0
202357175,032,  53.49,   6.88, 110.24,    9.66,   -3.30,    0.15, 0.183,-0.844,-0.718, -45.0,  44.0,  96.0
202357186,000,  53.31,   7.09, 110.16,    7.34,    0.60,   -3.80, 0.203,-0.699,-0.675, -45.0,  44.0,  96.0
202357198,016,  53.26,   7.14, 110.17,   -4.78,    2.21,   -3.36, 0.189,-0.683,-0.589, -45.0,  45.0,  96.0
202357207,016,  53.20,   7.19, 110.17,   -4.78,    2.21,   -3.36, 0.189,-0.683,-0.589, -45.0,  45.0,  96.0
202357217,000,  53.13,   7.28, 110.19,   -3.59,    0.69,    4.55, 0.189,-0.775,-0.610, -45.0,  45.0,  96.0
202357228,000,  53.07,   7.37, 110.22,   -3.59,    0.69,    4.55, 0.189,-0.775,-0.610, -45.0,  45.0,  96.0
202357238,032,  53.14,   7.26, 110.30,    5.02,   -0.40,   12.53, 0.194,-0.880,-0.646, -45.0,  45.0,  96.0
202357253,032,  53.21,   7.15, 110.38,    5.02,   -0.40,   12.53, 0.194,-0.880,-0.646, -45.0,  45.0,  96.0
202357255,032,  53.48,   7.04, 110.49,   24.75,    2.47,   14.18, 0.180,-0.968,-0.655, -44.0,  47.0,  96.0
202357267,032,  53.75,   6.94, 110.60,   24.75,    2.47,   14.18, 0.180,-0.968,-0.655, -44.0,  47.0,  96.0
202357275,032,  53.97,   6.93, 110.69,   20.53,    6.73,    4.23, 0.177,-1.178,-0.810, -44.0,  47.0,  96.0
202357291,032,  54.20,   6.93, 110.78,   20.53,    6.73,    4.23, 0.177,-1.178,-0.810, -44.0,  47.0,  96.0
202357296,032,  54.53,   7.01, 110.87,   31.40,   12.38,   -2.12, 0.177,-0.835,-0.630, -44.0,  47.0,  96.0
202357306,032,  54.86,   7.10, 110.97,   31.40,   12.38,   -2.12, 0.177,-0.835,-0.630, -44.0,  47.0,  96.0
202357318,032,  55.24,   7.15, 111.10,   35.36,   13.71,    1.83, 0.130,-0.769,-0.443, -44.0,  47.0,  96.0
202357329,032,  55.62,   7.21, 111.23,   35.36,   13.71,    1.83, 0.130,-0.769,-0.443, -46.0,  52.0,  93.0
202357343,016,  55.87,   7.16, 111.37,   19.44,    7.16,   11.02, 0.138,-0.873,-0.421, -46.0,  52.0,  93.0
202357346,016,  56.11,   7.10, 111.50,   19.44,    7.16,   11.02, 0.138,-0.873,-0.421, -46.0,  52.0,  93.0
202357354,032,  56.09,   7.00, 111.54,   -3.51,   -3.22,    9.28, 0.192,-0.927,-0.681, -46.0,  52.0,  93.0
202357365,032,  56.07,   6.90, 111.57,   -3.51,   -3.22,    9.28, 0.192,-0.927,-0.681, -46.0,  52.0,  93.0
202357376,032,  56.03,   6.66, 111.55,   -3.57,  -15.13,   17.88, 0.173,-0.844,-0.831, -46.0,  52.0,  93.0
202357386,032,  56.00,   6.42, 111.53,   -3.57,  -15.13,   17.88, 0.173,-0.844,-0.831, -46.0,  52.0,  93.0
202357399,016,  55.95,   6.24, 111.57,   -4.05,   -7.45,   16.96, 0.174,-0.790,-0.711, -44.0,  53.0,  94.0
202357407,016,  55.89,   6.06, 111.60,   -4.05,   -7.45,   16.96, 0.174,-0.790,-0.711, -44.0,  53.0,  94.0
202357418,032,  55.92,   5.95, 111.72,    0.87,    2.76,   15.10, 0.117,-0.765,-0.432, -44.0,  53.0,  94.0
202357433,032,  55.95,   5.83, 111.84,    0.87,    2.76,   15.10, 0.117,-0.765,-0.432, -44.0,  53.0,  94.0
202357437,032,  56.19,   5.58, 111.99,   20.73,   -1.28,   28.47, 0.117,-0.907,-0.569, -44.0,  53.0,  94.0
202357447,032,  56.42,   5.33, 112.15,   20.73,   -1.28,   28.47, 0.117,-0.907,-0.569, -44.0,  53.0,  94.0
202357455,032,  56.65,   5.00, 112.27,   21.34,   -8.17,   33.33, 0.117,-0.891,-0.595, -42.0,  58.0,  93.0
202357469,032,  56.88,   4.67, 112.40,   21.34,   -8.17,   33.33, 0.117,-0.891,-0.595, -42.0,  58.0,  93.0
202357480,032,  57.12,   4.24, 112.51,   22.50,  -14.46,   41.44, 0.211,-1.085,-0.887, -42.0,  58.0,  93.0
202357487,032,  57.36,   3.81, 112.62,   22.50,  -14.46,   41.44, 0.211,-1.085,-0.887, -42.0,  58.0,  93.0
202357497,032,  57.39,   3.42, 112.77,    0.95,   -9.16,   39.79, 0.084,-0.859,-0.736, -42.0,  58.0,  93.0
202357508,032,  57.41,   3.02, 112.91,    0.95,   -9.16,   39.79, 0.084,-0.859,-0.736, -42.0,  58.0,  93.0
202357523,032,  57.33,   2.68, 113.11,   -9.97,   -2.35,   39.18, 0.093,-0.915,-0.669, -42.0,  58.0,  93.0
202357526,032,  57.25,   2.33, 113.31,   -9.97,   -2.35,   39.18, 0.093,-0.915,-0.669, -39.0,  61.0,  93.0
202357535,032,  57.13,   2.02, 113.55,  -13.60,    2.61,   37.21, 0.051,-0.943,-0.539, -39.0,  61.0,  93.0
202357545,032,  57.01,   1.72, 113.78,  -13.60,    2.61,   37.21, 0.051,-0.943,-0.539, -39.0,  61.0,  93.0
202357555,032,  56.71,   1.45, 113.96,  -31.83,   -0.17,   31.13, 0.031,-0.816,-0.639, -39.0,  61.0,  93.0
202357566,032,  56.40,   1.18, 114.14,  -31.83,   -0.17,   31.13, 0.031,-0.816,-0.639, -39.0,  61.0,  93.0
202357577,032,  56.08,   0.81, 114.31,  -33.05,   -6.79,   39.34, 0.047,-0.728,-0.575, -39.0,  61.0,  93.0
202357587,032,  55.76,   0.44, 114.48,  -33.05,   -6.79,   39.34, 0.047,-0.728,-0.575, -36.0,  59.0,  95.0
202357598,032,  55.56,  -0.00, 114.72,  -20.66,   -5.83,   49.05, 0.091,-0.721,-0.719, -36.0,  59.0,  95.0
202357613,032,  55.36,  -0.45, 114.96,  -20.66,   -5.83,   49.05, 0.091,-0.721,-0.719, -36.0,  59.0,  95.0
202357616,032,  55.19,  -0.84, 115.26,  -17.73,    1.88,   48.50, 0.011,-0.842,-0.576, -36.0,  59.0,  95.0
202357625,032,  55.02,  -1.24, 115.56,  -17.73,    1.88,   48.50, 0.011,-0.842,-0.576, -36.0,  59.0,  95.0
202357636,032,  55.03,  -1.60, 115.89,    0.87,    5.62,   47.16,-0.016,-1.016,-0.511, -36.0,  59.0,  95.0
202357646,032,  55.04,  -1.96, 116.21,    0.87,    5.62,   47.16,-0.016,-1.016,-0.511, -36.0,  59.0,  95.0
202357656,032,  55.07,  -2.30, 116.48,    2.64,    1.91,   42.67,-0.022,-0.989,-0.622, -33.0,  63.0,  95.0
202357667,032,  55.10,  -2.65, 116.75,    2.64,    1.91,   42.67,-0.022,-0.989,-0.622, -33.0,  63.0,  95.0
202357676,032,  54.90,  -2.96, 116.97,  -19.77,   -0.27,   37.31, 0.012,-0.973,-0.710, -33.0,  63.0,  95.0
202357687,032,  54.70,  -3.28, 117.20,  -19.77,   -0.27,   37.31, 0.012,-0.973,-0.710, -33.0,  63.0,  95.0
202357702,032,  54.47,  -3.55, 117.45,  -23.30,    4.32,   35.94,-0.018,-0.850,-0.498, -33.0,  63.0,  95.0
202357707,032,  54.23,  -3.82, 117.71,  -23.30,    4.32,   35.94,-0.018,-0.850,-0.498, -33.0,  63.0,  95.0
202357714,032,  54.30,  -4.07, 117.96,    7.25,    5.13,   33.25,-0.004,-0.884,-0.438, -33.0,  63.0,  95.0
202357730,032,  54.37,  -4.32, 118.21,    7.25,    5.13,   33.25,-0.004,-0.884,-0.438, -31.0,  64.0,  95.0
202357738,032,  54.32,  -4.59, 118.31,   -5.19,   -7.79,   27.22, 0.022,-0.952,-0.627, -31.0,  64.0,  95.0
202357746,032,  54.27,  -4.86, 118.42,   -5.19,   -7.79,   27.22, 0.022,-0.952,-0.627, -31.0,  64.0,  95.0
202357757,032,  53.77,  -5.11, 118.35,  -52.05,  -21.04,   15.27, 0.105,-0.906,-0.946, -31.0,  64.0,  95.0
202357768,032,  53.26,  -5.36, 118.29,  -52.05,  -21.04,   15.27, 0.105,-0.906,-0.946, -31.0,  64.0,  95.0
202357778,032,  52.70,  -5.50, 118.24,  -56.95,  -13.10,    7.02, 0.133,-0.720,-1.015, -31.0,  64.0,  95.0
202357793,032,  52.14,  -5.64, 118.18,  -56.95,  -13.10,    7.02, 0.133,-0.720,-1.015, -29.0,  57.0,  98.0
202357795,032,  51.52,  -5.67, 118.26,  -62.17,    3.57,    6.15, 0.128,-0.637,-0.921, -29.0,  57.0,  98.0
202357807,032,  50.90,  -5.70, 118.34,  -62.17,    3.57,    6.15, 0.128,-0.637,-0.921, -29.0,  57.0,  98.0
202357816,032,  50.59,  -5.71, 118.51,  -29.50,   11.71,   10.76, 0.110,-0.870,-0.828, -29.0,  57.0,  98.0
202357825,032,  50.29,  -5.72, 118.68,  -29.50,   11.71,   10.76, 0.110,-0.870,-0.828, -29.0,  57.0,  98.0
202357837,032,  50.64,  -5.59, 118.75,   34.15,   13.85,   -7.21, 0.050,-0.815,-0.566, -29.0,  57.0,  98.0
202357848,032,  50.99,  -5.45, 118.83,   34.15,   13.85,   -7.21, 0.050,-0.815,-0.566, -29.0,  57.0,  98.0
202357857,032,  51.14,  -5.46, 118.62,   11.83,  -17.88,  -12.90, 0.154,-1.085,-0.878, -29.0,  58.0,  98.0
202357867,032,  51.29,  -5.48, 118.41,   11.83,  -17.88,  -12.90, 0.154,-1.085,-0.878, -29.0,  58.0,  98.0
202357883,032,  50.37,  -5.55, 117.86,  -97.57,  -47.83,  -28.64, 0.809,-0.307,-1.308, -29.0,  58.0,  98.0
202357886,032,  49.44,  -5.64, 117.32,  -97.57,  -47.83,  -28.64, 0.809,-0.307,-1.308, -29.0,  58.0,  98.0
202357895,032,  47.12,  -5.88, 117.07, -235.47,  -36.60,    1.53, 1.621, 0.102,-0.370, -29.0,  58.0,  98.0
202357905,032,  44.80,  -6.13, 116.83, -235.47,  -36.60,    1.53, 1.621, 0.102,-0.370, -29.0,  58.0,  98.0
202357916,032,  42.47,  -7.56, 118.19, -219.98,  -10.67,  194.32,-0.854,-7.396, 0.139, -29.0,  58.0,  98.0
202357926,032,  40.09,  -8.93, 119.60, -219.98,  -10.67,  194.32,-0.854,-7.396, 0.139, -21.0,  33.0, 107.0
202357936,032,  37.61, -11.03, 122.02, -209.89,  -12.93,  316.72,-3.197,-8.000, 3.426, -21.0,  33.0, 107.0
202357946,032,  35.01, -13.03, 124.55, -209.89,  -12.93,  316.72,-3.197,-8.000, 3.426, -21.0,  33.0, 107.0
202357958,032,  36.73, -11.19, 121.99,  115.05,    3.40, -312.99,-7.906,-8.000, 4.848, -21.0,  33.0, 107.0
202357973,032,  38.35,  -9.28, 119.50,  115.05,    3.40, -312.99,-7.906,-8.000, 4.848, -21.0,  33.0, 107.0
202357977,032,  41.91,  -7.35, 114.57,  282.50, -165.80, -500.27,-8.000,-8.000,-0.258, -21.0,  33.0, 107.0
202357986,032,  45.28,  -5.12, 109.76,  282.50, -165.80, -500.27,-8.000,-8.000,-0.258,   0.0,  17.0, 105.0
202357995,032,  50.88,  -4.52, 102.92,  500.26, -464.50, -500.27,-8.000,-7.469,-4.689,   0.0,  17.0, 105.0
202358009,032,  56.35,  -3.27,  96.19,  500.26, -464.50, -500.27,-8.000,-7.469,-4.689,   0.0,  17.0, 105.0
202358016,032,  56.07,  -1.92,  89.24,  -59.94, -500.27, -500.27,-8.000,-2.174,-6.102,   0.0,  17.0, 105.0
202358026,032,  55.62,  -0.61,  82.29,  -59.94, -500.27, -500.27,-8.000,-2.174,-6.102,   0.0,  17.0, 105.0
202358037,032,  51.05,   2.06,  77.55, -450.27, -219.40, -500.27,-8.000, 5.245,-3.115,   0.0,  17.0, 105.0
202358048,032,  46.27,   4.34,  72.60, -450.27, -219.40, -500.27,-8.000, 5.245,-3.115,   0.0,  17.0, 105.0
202358065,032,  46.20,   8.34,  69.51,   27.37,   59.50, -500.27,-7.326, 5.153,-0.393,  48.0,  19.0, 112.0
202358068,032,  45.92,  12.33,  66.38,   27.37,   59.50, -500.27,-7.326, 5.153,-0.393,  48.0,  19.0, 112.0
202358074,032,  44.73,  16.16,  63.01,  -36.66,   40.92, -500.27,-4.858, 4.369, 0.062,  48.0,  19.0, 112.0
202358087,032,  43.28,  19.91,  59.49,  -36.66,   40.92, -500.27,-4.858, 4.369, 0.062,  48.0,  19.0, 112.0
202358098,032,  42.52,  22.55,  57.38,   -0.73,   64.24, -321.74,-3.054, 4.195, 0.632,  48.0,  19.0, 112.0
202358108,032,  41.64,  25.17,  55.20,   -0.73,   64.24, -321.74,-3.054, 4.195, 0.632,  48.0,  19.0, 112.0
202358118,032,  43.19,  26.81,  53.85,  212.66,   43.27, -197.88,-2.031, 4.394, 0.646,  29.0,  39.0, 113.0
202358127,032,  44.71,  28.49,  52.53,  212.66,   43.27, -197.88,-2.031, 4.394, 0.646,  29.0,  39.0, 113.0
202358138,032,  47.53,  29.12,  53.05,  254.67,   79.42,  -11.59,-1.021, 2.379, 1.568,  29.0,  39.0, 113.0
202358152,032,  50.38,  29.72,  53.61,  254.67,   79.42,  -11.59,-1.021, 2.379, 1.568,  29.0,  39.0, 113.0
202358154,032,  50.86,  28.54,  54.85,  -14.93,   10.46,  159.73, 0.025,-1.444, 0.228,  29.0,  39.0, 113.0
202358165,032,  51.32,  27.34,  56.06,  -14.93,   10.46,  159.73, 0.025,-1.444, 0.228,  29.0,  39.0, 113.0
202358175,032,  51.79,  26.03,  56.59,   21.22,  -41.74,  133.56, 0.606,-1.301,-0.750,  29.0,  39.0, 113.0
202358187,032,  52.25,  24.71,  57.11,   21.22,  -41.74,  133.56, 0.606,-1.301,-0.750,  38.0,  48.0, 108.0
202358196,032,  53.23,  23.64,  57.21,   93.24,  -54.53,   93.30, 0.847,-0.462,-0.986,  38.0,  48.0, 108.0
202358207,032,  54.21,  22.56,  57.29,   93.24,  -54.53,   93.30, 0.847,-0.462,-0.986,  38.0,  48.0, 108.0
202358217,032,  54.33,  21.55,  57.10,   18.76,  -70.93,   74.18, 0.910,-0.314,-1.114,  38.0,  48.0, 108.0
202358227,032,  54.46,  20.54,  56.91,   18.76,  -70.93,   74.18, 0.910,-0.314,-1.114,  38.0,  48.0, 108.0
202358242,032,  53.75,  19.48,  56.52,  -56.98,  -87.47,   65.45, 0.201,-0.016,-1.632,  38.0,  48.0, 108.0
202358244,032,  53.06,  18.43,  56.15,  -56.98,  -87.47,   65.45, 0.201,-0.016,-1.632,  38.0,  48.0, 108.0
202358257,032,  52.31,  17.50,  55.64,  -59.77,  -92.02,   46.44, 0.666,-0.269,-2.181,  56.0,  40.0, 103.0
202358265,032,  51.56,  16.56,  55.14,  -59.77,  -92.02,   46.44, 0.666,-0.269,-2.181,  56.0,  40.0, 103.0
202358278,032,  51.51,  15.98,  54.64,    9.11,  -69.98,   18.00, 0.693, 0.089,-2.172,  56.0,  40.0, 103.0
202358286,032,  51.47,  15.40,  54.15,    9.11,  -69.98,   18.00, 0.693, 0.089,-2.172,  56.0,  40.0, 103.0
202358296,032,  51.54,  14.99,  54.08,    9.18,  -27.56,   30.40, 0.646, 0.160,-1.842,  56.0,  40.0, 103.0
202358307,032,  51.61,  14.58,  54.02,    9.18,  -27.56,   30.40, 0.646, 0.160,-1.842,  56.0,  40.0, 103.0
202358319,032,  51.25,  14.07,  54.41,  -45.86,    0.92,   65.71, 0.632, 0.336,-1.279,  62.0,  34.0, 102.0
202358333,032,  50.88,  13.57,  54.80,  -45.86,    0.92,   65.71, 0.632, 0.336,-1.279,  62.0,  34.0, 102.0
202358337,032,  50.46,  12.99,  55.45,  -57.42,   15.31,   87.34, 0.698,-0.348,-0.500,  62.0,  34.0, 102.0
202358345,032,  50.04,  12.43,  56.11,  -57.42,   15.31,   87.34, 0.698,-0.348,-0.500,  62.0,  34.0, 102.0
202358355,032,  49.04,  12.09,  56.59, -112.09,   16.56,   59.16, 1.516, 2.226, 2.434,  62.0,  34.0, 102.0
202358371,032,  48.04,  11.77,  57.08, -112.09,   16.56,   59.16, 1.516, 2.226, 2.434,  62.0,  34.0, 102.0
202358376,032,  47.51,  10.38,  57.44,  -59.40,  -63.34,  130.06, 0.585, 1.554,-0.903,  62.0,  34.0, 102.0
202358386,032,  46.97,   8.99,  57.82,  -59.40,  -63.34,  130.06, 0.585, 1.554,-0.903,  68.0,  22.0, 101.0
202358398,032,  46.77,   8.84,  57.91,  -21.66,   -1.02,   19.74, 0.688,-0.085,-1.399,  68.0,  22.0, 101.0
202358407,032,  46.56,   8.69,  58.00,  -21.66,   -1.02,   19.74, 0.688,-0.085,-1.399,  68.0,  22.0, 101.0
202358423,032,  46.17,   8.60,  58.29,  -44.32,   16.58,   29.57, 0.671,-0.315,-0.899,  68.0,  22.0, 101.0
202358428,032,  45.77,   8.51,  58.58,  -44.32,   16.58,   29.57, 0.671,-0.315,-0.899,  68.0,  22.0, 101.0
202358436,032,  46.18,   8.59,  58.77,   38.00,   21.05,   10.03, 0.591,-0.111,-0.714,  68.0,  22.0, 101.0
202358445,032,  46.59,   8.67,  58.95,   38.00,   21.05,   10.03, 0.591,-0.111,-0.714,  68.0,  22.0, 101.0
202358455,032,  47.59,   8.88,  58.86,  101.62,   10.73,  -18.82, 0.496,-0.016,-0.953,  65.0,  26.0, 102.0
202358467,032,  48.59,   9.09,  58.78,  101.62,   10.73,  -18.82, 0.496,-0.016,-0.953,  65.0,  26.0, 102.0
202358479,032,  48.83,   9.19,  58.60,   27.53,   -3.77,  -16.06, 0.523, 0.064,-1.051,  65.0,  26.0, 102.0
202358487,032,  49.07,   9.29,  58.43,   27.53,   -3.77,  -16.06, 0.523, 0.064,-1.051,  65.0,  26.0, 102.0
202358497,032,  48.73,   9.34,  58.42,  -33.42,    5.21,   -1.73, 0.539,-0.050,-0.927,  65.0,  26.0, 102.0
202358512,032,  48.39,   9.39,  58.41,  -33.42,    5.21,   -1.73, 0.539,-0.050,-0.927,  65.0,  26.0, 102.0
202358515,032,  47.87,   9.36,  58.53,  -54.15,    9.40,   13.11, 0.505,-0.257,-0.800,  65.0,  22.0, 102.0
202358527,032,  47.36,   9.33,  58.65,  -54.15,    9.40,   13.11, 0.505,-0.257,-0.800,  65.0,  22.0, 102.0
202358538,016,  47.07,   9.34,  58.68,  -17.89,    1.45,   11.74, 0.512,-0.259,-0.933,  65.0,  22.0, 102.0
202358548,016,  46.79,   9.35,  58.70,  -17.89,    1.45,   11.74, 0.512,-0.259,-0.933,  65.0,  22.0, 102.0
202358559,032,  47.02,   9.32,  58.60,   24.78,   -5.91,   -2.20, 0.583,-0.082,-1.158,  65.0,  22.0, 102.0
202358568,032,  47.25,   9.30,  58.50,   24.78,   -5.91,   -2.20, 0.583,-0.082,-1.158,  65.0,  22.0, 102.0
202358578,016,  47.27,   9.50,  58.39,   16.21,    3.45,   -9.22, 0.549,-0.105,-0.817,  65.0,  22.0, 102.0
202358587,016,  47.29,   9.71,  58.27,   16.21,    3.45,   -9.22, 0.549,-0.105,-0.817,  65.0,  23.0, 102.0
202358603,016,  46.91,   9.88,  58.20,  -25.59,    4.98,   -4.12, 0.541,-0.135,-0.771,  65.0,  23.0, 102.0
202358605,016,  46.54,  10.06,  58.14,  -25.59,    4.98,   -4.12, 0.541,-0.135,-0.771,  65.0,  23.0, 102.0
202358616,016,  46.18,  10.16,  58.04,  -22.09,   -0.87,   -2.53, 0.511,-0.144,-0.883,  65.0,  23.0, 102.0
202358625,016,  45.82,  10.27,  57.93,  -22.09,   -0.87,   -2.53, 0.511,-0.144,-0.883,  65.0,  23.0, 102.0
202358637,032,  45.70,  10.26,  57.80,   -9.94,   -7.22,   -6.40, 0.513,-0.086,-1.225,  65.0,  23.0, 102.0
202358647,032,  45.57,  10.26,  57.66,   -9.94,   -7.22,   -6.40, 0.513,-0.086,-1.225,  65.0,  23.0, 102.0
202358657,032,  45.61,  10.33,  57.59,    4.96,    2.95,   -7.05, 0.484, 0.154,-1.042,  65.0,  23.0, 102.0
202358668,032,  45.64,  10.40,  57.52,    4.96,    2.95,   -7.05, 0.484, 0.154,-1.042,  65.0,  23.0, 102.0
202358677,016,  45.55,  10.63,  57.55,    5.80,   17.16,   -0.84, 0.495, 0.056,-0.792,  65.0,  23.0, 102.0
202358694,016,  45.47,  10.86,  57.57,    5.80,   17.16,   -0.84, 0.495, 0.056,-0.792,  65.0,  23.0, 102.0
202358698,016,  45.31,  11.00,  57.65,   -6.26,   13.22,    8.79, 0.515,-0.092,-0.768,  65.0,  23.0, 102.0
202358705,016,  45.15,  11.13,  57.73,   -6.26,   13.22,    8.79, 0.515,-0.092,-0.768,  65.0,  23.0, 102.0
202358716,016,  45.18,  11.19,  57.71,   14.66,    2.08,    4.76, 0.520,-0.192,-0.939,  64.0,  23.0, 104.0
202358725,016,  45.21,  11.25,  57.68,   14.66,    2.08,    4.76, 0.520,-0.192,-0.939,  64.0,  23.0, 104.0
202358739,032,  45.48,  11.25,  57.63,   27.60,   -0.63,   -0.78, 0.518,-0.137,-1.082,  64.0,  23.0, 104.0
202358747,032,  45.75,  11.25,  57.58,   27.60,   -0.63,   -0.78, 0.518,-0.137,-1.082,  64.0,  23.0, 104.0
202358761,016,  45.70,  11.42,  57.53,    8.27,    6.24,   -2.50, 0.538,-0.070,-0.820,  64.0,  23.0, 104.0
202358769,016,  45.65,  11.58,  57.47,    8.27,    6.24,   -2.50, 0.538,-0.070,-0.820,  64.0,  23.0, 104.0
202358782,016,  45.36,  11.73,  57.48,  -17.54,    9.45,    2.63, 0.545,-0.083,-0.804,  64.0,  23.0, 104.0
202358786,016,  45.07,  11.88,  57.49,  -17.54,    9.45,    2.63, 0.545,-0.083,-0.804,  63.0,  24.0, 103.0
202358795,000,  43.87,  12.91,  57.06,    7.48,    5.18,    3.65, 0.534,-0.100,-0.781,  63.0,  24.0, 103.0
202358807,000,  42.75,  13.86,  56.65,    7.48,    5.18,    3.65, 0.534,-0.100,-0.781,  63.0,  24.0, 103.0
202358816,032,  43.00,  13.84,  56.61,   24.99,   -1.68,    2.23, 0.543,-0.184,-0.972,  63.0,  24.0, 103.0
202358826,032,  43.24,  13.81,  56.57,   24.99,   -1.68,    2.23, 0.543,-0.184,-0.972,  63.0,  24.0, 103.0
202358839,032,  43.38,  13.75,  56.50,   15.48,   -6.20,    1.10, 0.577,-0.146,-1.212,  63.0,  24.0, 103.0
202358848,032,  43.52,  13.70,  56.42,   15.48,   -6.20,    1.10, 0.577,-0.146,-1.212,  64.0,  26.0, 102.0
202358858,000,  42.38,  14.51,  55.98,    0.02,    5.44,    0.20, 0.533,-0.130,-0.864,  64.0,  26.0, 102.0
202358872,000,  41.31,  15.25,  55.56,    0.02,    5.44,    0.20, 0.533,-0.130,-0.864,  64.0,  26.0, 102.0
202358875,016,  41.07,  15.39,  55.55,  -13.83,   10.06,    1.18, 0.530, 0.019,-0.785,  64.0,  26.0, 102.0
202358888,016,  40.84,  15.53,  55.54,  -13.83,   10.06,    1.18, 0.530, 0.019,-0.785,  64.0,  26.0, 102.0
202358895,016,  40.64,  15.59,  55.52,  -10.69,    3.40,    5.25, 0.517,-0.063,-0.841,  64.0,  26.0, 102.0
202358905,016,  40.44,  15.64,  55.50,  -10.69,    3.40,    5.25, 0.517,-0.063,-0.841,  64.0,  26.0, 102.0
202358919,032,  40.51,  15.56,  55.49,    7.04,   -3.83,    7.16, 0.542,-0.166,-1.007,  63.0,  26.0, 102.0
202358927,032,  40.59,  15.48,  55.47,    7.04,   -3.83,    7.16, 0.542,-0.166,-1.007,  63.0,  26.0, 102.0
202358937,032,  40.73,  15.43,  55.46,   14.32,   -1.33,    5.01, 0.551,-0.131,-1.000,  63.0,  26.0, 102.0
202358947,032,  40.88,  15.39,  55.45,   14.32,   -1.33,    5.01, 0.551,-0.131,-1.000,  63.0,  26.0, 102.0
202358963,016,  40.87,  15.47,  55.40,   10.69,    4.27,    3.10, 0.547, 0.065,-0.885,  63.0,  26.0, 102.0
202358969,016,  40.86,  15.54,  55.36,   10.69,    4.27,    3.10, 0.547, 0.065,-0.885,  63.0,  26.0, 102.0
202358977,000,  39.69,  16.31,  54.92,    1.25,    6.24,    6.95, 0.530, 0.020,-0.789,  63.0,  26.0, 102.0
202358986,000,  38.58,  17.02,  54.49,    1.25,    6.24,    6.95, 0.530, 0.020,-0.789,  63.0,  26.0, 103.0
202358995,016,  38.65,  16.99,  54.54,   11.40,    1.13,   14.03, 0.537,-0.146,-0.835,  63.0,  26.0, 103.0
202359006,016,  38.72,  16.96,  54.59,   11.40,    1.13,   14.03, 0.537,-0.146,-0.835,  63.0,  26.0, 103.0
202359017,016,  38.82,  16.87,  54.59,   15.57,   -6.11,   14.31, 0.560,-0.236,-0.914,  63.0,  26.0, 103.0
202359029,016,  38.93,  16.77,  54.60,   15.57,   -6.11,   14.31, 0.560,-0.236,-0.914,  63.0,  26.0, 103.0
202359039,032,  38.98,  16.63,  54.60,    3.74,   -8.40,   11.91, 0.596,-0.296,-1.034,  63.0,  26.0, 103.0
202359053,032,  39.03,  16.49,  54.60,    3.74,   -8.40,   11.91, 0.596,-0.296,-1.034,  65.0,  27.0, 102.0
202359057,016,  38.87,  16.49,  54.58,   -9.60,   -0.96,    7.10, 0.548,-0.172,-0.840,  65.0,  27.0, 102.0
202359065,016,  38.71,  16.49,  54.56,   -9.60,   -0.96,    7.10, 0.548,-0.172,-0.840,  65.0,  27.0, 102.0
202359076,016,  38.52,  16.53,  54.53,  -12.64,    1.80,    4.61, 0.534,-0.127,-0.809,  65.0,  27.0, 102.0
202359088,016,  38.32,  16.57,  54.51,  -12.64,    1.80,    4.61, 0.534,-0.127,-0.809,  65.0,  27.0, 102.0
202359097,016,  38.17,  16.55,  54.45,   -8.47,   -3.94,    5.02, 0.542,-0.173,-0.833,  65.0,  27.0, 102.0
202359106,016,  38.02,  16.54,  54.39,   -8.47,   -3.94,    5.02, 0.542,-0.173,-0.833,  65.0,  27.0, 102.0
202359120,032,  37.99,  16.46,  54.31,   -1.54,   -8.96,    2.26, 0.562,-0.211,-0.923,  65.0,  26.0, 102.0
202359127,032,  37.96,  16.37,  54.23,   -1.54,   -8.96,    2.26, 0.562,-0.211,-0.923,  65.0,  26.0, 102.0
202359142,000,  36.98,  16.89,  53.71,    2.96,   -9.25,   -1.89, 0.550,-0.051,-0.890,  65.0,  26.0, 102.0
202359145,000,  36.07,  17.36,  53.21,    2.96,   -9.25,   -1.89, 0.550,-0.051,-0.890,  65.0,  26.0, 102.0
202359157,032,  36.03,  17.30,  53.11,   -1.91,   -7.76,   -1.05, 0.542,-0.092,-1.049,  65.0,  26.0, 102.0
202359166,032,  35.99,  17.24,  53.01,   -1.91,   -7.76,   -1.05, 0.542,-0.092,-1.049,  65.0,  26.0, 102.0
202359176,032,  35.92,  17.21,  52.95,   -6.23,   -3.02,    0.43, 0.515,-0.146,-1.013,  65.0,  26.0, 102.0
202359187,032,  35.84,  17.17,  52.88,   -6.23,   -3.02,    0.43, 0.515,-0.146,-1.013,  66.0,  26.0, 102.0
202359199,032,  35.89,  17.16,  52.84,    4.56,   -0.35,    0.60, 0.525,-0.105,-1.054,  66.0,  26.0, 102.0
202359206,032,  35.93,  17.15,  52.80,    4.56,   -0.35,    0.60, 0.525,-0.105,-1.054,  66.0,  26.0, 102.0
202359219,016,  35.97,  17.21,  52.76,   11.07,    3.37,    1.76, 0.546,-0.102,-0.872,  66.0,  26.0, 102.0
202359233,016,  36.01,  17.27,  52.72,   11.07,    3.37,    1.76, 0.546,-0.102,-0.872,  66.0,  26.0, 102.0
202359235,016,  35.97,  17.31,  52.69,    3.25,    2.18,    4.20, 0.543,-0.033,-0.900,  66.0,  26.0, 102.0
202359246,016,  35.93,  17.34,  52.66,    3.25,    2.18,    4.20, 0.543,-0.033,-0.900,  66.0,  26.0, 101.0
202359255,016,  35.79,  17.36,  52.66,   -8.78,    1.86,    7.28, 0.524,-0.141,-0.882,  66.0,  26.0, 101.0
202359266,016,  35.65,  17.37,  52.66,   -8.78,    1.86,    7.28, 0.524,-0.141,-0.882,  66.0,  26.0, 101.0
202359276,016,  35.46,  17.34,  52.70,  -17.15,    0.85,   10.96, 0.530,-0.279,-0.899,  66.0,  26.0, 101.0
202359288,016,  35.27,  17.32,  52.73,  -17.15,    0.85,   10.96, 0.530,-0.279,-0.899,  66.0,  26.0, 101.0
202359297,032,  35.19,  17.25,  52.73,   -9.01,   -2.64,    7.16, 0.553,-0.244,-0.927,  66.0,  26.0, 101.0
202359307,032,  35.11,  17.18,  52.74,   -9.01,   -2.64,    7.16, 0.553,-0.244,-0.927,  66.0,  26.0, 101.0
202359322,000,  34.44,  17.66,  52.39,    7.65,   -3.34,    0.78, 0.551,-0.126,-0.876,  67.0,  25.0, 101.0
202359325,000,  33.81,  18.10,  52.06,    7.65,   -3.34,    0.78, 0.551,-0.126,-0.876,  67.0,  25.0, 101.0
202359340,032,  33.86,  18.08,  51.96,    7.69,   -4.58,   -3.24, 0.526, 0.074,-0.999,  67.0,  25.0, 101.0
202359345,032,  33.92,  18.05,  51.86,    7.69,   -4.58,   -3.24, 0.526, 0.074,-0.999,  67.0,  25.0, 101.0
202359359,032,  33.83,  18.04,  51.80,   -8.11,   -0.87,   -0.69, 0.502,-0.092,-0.984,  67.0,  25.0, 101.0 